"date","station_id","test_name","unit","value"
"04/09/1973","S65E","ALKALINITY, TOT, CACO3","mg/L",211
"04/16/1973","S65E","ALKALINITY, TOT, CACO3","mg/L",20.5
"04/23/1973","S65E","ALKALINITY, TOT, CACO3","mg/L",21.5
"04/30/1973","S65E","ALKALINITY, TOT, CACO3","mg/L",26.5
"05/07/1973","S65E","ALKALINITY, TOT, CACO3","mg/L",31.5
"05/14/1973","S65E","ALKALINITY, TOT, CACO3","mg/L",23
"05/21/1973","S65E","ALKALINITY, TOT, CACO3","mg/L",19.5
"05/29/1973","S65E","ALKALINITY, TOT, CACO3","mg/L",16.5
"06/04/1973","S65E","ALKALINITY, TOT, CACO3","mg/L",28
"06/11/1973","S65E","ALKALINITY, TOT, CACO3","mg/L",26.5
"06/18/1973","S65E","ALKALINITY, TOT, CACO3","mg/L",24.5
"06/25/1973","S65E","ALKALINITY, TOT, CACO3","mg/L",27
"07/02/1973","S65E","ALKALINITY, TOT, CACO3","mg/L",28.5
"07/09/1973","S65E","ALKALINITY, TOT, CACO3","mg/L",32.5
"07/16/1973","S65E","ALKALINITY, TOT, CACO3","mg/L",30.5
"07/23/1973","S65E","ALKALINITY, TOT, CACO3","mg/L",31
"07/30/1973","S65E","ALKALINITY, TOT, CACO3","mg/L",29
"08/06/1973","S65E","ALKALINITY, TOT, CACO3","mg/L",13
"08/13/1973","S65E","ALKALINITY, TOT, CACO3","mg/L",7.5
"08/20/1973","S65E","ALKALINITY, TOT, CACO3","mg/L",22.5
"08/27/1973","S65E","ALKALINITY, TOT, CACO3","mg/L",9
"09/04/1973","S65E","ALKALINITY, TOT, CACO3","mg/L",23
"09/10/1973","S65E","ALKALINITY, TOT, CACO3","mg/L",20.5
"09/17/1973","S65E","ALKALINITY, TOT, CACO3","mg/L",21
"09/24/1973","S65E","ALKALINITY, TOT, CACO3","mg/L",24
"10/01/1973","S65E","ALKALINITY, TOT, CACO3","mg/L",5.5
"10/08/1973","S65E","ALKALINITY, TOT, CACO3","mg/L",21.5
"10/15/1973","S65E","ALKALINITY, TOT, CACO3","mg/L",22.5
"10/23/1973","S65E","ALKALINITY, TOT, CACO3","mg/L",23
"10/29/1973","S65E","ALKALINITY, TOT, CACO3","mg/L",25
"11/12/1973","S65E","ALKALINITY, TOT, CACO3","mg/L",30
"11/13/1973","S65E","ALKALINITY, TOT, CACO3","mg/L",50
"11/26/1973","S65E","ALKALINITY, TOT, CACO3","mg/L",29
"12/03/1973","S65E","ALKALINITY, TOT, CACO3","mg/L",10
"12/05/1973","S65E","ALKALINITY, TOT, CACO3","mg/L",27
"12/10/1973","S65E","ALKALINITY, TOT, CACO3","mg/L",30
"12/11/1973","S65E","ALKALINITY, TOT, CACO3","mg/L",90
"12/17/1973","S65E","ALKALINITY, TOT, CACO3","mg/L",30
"01/02/1974","S65E","ALKALINITY, TOT, CACO3","mg/L",10
"01/08/1974","S65E","ALKALINITY, TOT, CACO3","mg/L",34.5
"01/14/1974","S65E","ALKALINITY, TOT, CACO3","mg/L",6
"02/11/1974","S65E","ALKALINITY, TOT, CACO3","mg/L",15
"02/12/1974","S65E","ALKALINITY, TOT, CACO3","mg/L",49.5
"02/25/1974","S65E","ALKALINITY, TOT, CACO3","mg/L",21
"03/05/1974","S65E","ALKALINITY, TOT, CACO3","mg/L",36.25
"03/11/1974","S65E","ALKALINITY, TOT, CACO3","mg/L",50.5
"03/25/1974","S65E","ALKALINITY, TOT, CACO3","mg/L",35
"04/02/1974","S65E","ALKALINITY, TOT, CACO3","mg/L",23.5
"04/08/1974","S65E","ALKALINITY, TOT, CACO3","mg/L",58.5
"04/22/1974","S65E","ALKALINITY, TOT, CACO3","mg/L",16
"05/07/1974","S65E","ALKALINITY, TOT, CACO3","mg/L",37.5
"05/13/1974","S65E","ALKALINITY, TOT, CACO3","mg/L",29
"05/28/1974","S65E","ALKALINITY, TOT, CACO3","mg/L",43
"06/10/1974","S65E","ALKALINITY, TOT, CACO3","mg/L",42
"06/11/1974","S65E","ALKALINITY, TOT, CACO3","mg/L",47.75
"06/24/1974","S65E","ALKALINITY, TOT, CACO3","mg/L",36
"07/08/1974","S65E","ALKALINITY, TOT, CACO3","mg/L",10
"07/09/1974","S65E","ALKALINITY, TOT, CACO3","mg/L",1.75
"07/22/1974","S65E","ALKALINITY, TOT, CACO3","mg/L",6.5
"08/13/1974","S65E","ALKALINITY, TOT, CACO3","mg/L",14.5
"08/19/1974","S65E","ALKALINITY, TOT, CACO3","mg/L",14
"09/03/1974","S65E","ALKALINITY, TOT, CACO3","mg/L",5
"09/10/1974","S65E","ALKALINITY, TOT, CACO3","mg/L",12
"09/16/1974","S65E","ALKALINITY, TOT, CACO3","mg/L",13
"09/30/1974","S65E","ALKALINITY, TOT, CACO3","mg/L",24.5
"10/08/1974","S65E","ALKALINITY, TOT, CACO3","mg/L",20
"10/14/1974","S65E","ALKALINITY, TOT, CACO3","mg/L",19
"10/28/1974","S65E","ALKALINITY, TOT, CACO3","mg/L",16.5
"11/05/1974","S65E","ALKALINITY, TOT, CACO3","mg/L",24
"11/12/1974","S65E","ALKALINITY, TOT, CACO3","mg/L",19
"12/10/1974","S65E","ALKALINITY, TOT, CACO3","mg/L",-5
"01/07/1975","S65E","ALKALINITY, TOT, CACO3","mg/L",33.75
"02/04/1975","S65E","ALKALINITY, TOT, CACO3","mg/L",48.75
"03/05/1975","S65E","ALKALINITY, TOT, CACO3","mg/L",62.5
"04/08/1975","S65E","ALKALINITY, TOT, CACO3","mg/L",46.5
"05/06/1975","S65E","ALKALINITY, TOT, CACO3","mg/L",7.5
"06/03/1975","S65E","ALKALINITY, TOT, CACO3","mg/L",17
"07/15/1975","S65E","ALKALINITY, TOT, CACO3","mg/L",25.75
"08/12/1975","S65E","ALKALINITY, TOT, CACO3","mg/L",32.25
"09/12/1975","S65E","ALKALINITY, TOT, CACO3","mg/L",13.25
"10/27/1975","S65E","ALKALINITY, TOT, CACO3","mg/L",14.5
"10/28/1975","S65E","ALKALINITY, TOT, CACO3","mg/L",23.25
"11/18/1975","S65E","ALKALINITY, TOT, CACO3","mg/L",23.5
"02/12/1976","S65E","ALKALINITY, TOT, CACO3","mg/L",31
"05/11/1976","S65E","ALKALINITY, TOT, CACO3","mg/L",31.25
"06/22/1976","S65E","ALKALINITY, TOT, CACO3","mg/L",33
"06/25/1976","S65E","ALKALINITY, TOT, CACO3","mg/L",26.5
"07/20/1976","S65E","ALKALINITY, TOT, CACO3","mg/L",28
"08/24/1976","S65E","ALKALINITY, TOT, CACO3","mg/L",12.75
"09/21/1976","S65E","ALKALINITY, TOT, CACO3","mg/L",26.5
"10/19/1976","S65E","ALKALINITY, TOT, CACO3","mg/L",23.5
"12/06/1976","S65E","ALKALINITY, TOT, CACO3","mg/L",47
"01/25/1977","S65E","ALKALINITY, TOT, CACO3","mg/L",25.25
"03/21/1977","S65E","ALKALINITY, TOT, CACO3","mg/L",20
"05/23/1977","S65E","ALKALINITY, TOT, CACO3","mg/L",42.25
"07/25/1977","S65E","ALKALINITY, TOT, CACO3","mg/L",45.25
"09/20/1977","S65E","ALKALINITY, TOT, CACO3","mg/L",56
"12/01/1977","S65E","ALKALINITY, TOT, CACO3","mg/L",49.75
"01/24/1978","S65E","ALKALINITY, TOT, CACO3","mg/L",37
"03/21/1978","S65E","ALKALINITY, TOT, CACO3","mg/L",16.5
"05/30/1978","S65E","ALKALINITY, TOT, CACO3","mg/L",27
"06/21/1978","S65E","ALKALINITY, TOT, CACO3","mg/L",20.5
"07/25/1978","S65E","ALKALINITY, TOT, CACO3","mg/L",21.25
"08/22/1978","S65E","ALKALINITY, TOT, CACO3","mg/L",16.75
"09/18/1978","S65E","ALKALINITY, TOT, CACO3","mg/L",18.75
"10/09/1978","S65E","ALKALINITY, TOT, CACO3","mg/L",24.5
"10/17/1978","S65E","ALKALINITY, TOT, CACO3","mg/L",22.75
"10/23/1978","S65E","ALKALINITY, TOT, CACO3","mg/L",27
"11/14/1978","S65E","ALKALINITY, TOT, CACO3","mg/L",26
"11/20/1978","S65E","ALKALINITY, TOT, CACO3","mg/L",246.5
"12/04/1978","S65E","ALKALINITY, TOT, CACO3","mg/L",28.5
"12/12/1978","S65E","ALKALINITY, TOT, CACO3","mg/L",24.5
"12/19/1978","S65E","ALKALINITY, TOT, CACO3","mg/L",26.5
"01/08/1979","S65E","ALKALINITY, TOT, CACO3","mg/L",26.5
"01/22/1979","S65E","ALKALINITY, TOT, CACO3","mg/L",21
"01/23/1979","S65E","ALKALINITY, TOT, CACO3","mg/L",19.75
"02/05/1979","S65E","ALKALINITY, TOT, CACO3","mg/L",19
"02/20/1979","S65E","ALKALINITY, TOT, CACO3","mg/L",22.3333333333333
"03/05/1979","S65E","ALKALINITY, TOT, CACO3","mg/L",24
"03/19/1979","S65E","ALKALINITY, TOT, CACO3","mg/L",27.5
"04/02/1979","S65E","ALKALINITY, TOT, CACO3","mg/L",23.5
"04/16/1979","S65E","ALKALINITY, TOT, CACO3","mg/L",27.5
"04/24/1979","S65E","ALKALINITY, TOT, CACO3","mg/L",35.75
"04/30/1979","S65E","ALKALINITY, TOT, CACO3","mg/L",30.1666666666667
"05/14/1979","S65E","ALKALINITY, TOT, CACO3","mg/L",39.5
"05/22/1979","S65E","ALKALINITY, TOT, CACO3","mg/L",29
"05/29/1979","S65E","ALKALINITY, TOT, CACO3","mg/L",10
"06/11/1979","S65E","ALKALINITY, TOT, CACO3","mg/L",25
"06/18/1979","S65E","ALKALINITY, TOT, CACO3","mg/L",19.5
"06/25/1979","S65E","ALKALINITY, TOT, CACO3","mg/L",31.5
"07/09/1979","S65E","ALKALINITY, TOT, CACO3","mg/L",29
"07/17/1979","S65E","ALKALINITY, TOT, CACO3","mg/L",26.5
"07/23/1979","S65E","ALKALINITY, TOT, CACO3","mg/L",52
"08/06/1979","S65E","ALKALINITY, TOT, CACO3","mg/L",31.5
"08/20/1979","S65E","ALKALINITY, TOT, CACO3","mg/L",33
"08/21/1979","S65E","ALKALINITY, TOT, CACO3","mg/L",27
"09/05/1979","S65E","ALKALINITY, TOT, CACO3","mg/L",26.5
"09/18/1979","S65E","ALKALINITY, TOT, CACO3","mg/L",19
"10/01/1979","S65E","ALKALINITY, TOT, CACO3","mg/L",24.5
"10/02/1979","S65E","ALKALINITY, TOT, CACO3","mg/L",-5
"10/15/1979","S65E","ALKALINITY, TOT, CACO3","mg/L",25
"10/29/1979","S65E","ALKALINITY, TOT, CACO3","mg/L",28
"11/13/1979","S65E","ALKALINITY, TOT, CACO3","mg/L",21.5
"12/11/1979","S65E","ALKALINITY, TOT, CACO3","mg/L",23.5
"01/08/1980","S65E","ALKALINITY, TOT, CACO3","mg/L",32.5
"01/22/1980","S65E","ALKALINITY, TOT, CACO3","mg/L",25
"02/19/1980","S65E","ALKALINITY, TOT, CACO3","mg/L",24
"03/04/1980","S65E","ALKALINITY, TOT, CACO3","mg/L",32
"03/18/1980","S65E","ALKALINITY, TOT, CACO3","mg/L",28.5
"04/02/1980","S65E","ALKALINITY, TOT, CACO3","mg/L",32
"04/16/1980","S65E","ALKALINITY, TOT, CACO3","mg/L",37.5
"04/30/1980","S65E","ALKALINITY, TOT, CACO3","mg/L",32.5
"05/12/1980","S65E","ALKALINITY, TOT, CACO3","mg/L",29.5
"05/13/1980","S65E","ALKALINITY, TOT, CACO3","mg/L",35
"05/28/1980","S65E","ALKALINITY, TOT, CACO3","mg/L",35.5
"06/09/1980","S65E","ALKALINITY, TOT, CACO3","mg/L",28.75
"06/25/1980","S65E","ALKALINITY, TOT, CACO3","mg/L",34.5
"07/07/1980","S65E","ALKALINITY, TOT, CACO3","mg/L",36.5
"07/08/1980","S65E","ALKALINITY, TOT, CACO3","mg/L",39
"07/24/1980","S65E","ALKALINITY, TOT, CACO3","mg/L",33.5
"08/04/1980","S65E","ALKALINITY, TOT, CACO3","mg/L",34.75
"08/20/1980","S65E","ALKALINITY, TOT, CACO3","mg/L",44.5
"09/03/1980","S65E","ALKALINITY, TOT, CACO3","mg/L",38.5
"09/17/1980","S65E","ALKALINITY, TOT, CACO3","mg/L",28
"09/30/1980","S65E","ALKALINITY, TOT, CACO3","mg/L",31
"10/01/1980","S65E","ALKALINITY, TOT, CACO3","mg/L",28
"10/14/1980","S65E","ALKALINITY, TOT, CACO3","mg/L",39
"10/28/1980","S65E","ALKALINITY, TOT, CACO3","mg/L",35
"10/29/1980","S65E","ALKALINITY, TOT, CACO3","mg/L",30.5
"11/12/1980","S65E","ALKALINITY, TOT, CACO3","mg/L",40
"11/25/1980","S65E","ALKALINITY, TOT, CACO3","mg/L",35.5
"12/02/1980","S65E","ALKALINITY, TOT, CACO3","mg/L",25
"12/23/1980","S65E","ALKALINITY, TOT, CACO3","mg/L",32
"12/31/1980","S65E","ALKALINITY, TOT, CACO3","mg/L",21.5
"01/14/1981","S65E","ALKALINITY, TOT, CACO3","mg/L",38
"01/20/1981","S65E","ALKALINITY, TOT, CACO3","mg/L",37
"01/27/1981","S65E","ALKALINITY, TOT, CACO3","mg/L",37
"02/11/1981","S65E","ALKALINITY, TOT, CACO3","mg/L",41
"02/17/1981","S65E","ALKALINITY, TOT, CACO3","mg/L",39.5
"02/24/1981","S65E","ALKALINITY, TOT, CACO3","mg/L",45.5
"03/11/1981","S65E","ALKALINITY, TOT, CACO3","mg/L",42
"03/16/1981","S65E","ALKALINITY, TOT, CACO3","mg/L",37
"03/24/1981","S65E","ALKALINITY, TOT, CACO3","mg/L",42.5
"04/08/1981","S65E","ALKALINITY, TOT, CACO3","mg/L",42
"04/13/1981","S65E","ALKALINITY, TOT, CACO3","mg/L",47
"04/21/1981","S65E","ALKALINITY, TOT, CACO3","mg/L",50
"05/06/1981","S65E","ALKALINITY, TOT, CACO3","mg/L",52.5
"05/11/1981","S65E","ALKALINITY, TOT, CACO3","mg/L",52
"05/19/1981","S65E","ALKALINITY, TOT, CACO3","mg/L",50
"06/02/1981","S65E","ALKALINITY, TOT, CACO3","mg/L",49.5
"06/08/1981","S65E","ALKALINITY, TOT, CACO3","mg/L",50
"06/17/1981","S65E","ALKALINITY, TOT, CACO3","mg/L",50
"06/30/1981","S65E","ALKALINITY, TOT, CACO3","mg/L",45
"07/06/1981","S65E","ALKALINITY, TOT, CACO3","mg/L",45.5
"07/16/1981","S65E","ALKALINITY, TOT, CACO3","mg/L",44
"07/28/1981","S65E","ALKALINITY, TOT, CACO3","mg/L",52.5
"08/03/1981","S65E","ALKALINITY, TOT, CACO3","mg/L",49.5
"08/12/1981","S65E","ALKALINITY, TOT, CACO3","mg/L",52.5
"08/25/1981","S65E","ALKALINITY, TOT, CACO3","mg/L",53.5
"08/31/1981","S65E","ALKALINITY, TOT, CACO3","mg/L",51
"09/10/1981","S65E","ALKALINITY, TOT, CACO3","mg/L",55.5
"09/23/1981","S65E","ALKALINITY, TOT, CACO3","mg/L",26
"09/28/1981","S65E","ALKALINITY, TOT, CACO3","mg/L",19
"10/06/1981","S65E","ALKALINITY, TOT, CACO3","mg/L",31
"10/20/1981","S65E","ALKALINITY, TOT, CACO3","mg/L",30
"10/26/1981","S65E","ALKALINITY, TOT, CACO3","mg/L",25.5
"11/04/1981","S65E","ALKALINITY, TOT, CACO3","mg/L",26.5
"11/23/1981","S65E","ALKALINITY, TOT, CACO3","mg/L",26
"12/02/1981","S65E","ALKALINITY, TOT, CACO3","mg/L",29.5
"12/21/1981","S65E","ALKALINITY, TOT, CACO3","mg/L",27.5
"12/29/1981","S65E","ALKALINITY, TOT, CACO3","mg/L",31.5
"01/18/1982","S65E","ALKALINITY, TOT, CACO3","mg/L",28.5
"02/16/1982","S65E","ALKALINITY, TOT, CACO3","mg/L",42
"02/24/1982","S65E","ALKALINITY, TOT, CACO3","mg/L",44
"03/09/1982","S65E","ALKALINITY, TOT, CACO3","mg/L",55.5
"03/15/1982","S65E","ALKALINITY, TOT, CACO3","mg/L",38.5
"04/12/1982","S65E","ALKALINITY, TOT, CACO3","mg/L",43
"04/19/1982","S65E","ALKALINITY, TOT, CACO3","mg/L",40.5
"05/10/1982","S65E","ALKALINITY, TOT, CACO3","mg/L",30.3333333333333
"05/18/1982","S65E","ALKALINITY, TOT, CACO3","mg/L",43
"06/01/1982","S65E","ALKALINITY, TOT, CACO3","mg/L",38
"06/07/1982","S65E","ALKALINITY, TOT, CACO3","mg/L",24.5
"06/14/1982","S65E","ALKALINITY, TOT, CACO3","mg/L",24
"07/01/1982","S65E","ALKALINITY, TOT, CACO3","mg/L",20.5
"07/07/1982","S65E","ALKALINITY, TOT, CACO3","mg/L",30.5
"07/12/1982","S65E","ALKALINITY, TOT, CACO3","mg/L",35
"07/27/1982","S65E","ALKALINITY, TOT, CACO3","mg/L",30.5
"08/02/1982","S65E","ALKALINITY, TOT, CACO3","mg/L",34.5
"08/09/1982","S65E","ALKALINITY, TOT, CACO3","mg/L",28
"08/25/1982","S65E","ALKALINITY, TOT, CACO3","mg/L",26.5
"09/01/1982","S65E","ALKALINITY, TOT, CACO3","mg/L",28.5
"09/09/1982","S65E","ALKALINITY, TOT, CACO3","mg/L",27.5
"09/21/1982","S65E","ALKALINITY, TOT, CACO3","mg/L",22.5
"09/27/1982","S65E","ALKALINITY, TOT, CACO3","mg/L",16
"10/05/1982","S65E","ALKALINITY, TOT, CACO3","mg/L",18
"10/20/1982","S65E","ALKALINITY, TOT, CACO3","mg/L",19.8333333333333
"10/26/1982","S65E","ALKALINITY, TOT, CACO3","mg/L",21.3333333333333
"11/01/1982","S65E","ALKALINITY, TOT, CACO3","mg/L",26
"11/22/1982","S65E","ALKALINITY, TOT, CACO3","mg/L",24
"12/06/1982","S65E","ALKALINITY, TOT, CACO3","mg/L",27
"12/20/1982","S65E","ALKALINITY, TOT, CACO3","mg/L",27
"12/22/1982","S65E","ALKALINITY, TOT, CACO3","mg/L",26.5
"01/04/1983","S65E","ALKALINITY, TOT, CACO3","mg/L",29.5
"01/18/1983","S65E","ALKALINITY, TOT, CACO3","mg/L",26
"01/19/1983","S65E","ALKALINITY, TOT, CACO3","mg/L",28
"02/01/1983","S65E","ALKALINITY, TOT, CACO3","mg/L",34.5
"02/15/1983","S65E","ALKALINITY, TOT, CACO3","mg/L",23.5
"02/17/1983","S65E","ALKALINITY, TOT, CACO3","mg/L",24.5
"03/02/1983","S65E","ALKALINITY, TOT, CACO3","mg/L",20
"03/15/1983","S65E","ALKALINITY, TOT, CACO3","mg/L",20.5
"03/17/1983","S65E","ALKALINITY, TOT, CACO3","mg/L",21.5
"03/29/1983","S65E","ALKALINITY, TOT, CACO3","mg/L",22
"04/14/1983","S65E","ALKALINITY, TOT, CACO3","mg/L",20.3333333333333
"04/15/1983","S65E","ALKALINITY, TOT, CACO3","mg/L",21
"04/26/1983","S65E","ALKALINITY, TOT, CACO3","mg/L",18.5
"05/11/1983","S65E","ALKALINITY, TOT, CACO3","mg/L",18.5
"05/12/1983","S65E","ALKALINITY, TOT, CACO3","mg/L",20.5
"05/24/1983","S65E","ALKALINITY, TOT, CACO3","mg/L",21
"06/07/1983","S65E","ALKALINITY, TOT, CACO3","mg/L",34.5
"06/09/1983","S65E","ALKALINITY, TOT, CACO3","mg/L",23
"06/21/1983","S65E","ALKALINITY, TOT, CACO3","mg/L",27
"07/06/1983","S65E","ALKALINITY, TOT, CACO3","mg/L",30.5
"07/07/1983","S65E","ALKALINITY, TOT, CACO3","mg/L",29.5
"07/19/1983","S65E","ALKALINITY, TOT, CACO3","mg/L",19.5
"08/02/1983","S65E","ALKALINITY, TOT, CACO3","mg/L",24.5
"08/03/1983","S65E","ALKALINITY, TOT, CACO3","mg/L",24.5
"08/16/1983","S65E","ALKALINITY, TOT, CACO3","mg/L",24
"08/30/1983","S65E","ALKALINITY, TOT, CACO3","mg/L",28.5
"09/01/1983","S65E","ALKALINITY, TOT, CACO3","mg/L",28.5
"09/12/1983","S65E","ALKALINITY, TOT, CACO3","mg/L",29
"09/27/1983","S65E","ALKALINITY, TOT, CACO3","mg/L",21.5
"09/28/1983","S65E","ALKALINITY, TOT, CACO3","mg/L",21.1666666666667
"10/10/1983","S65E","ALKALINITY, TOT, CACO3","mg/L",22.5
"10/25/1983","S65E","ALKALINITY, TOT, CACO3","mg/L",29
"10/28/1983","S65E","ALKALINITY, TOT, CACO3","mg/L",31
"11/08/1983","S65E","ALKALINITY, TOT, CACO3","mg/L",35
"11/16/1983","S65E","ALKALINITY, TOT, CACO3","mg/L",33
"11/21/1983","S65E","ALKALINITY, TOT, CACO3","mg/L",36
"12/20/1983","S65E","ALKALINITY, TOT, CACO3","mg/L",38.5
"12/29/1983","S65E","ALKALINITY, TOT, CACO3","mg/L",23
"01/04/1984","S65E","ALKALINITY, TOT, CACO3","mg/L",27
"01/17/1984","S65E","ALKALINITY, TOT, CACO3","mg/L",25.5
"01/25/1984","S65E","ALKALINITY, TOT, CACO3","mg/L",23.4
"01/31/1984","S65E","ALKALINITY, TOT, CACO3","mg/L",24.9
"02/14/1984","S65E","ALKALINITY, TOT, CACO3","mg/L",22.4
"02/23/1984","S65E","ALKALINITY, TOT, CACO3","mg/L",23.4
"02/29/1984","S65E","ALKALINITY, TOT, CACO3","mg/L",24.9
"03/13/1984","S65E","ALKALINITY, TOT, CACO3","mg/L",22.8
"03/21/1984","S65E","ALKALINITY, TOT, CACO3","mg/L",25.8
"03/27/1984","S65E","ALKALINITY, TOT, CACO3","mg/L",26.3
"04/09/1984","S65E","ALKALINITY, TOT, CACO3","mg/L",10.7
"04/18/1984","S65E","ALKALINITY, TOT, CACO3","mg/L",22.7
"05/31/1984","S65E","ALKALINITY, TOT, CACO3","mg/L",24.1
"06/04/1984","S65E","ALKALINITY, TOT, CACO3","mg/L",24.1
"06/19/1984","S65E","ALKALINITY, TOT, CACO3","mg/L",30.8
"06/27/1984","S65E","ALKALINITY, TOT, CACO3","mg/L",29.1
"07/31/1984","S65E","ALKALINITY, TOT, CACO3","mg/L",17.2
"08/13/1984","S65E","ALKALINITY, TOT, CACO3","mg/L",25.8
"08/22/1984","S65E","ALKALINITY, TOT, CACO3","mg/L",26.1
"08/27/1984","S65E","ALKALINITY, TOT, CACO3","mg/L",26.3
"09/10/1984","S65E","ALKALINITY, TOT, CACO3","mg/L",23.8
"09/21/1984","S65E","ALKALINITY, TOT, CACO3","mg/L",34.9
"09/25/1984","S65E","ALKALINITY, TOT, CACO3","mg/L",13.9
"10/09/1984","S65E","ALKALINITY, TOT, CACO3","mg/L",32.6
"10/23/1984","S65E","ALKALINITY, TOT, CACO3","mg/L",34.9
"10/30/1984","S65E","ALKALINITY, TOT, CACO3","mg/L",35.8
"11/06/1984","S65E","ALKALINITY, TOT, CACO3","mg/L",40.4
"11/14/1984","S65E","ALKALINITY, TOT, CACO3","mg/L",27.3
"12/04/1984","S65E","ALKALINITY, TOT, CACO3","mg/L",30.2
"12/18/1984","S65E","ALKALINITY, TOT, CACO3","mg/L",33.8
"12/27/1984","S65E","ALKALINITY, TOT, CACO3","mg/L",43.4
"01/15/1985","S65E","ALKALINITY, TOT, CACO3","mg/L",43.1
"01/24/1985","S65E","ALKALINITY, TOT, CACO3","mg/L",45.8
"02/20/1985","S65E","ALKALINITY, TOT, CACO3","mg/L",42.9
"02/26/1985","S65E","ALKALINITY, TOT, CACO3","mg/L",44.9
"03/20/1985","S65E","ALKALINITY, TOT, CACO3","mg/L",51.1
"03/26/1985","S65E","ALKALINITY, TOT, CACO3","mg/L",50.9
"04/17/1985","S65E","ALKALINITY, TOT, CACO3","mg/L",54.0333333333333
"04/23/1985","S65E","ALKALINITY, TOT, CACO3","mg/L",51.8
"05/06/1985","S65E","ALKALINITY, TOT, CACO3","mg/L",55.7
"05/16/1985","S65E","ALKALINITY, TOT, CACO3","mg/L",9.1
"05/20/1985","S65E","ALKALINITY, TOT, CACO3","mg/L",32.9
"06/19/1985","S65E","ALKALINITY, TOT, CACO3","mg/L",22.9
"06/26/1985","S65E","ALKALINITY, TOT, CACO3","mg/L",33.8
"07/02/1985","S65E","ALKALINITY, TOT, CACO3","mg/L",30.4
"07/23/1985","S65E","ALKALINITY, TOT, CACO3","mg/L",33.5
"07/30/1985","S65E","ALKALINITY, TOT, CACO3","mg/L",23.1
"08/21/1985","S65E","ALKALINITY, TOT, CACO3","mg/L",41.2
"08/27/1985","S65E","ALKALINITY, TOT, CACO3","mg/L",29.4
"09/09/1985","S65E","ALKALINITY, TOT, CACO3","mg/L",15.9
"09/19/1985","S65E","ALKALINITY, TOT, CACO3","mg/L",16.2
"09/24/1985","S65E","ALKALINITY, TOT, CACO3","mg/L",18.4
"10/08/1985","S65E","ALKALINITY, TOT, CACO3","mg/L",23.2
"10/17/1985","S65E","ALKALINITY, TOT, CACO3","mg/L",25.2
"10/22/1985","S65E","ALKALINITY, TOT, CACO3","mg/L",27
"11/05/1985","S65E","ALKALINITY, TOT, CACO3","mg/L",33.4
"11/14/1985","S65E","ALKALINITY, TOT, CACO3","mg/L",31.8
"12/03/1985","S65E","ALKALINITY, TOT, CACO3","mg/L",40.7
"12/12/1985","S65E","ALKALINITY, TOT, CACO3","mg/L",27.1
"01/14/1986","S65E","ALKALINITY, TOT, CACO3","mg/L",36.8
"01/16/1986","S65E","ALKALINITY, TOT, CACO3","mg/L",41.7
"01/28/1986","S65E","ALKALINITY, TOT, CACO3","mg/L",42.9
"02/12/1986","S65E","ALKALINITY, TOT, CACO3","mg/L",33.6
"02/18/1986","S65E","ALKALINITY, TOT, CACO3","mg/L",37
"02/25/1986","S65E","ALKALINITY, TOT, CACO3","mg/L",34.5
"03/18/1986","S65E","ALKALINITY, TOT, CACO3","mg/L",39.1
"03/25/1986","S65E","ALKALINITY, TOT, CACO3","mg/L",39.7
"04/08/1986","S65E","ALKALINITY, TOT, CACO3","mg/L",32.3
"04/15/1986","S65E","ALKALINITY, TOT, CACO3","mg/L",33.9
"04/22/1986","S65E","ALKALINITY, TOT, CACO3","mg/L",36.8
"05/06/1986","S65E","ALKALINITY, TOT, CACO3","mg/L",28.4
"05/14/1986","S65E","ALKALINITY, TOT, CACO3","mg/L",39
"05/20/1986","S65E","ALKALINITY, TOT, CACO3","mg/L",34.9
"06/04/1986","S65E","ALKALINITY, TOT, CACO3","mg/L",39.6
"06/19/1986","S65E","ALKALINITY, TOT, CACO3","mg/L",43.3
"07/01/1986","S65E","ALKALINITY, TOT, CACO3","mg/L",32.2
"07/15/1986","S65E","ALKALINITY, TOT, CACO3","mg/L",26
"07/17/1986","S65E","ALKALINITY, TOT, CACO3","mg/L",24.4
"07/29/1986","S65E","ALKALINITY, TOT, CACO3","mg/L",35.3
"08/14/1986","S65E","ALKALINITY, TOT, CACO3","mg/L",35.25
"08/26/1986","S65E","ALKALINITY, TOT, CACO3","mg/L",24.5
"09/09/1986","S65E","ALKALINITY, TOT, CACO3","mg/L",31.4
"09/10/1986","S65E","ALKALINITY, TOT, CACO3","mg/L",29.8
"09/23/1986","S65E","ALKALINITY, TOT, CACO3","mg/L",28.7
"10/07/1986","S65E","ALKALINITY, TOT, CACO3","mg/L",26.1
"10/09/1986","S65E","ALKALINITY, TOT, CACO3","mg/L",36.3
"10/21/1986","S65E","ALKALINITY, TOT, CACO3","mg/L",45.8
"11/04/1986","S65E","ALKALINITY, TOT, CACO3","mg/L",34.7
"11/06/1986","S65E","ALKALINITY, TOT, CACO3","mg/L",29.6
"11/18/1986","S65E","ALKALINITY, TOT, CACO3","mg/L",36.3
"12/03/1986","S65E","ALKALINITY, TOT, CACO3","mg/L",35.2
"12/04/1986","S65E","ALKALINITY, TOT, CACO3","mg/L",40.8
"12/18/1986","S65E","ALKALINITY, TOT, CACO3","mg/L",35.3
"01/07/1987","S65E","ALKALINITY, TOT, CACO3","mg/L",25.1
"01/08/1987","S65E","ALKALINITY, TOT, CACO3","mg/L",39.1
"01/15/1987","S65E","ALKALINITY, TOT, CACO3","mg/L",39.2
"01/22/1987","S65E","ALKALINITY, TOT, CACO3","mg/L",43.6
"01/29/1987","S65E","ALKALINITY, TOT, CACO3","mg/L",29.3
"02/03/1987","S65E","ALKALINITY, TOT, CACO3","mg/L",30.5
"02/05/1987","S65E","ALKALINITY, TOT, CACO3","mg/L",39.5
"02/12/1987","S65E","ALKALINITY, TOT, CACO3","mg/L",31
"02/18/1987","S65E","ALKALINITY, TOT, CACO3","mg/L",31.2
"02/19/1987","S65E","ALKALINITY, TOT, CACO3","mg/L",35.6
"02/26/1987","S65E","ALKALINITY, TOT, CACO3","mg/L",49.9
"03/03/1987","S65E","ALKALINITY, TOT, CACO3","mg/L",33.3
"03/05/1987","S65E","ALKALINITY, TOT, CACO3","mg/L",33.7
"03/12/1987","S65E","ALKALINITY, TOT, CACO3","mg/L",39.3
"03/17/1987","S65E","ALKALINITY, TOT, CACO3","mg/L",32.6
"03/19/1987","S65E","ALKALINITY, TOT, CACO3","mg/L",42.1
"03/26/1987","S65E","ALKALINITY, TOT, CACO3","mg/L",35.9
"03/31/1987","S65E","ALKALINITY, TOT, CACO3","mg/L",37.4
"04/14/1987","S65E","ALKALINITY, TOT, CACO3","mg/L",50.3
"04/22/1987","S65E","ALKALINITY, TOT, CACO3","mg/L",18.6
"04/28/1987","S65E","ALKALINITY, TOT, CACO3","mg/L",27
"05/11/1987","S65E","ALKALINITY, TOT, CACO3","mg/L",38.8
"05/13/1987","S65E","ALKALINITY, TOT, CACO3","mg/L",40
"05/20/1987","S65E","ALKALINITY, TOT, CACO3","mg/L",40.5
"05/26/1987","S65E","ALKALINITY, TOT, CACO3","mg/L",37.2
"06/01/1987","S65E","ALKALINITY, TOT, CACO3","mg/L",29.9
"06/17/1987","S65E","ALKALINITY, TOT, CACO3","mg/L",36.1
"06/24/1987","S65E","ALKALINITY, TOT, CACO3","mg/L",53.6
"07/01/1987","S65E","ALKALINITY, TOT, CACO3","mg/L",49.4
"07/08/1987","S65E","ALKALINITY, TOT, CACO3","mg/L",41.7
"07/16/1987","S65E","ALKALINITY, TOT, CACO3","mg/L",41.4
"07/21/1987","S65E","ALKALINITY, TOT, CACO3","mg/L",41.8
"07/30/1987","S65E","ALKALINITY, TOT, CACO3","mg/L",36.4
"08/04/1987","S65E","ALKALINITY, TOT, CACO3","mg/L",37.7
"08/12/1987","S65E","ALKALINITY, TOT, CACO3","mg/L",37
"08/18/1987","S65E","ALKALINITY, TOT, CACO3","mg/L",44.3
"08/28/1987","S65E","ALKALINITY, TOT, CACO3","mg/L",45.7
"09/09/1987","S65E","ALKALINITY, TOT, CACO3","mg/L",47.7
"09/24/1987","S65E","ALKALINITY, TOT, CACO3","mg/L",57.6
"09/29/1987","S65E","ALKALINITY, TOT, CACO3","mg/L",45.4
"10/07/1987","S65E","ALKALINITY, TOT, CACO3","mg/L",78.2
"10/13/1987","S65E","ALKALINITY, TOT, CACO3","mg/L",39.7
"10/21/1987","S65E","ALKALINITY, TOT, CACO3","mg/L",13.2
"10/28/1987","S65E","ALKALINITY, TOT, CACO3","mg/L",24.4
"11/04/1987","S65E","ALKALINITY, TOT, CACO3","mg/L",24.5
"11/10/1987","S65E","ALKALINITY, TOT, CACO3","mg/L",20.8
"11/18/1987","S65E","ALKALINITY, TOT, CACO3","mg/L",64.1
"11/24/1987","S65E","ALKALINITY, TOT, CACO3","mg/L",21
"12/03/1987","S65E","ALKALINITY, TOT, CACO3","mg/L",25.5
"12/08/1987","S65E","ALKALINITY, TOT, CACO3","mg/L",21
"12/17/1987","S65E","ALKALINITY, TOT, CACO3","mg/L",20.5
"12/22/1987","S65E","ALKALINITY, TOT, CACO3","mg/L",22.7
"01/05/1988","S65E","ALKALINITY, TOT, CACO3","mg/L",60.4
"01/06/1988","S65E","ALKALINITY, TOT, CACO3","mg/L",20.7
"01/19/1988","S65E","ALKALINITY, TOT, CACO3","mg/L",30.6
"01/21/1988","S65E","ALKALINITY, TOT, CACO3","mg/L",26
"02/02/1988","S65E","ALKALINITY, TOT, CACO3","mg/L",24
"02/04/1988","S65E","ALKALINITY, TOT, CACO3","mg/L",25
"02/16/1988","S65E","ALKALINITY, TOT, CACO3","mg/L",25.3
"02/18/1988","S65E","ALKALINITY, TOT, CACO3","mg/L",27.4
"02/25/1988","S65E","ALKALINITY, TOT, CACO3","mg/L",24.8
"03/01/1988","S65E","ALKALINITY, TOT, CACO3","mg/L",46.3
"03/03/1988","S65E","ALKALINITY, TOT, CACO3","mg/L",22.4
"03/14/1988","S65E","ALKALINITY, TOT, CACO3","mg/L",20.8
"03/15/1988","S65E","ALKALINITY, TOT, CACO3","mg/L",39.6
"03/29/1988","S65E","ALKALINITY, TOT, CACO3","mg/L",22.7
"04/11/1988","S65E","ALKALINITY, TOT, CACO3","mg/L",22.9
"04/12/1988","S65E","ALKALINITY, TOT, CACO3","mg/L",21.8
"04/25/1988","S65E","ALKALINITY, TOT, CACO3","mg/L",20.9
"04/26/1988","S65E","ALKALINITY, TOT, CACO3","mg/L",23.5
"05/09/1988","S65E","ALKALINITY, TOT, CACO3","mg/L",25.3
"05/10/1988","S65E","ALKALINITY, TOT, CACO3","mg/L",23.2
"05/23/1988","S65E","ALKALINITY, TOT, CACO3","mg/L",28.1
"05/24/1988","S65E","ALKALINITY, TOT, CACO3","mg/L",28.3
"06/07/1988","S65E","ALKALINITY, TOT, CACO3","mg/L",30.7
"06/20/1988","S65E","ALKALINITY, TOT, CACO3","mg/L",29.6
"06/21/1988","S65E","ALKALINITY, TOT, CACO3","mg/L",30.4
"07/05/1988","S65E","ALKALINITY, TOT, CACO3","mg/L",33.1
"07/18/1988","S65E","ALKALINITY, TOT, CACO3","mg/L",56.5
"07/19/1988","S65E","ALKALINITY, TOT, CACO3","mg/L",37.1
"08/02/1988","S65E","ALKALINITY, TOT, CACO3","mg/L",30.6
"08/03/1988","S65E","ALKALINITY, TOT, CACO3","mg/L",35.1
"08/15/1988","S65E","ALKALINITY, TOT, CACO3","mg/L",34.9
"08/16/1988","S65E","ALKALINITY, TOT, CACO3","mg/L",37.4
"08/29/1988","S65E","ALKALINITY, TOT, CACO3","mg/L",36.4
"09/12/1988","S65E","ALKALINITY, TOT, CACO3","mg/L",15.4
"09/13/1988","S65E","ALKALINITY, TOT, CACO3","mg/L",20.9
"09/26/1988","S65E","ALKALINITY, TOT, CACO3","mg/L",26.1
"09/27/1988","S65E","ALKALINITY, TOT, CACO3","mg/L",26.4
"10/10/1988","S65E","ALKALINITY, TOT, CACO3","mg/L",22.1
"10/11/1988","S65E","ALKALINITY, TOT, CACO3","mg/L",22.7
"10/25/1988","S65E","ALKALINITY, TOT, CACO3","mg/L",31
"11/07/1988","S65E","ALKALINITY, TOT, CACO3","mg/L",27.1
"11/21/1988","S65E","ALKALINITY, TOT, CACO3","mg/L",18.8
"11/22/1988","S65E","ALKALINITY, TOT, CACO3","mg/L",31.2
"12/05/1988","S65E","ALKALINITY, TOT, CACO3","mg/L",30.6
"12/19/1988","S65E","ALKALINITY, TOT, CACO3","mg/L",38.7
"01/03/1989","S65E","ALKALINITY, TOT, CACO3","mg/L",40.9
"01/17/1989","S65E","ALKALINITY, TOT, CACO3","mg/L",38
"01/30/1989","S65E","ALKALINITY, TOT, CACO3","mg/L",43.7
"01/31/1989","S65E","ALKALINITY, TOT, CACO3","mg/L",45.7
"02/13/1989","S65E","ALKALINITY, TOT, CACO3","mg/L",25.1
"02/14/1989","S65E","ALKALINITY, TOT, CACO3","mg/L",28.1
"02/27/1989","S65E","ALKALINITY, TOT, CACO3","mg/L",75
"02/28/1989","S65E","ALKALINITY, TOT, CACO3","mg/L",36.8
"03/13/1989","S65E","ALKALINITY, TOT, CACO3","mg/L",29.8
"03/15/1989","S65E","ALKALINITY, TOT, CACO3","mg/L",32
"03/27/1989","S65E","ALKALINITY, TOT, CACO3","mg/L",33.7
"03/28/1989","S65E","ALKALINITY, TOT, CACO3","mg/L",33.9
"04/10/1989","S65E","ALKALINITY, TOT, CACO3","mg/L",34.6
"04/11/1989","S65E","ALKALINITY, TOT, CACO3","mg/L",31.6
"04/24/1989","S65E","ALKALINITY, TOT, CACO3","mg/L",30.9
"04/26/1989","S65E","ALKALINITY, TOT, CACO3","mg/L",34.2
"05/08/1989","S65E","ALKALINITY, TOT, CACO3","mg/L",31.4
"05/10/1989","S65E","ALKALINITY, TOT, CACO3","mg/L",30.6
"05/22/1989","S65E","ALKALINITY, TOT, CACO3","mg/L",38.3
"05/24/1989","S65E","ALKALINITY, TOT, CACO3","mg/L",35.9
"06/05/1989","S65E","ALKALINITY, TOT, CACO3","mg/L",31.2
"06/19/1989","S65E","ALKALINITY, TOT, CACO3","mg/L",33.3
"06/21/1989","S65E","ALKALINITY, TOT, CACO3","mg/L",30
"07/03/1989","S65E","ALKALINITY, TOT, CACO3","mg/L",34.1
"07/17/1989","S65E","ALKALINITY, TOT, CACO3","mg/L",31.6
"07/19/1989","S65E","ALKALINITY, TOT, CACO3","mg/L",34.9
"07/31/1989","S65E","ALKALINITY, TOT, CACO3","mg/L",36.4
"08/02/1989","S65E","ALKALINITY, TOT, CACO3","mg/L",36.7
"08/14/1989","S65E","ALKALINITY, TOT, CACO3","mg/L",39.6
"08/15/1989","S65E","ALKALINITY, TOT, CACO3","mg/L",39.9
"08/28/1989","S65E","ALKALINITY, TOT, CACO3","mg/L",40.8
"08/29/1989","S65E","ALKALINITY, TOT, CACO3","mg/L",41.1
"09/12/1989","S65E","ALKALINITY, TOT, CACO3","mg/L",37.7
"09/13/1989","S65E","ALKALINITY, TOT, CACO3","mg/L",38.9
"09/25/1989","S65E","ALKALINITY, TOT, CACO3","mg/L",39.1
"09/27/1989","S65E","ALKALINITY, TOT, CACO3","mg/L",33.5
"10/09/1989","S65E","ALKALINITY, TOT, CACO3","mg/L",35.8
"10/11/1989","S65E","ALKALINITY, TOT, CACO3","mg/L",33.3
"10/23/1989","S65E","ALKALINITY, TOT, CACO3","mg/L",220
"10/24/1989","S65E","ALKALINITY, TOT, CACO3","mg/L",25.4
"11/06/1989","S65E","ALKALINITY, TOT, CACO3","mg/L",29.9
"11/08/1989","S65E","ALKALINITY, TOT, CACO3","mg/L",25
"11/20/1989","S65E","ALKALINITY, TOT, CACO3","mg/L",32.4
"12/04/1989","S65E","ALKALINITY, TOT, CACO3","mg/L",32.1
"12/18/1989","S65E","ALKALINITY, TOT, CACO3","mg/L",33.45
"01/02/1990","S65E","ALKALINITY, TOT, CACO3","mg/L",31.9
"01/03/1990","S65E","ALKALINITY, TOT, CACO3","mg/L",31.9
"01/09/1990","S65E","ALKALINITY, TOT, CACO3","mg/L",40.5
"01/16/1990","S65E","ALKALINITY, TOT, CACO3","mg/L",29.35
"01/23/1990","S65E","ALKALINITY, TOT, CACO3","mg/L",43.2
"01/30/1990","S65E","ALKALINITY, TOT, CACO3","mg/L",33.65
"02/06/1990","S65E","ALKALINITY, TOT, CACO3","mg/L",31.5
"02/13/1990","S65E","ALKALINITY, TOT, CACO3","mg/L",37.3
"02/20/1990","S65E","ALKALINITY, TOT, CACO3","mg/L",37.7
"02/27/1990","S65E","ALKALINITY, TOT, CACO3","mg/L",38.5
"02/28/1990","S65E","ALKALINITY, TOT, CACO3","mg/L",38.6
"03/16/1990","S65E","ALKALINITY, TOT, CACO3","mg/L",35
"03/26/1990","S65E","ALKALINITY, TOT, CACO3","mg/L",33.1
"03/27/1990","S65E","ALKALINITY, TOT, CACO3","mg/L",37.6
"04/11/1990","S65E","ALKALINITY, TOT, CACO3","mg/L",32.2
"04/23/1990","S65E","ALKALINITY, TOT, CACO3","mg/L",38.7
"05/07/1990","S65E","ALKALINITY, TOT, CACO3","mg/L",34.8
"05/21/1990","S65E","ALKALINITY, TOT, CACO3","mg/L",30.8
"06/05/1990","S65E","ALKALINITY, TOT, CACO3","mg/L",38.7
"06/18/1990","S65E","ALKALINITY, TOT, CACO3","mg/L",49
"07/02/1990","S65E","ALKALINITY, TOT, CACO3","mg/L",37.7
"07/03/1990","S65E","ALKALINITY, TOT, CACO3","mg/L",38.3
"07/16/1990","S65E","ALKALINITY, TOT, CACO3","mg/L",31.8
"07/30/1990","S65E","ALKALINITY, TOT, CACO3","mg/L",23.6
"08/13/1990","S65E","ALKALINITY, TOT, CACO3","mg/L",22.1
"08/27/1990","S65E","ALKALINITY, TOT, CACO3","mg/L",28.2
"09/10/1990","S65E","ALKALINITY, TOT, CACO3","mg/L",30.3
"09/24/1990","S65E","ALKALINITY, TOT, CACO3","mg/L",17.8
"10/08/1990","S65E","ALKALINITY, TOT, CACO3","mg/L",21.7
"10/22/1990","S65E","ALKALINITY, TOT, CACO3","mg/L",16.3
"11/05/1990","S65E","ALKALINITY, TOT, CACO3","mg/L",20.3
"11/20/1990","S65E","ALKALINITY, TOT, CACO3","mg/L",20
"12/03/1990","S65E","ALKALINITY, TOT, CACO3","mg/L",23.9
"12/17/1990","S65E","ALKALINITY, TOT, CACO3","mg/L",19.5
"12/31/1990","S65E","ALKALINITY, TOT, CACO3","mg/L",22.8
"01/14/1991","S65E","ALKALINITY, TOT, CACO3","mg/L",25
"01/28/1991","S65E","ALKALINITY, TOT, CACO3","mg/L",34.2
"02/11/1991","S65E","ALKALINITY, TOT, CACO3","mg/L",-5
"02/26/1991","S65E","ALKALINITY, TOT, CACO3","mg/L",29.9
"03/11/1991","S65E","ALKALINITY, TOT, CACO3","mg/L",-5
"03/25/1991","S65E","ALKALINITY, TOT, CACO3","mg/L",32.8
"04/08/1991","S65E","ALKALINITY, TOT, CACO3","mg/L",20.4
"04/22/1991","S65E","ALKALINITY, TOT, CACO3","mg/L",33.8
"05/06/1991","S65E","ALKALINITY, TOT, CACO3","mg/L",38.3
"05/20/1991","S65E","ALKALINITY, TOT, CACO3","mg/L",35.8
"06/03/1991","S65E","ALKALINITY, TOT, CACO3","mg/L",31.9
"06/18/1991","S65E","ALKALINITY, TOT, CACO3","mg/L",35.1
"07/01/1991","S65E","ALKALINITY, TOT, CACO3","mg/L",33
"07/15/1991","S65E","ALKALINITY, TOT, CACO3","mg/L",16.4
"07/29/1991","S65E","ALKALINITY, TOT, CACO3","mg/L",26.4
"08/12/1991","S65E","ALKALINITY, TOT, CACO3","mg/L",29.3
"08/26/1991","S65E","ALKALINITY, TOT, CACO3","mg/L",24.4
"08/28/1991","S65E","ALKALINITY, TOT, CACO3","mg/L",20.2
"09/09/1991","S65E","ALKALINITY, TOT, CACO3","mg/L",24.2
"09/23/1991","S65E","ALKALINITY, TOT, CACO3","mg/L",28.1
"10/07/1991","S65E","ALKALINITY, TOT, CACO3","mg/L",19.7
"10/21/1991","S65E","ALKALINITY, TOT, CACO3","mg/L",-5
"11/04/1991","S65E","ALKALINITY, TOT, CACO3","mg/L",17.3
"11/20/1991","S65E","ALKALINITY, TOT, CACO3","mg/L",-5
"12/02/1991","S65E","ALKALINITY, TOT, CACO3","mg/L",33.5
"12/16/1991","S65E","ALKALINITY, TOT, CACO3","mg/L",-5
"12/30/1991","S65E","ALKALINITY, TOT, CACO3","mg/L",-5
"01/13/1992","S65E","ALKALINITY, TOT, CACO3","mg/L",22.4
"01/27/1992","S65E","ALKALINITY, TOT, CACO3","mg/L",15.6
"02/11/1992","S65E","ALKALINITY, TOT, CACO3","mg/L",29.5
"02/27/1992","S65E","ALKALINITY, TOT, CACO3","mg/L",28.6
"03/11/1992","S65E","ALKALINITY, TOT, CACO3","mg/L",35.2
"03/26/1992","S65E","ALKALINITY, TOT, CACO3","mg/L",28.2
"04/07/1992","S65E","ALKALINITY, TOT, CACO3","mg/L",25.3
"04/21/1992","S65E","ALKALINITY, TOT, CACO3","mg/L",19.9
"05/05/1992","S65E","ALKALINITY, TOT, CACO3","mg/L",20.8
"05/19/1992","S65E","ALKALINITY, TOT, CACO3","mg/L",35.8
"06/02/1992","S65E","ALKALINITY, TOT, CACO3","mg/L",44.5
"06/16/1992","S65E","ALKALINITY, TOT, CACO3","mg/L",28.3
"06/30/1992","S65E","ALKALINITY, TOT, CACO3","mg/L",5.5
"07/08/1992","S65E","ALKALINITY, TOT, CACO3","mg/L",124.4
"07/14/1992","S65E","ALKALINITY, TOT, CACO3","mg/L",-5
"07/28/1992","S65E","ALKALINITY, TOT, CACO3","mg/L",6.1
"08/11/1992","S65E","ALKALINITY, TOT, CACO3","mg/L",25.3
"08/26/1992","S65E","ALKALINITY, TOT, CACO3","mg/L",6.8
"09/10/1992","S65E","ALKALINITY, TOT, CACO3","mg/L",20.9
"09/22/1992","S65E","ALKALINITY, TOT, CACO3","mg/L",24.6
"10/06/1992","S65E","ALKALINITY, TOT, CACO3","mg/L",18.8
"10/20/1992","S65E","ALKALINITY, TOT, CACO3","mg/L",11.7
"11/03/1992","S65E","ALKALINITY, TOT, CACO3","mg/L",24.1
"11/17/1992","S65E","ALKALINITY, TOT, CACO3","mg/L",23.9
"11/18/1992","S65E","ALKALINITY, TOT, CACO3","mg/L",20.9
"12/02/1992","S65E","ALKALINITY, TOT, CACO3","mg/L",36.9
"12/15/1992","S65E","ALKALINITY, TOT, CACO3","mg/L",34.5
"12/30/1992","S65E","ALKALINITY, TOT, CACO3","mg/L",24.3
"01/11/1993","S65E","ALKALINITY, TOT, CACO3","mg/L",18.1
"01/27/1993","S65E","ALKALINITY, TOT, CACO3","mg/L",24.9
"02/08/1993","S65E","ALKALINITY, TOT, CACO3","mg/L",17.5
"02/23/1993","S65E","ALKALINITY, TOT, CACO3","mg/L",17
"03/08/1993","S65E","ALKALINITY, TOT, CACO3","mg/L",63.1666666666667
"03/23/1993","S65E","ALKALINITY, TOT, CACO3","mg/L",10.25
"04/20/1993","S65E","ALKALINITY, TOT, CACO3","mg/L",9.5
"05/04/1993","S65E","ALKALINITY, TOT, CACO3","mg/L",26.6
"05/18/1993","S65E","ALKALINITY, TOT, CACO3","mg/L",-5
"05/20/1993","S65E","ALKALINITY, TOT, CACO3","mg/L",17.7
"06/01/1993","S65E","ALKALINITY, TOT, CACO3","mg/L",25.1
"06/15/1993","S65E","ALKALINITY, TOT, CACO3","mg/L",29.6
"06/26/1993","S65E","ALKALINITY, TOT, CACO3","mg/L",33.3
"06/29/1993","S65E","ALKALINITY, TOT, CACO3","mg/L",31
"07/13/1993","S65E","ALKALINITY, TOT, CACO3","mg/L",32
"07/27/1993","S65E","ALKALINITY, TOT, CACO3","mg/L",34.5
"08/10/1993","S65E","ALKALINITY, TOT, CACO3","mg/L",36.2
"08/24/1993","S65E","ALKALINITY, TOT, CACO3","mg/L",37.2
"09/07/1993","S65E","ALKALINITY, TOT, CACO3","mg/L",39.8
"09/21/1993","S65E","ALKALINITY, TOT, CACO3","mg/L",33.4
"10/05/1993","S65E","ALKALINITY, TOT, CACO3","mg/L",34.3
"10/19/1993","S65E","ALKALINITY, TOT, CACO3","mg/L",34.2
"11/02/1993","S65E","ALKALINITY, TOT, CACO3","mg/L",37.7
"11/16/1993","S65E","ALKALINITY, TOT, CACO3","mg/L",36.85
"12/01/1993","S65E","ALKALINITY, TOT, CACO3","mg/L",19.2
"12/14/1993","S65E","ALKALINITY, TOT, CACO3","mg/L",30.2
"12/28/1993","S65E","ALKALINITY, TOT, CACO3","mg/L",38.8
"01/11/1994","S65E","ALKALINITY, TOT, CACO3","mg/L",38.8
"01/19/1994","S65E","ALKALINITY, TOT, CACO3","mg/L",38.8
"01/25/1994","S65E","ALKALINITY, TOT, CACO3","mg/L",39.4
"02/08/1994","S65E","ALKALINITY, TOT, CACO3","mg/L",38.7
"02/15/1994","S65E","ALKALINITY, TOT, CACO3","mg/L",38.7
"02/22/1994","S65E","ALKALINITY, TOT, CACO3","mg/L",38.3
"03/08/1994","S65E","ALKALINITY, TOT, CACO3","mg/L",38.4
"03/15/1994","S65E","ALKALINITY, TOT, CACO3","mg/L",42.4
"03/22/1994","S65E","ALKALINITY, TOT, CACO3","mg/L",35.4
"04/05/1994","S65E","ALKALINITY, TOT, CACO3","mg/L",36.24
"04/12/1994","S65E","ALKALINITY, TOT, CACO3","mg/L",27.3725
"04/19/1994","S65E","ALKALINITY, TOT, CACO3","mg/L",36.55
"05/03/1994","S65E","ALKALINITY, TOT, CACO3","mg/L",38.58
"05/17/1994","S65E","ALKALINITY, TOT, CACO3","mg/L",32.3338
"05/31/1994","S65E","ALKALINITY, TOT, CACO3","mg/L",40.9
"06/14/1994","S65E","ALKALINITY, TOT, CACO3","mg/L",45.52
"06/28/1994","S65E","ALKALINITY, TOT, CACO3","mg/L",21.775
"07/12/1994","S65E","ALKALINITY, TOT, CACO3","mg/L",30.17
"07/19/1994","S65E","ALKALINITY, TOT, CACO3","mg/L",30.5
"07/26/1994","S65E","ALKALINITY, TOT, CACO3","mg/L",54.22
"08/03/1994","S65E","ALKALINITY, TOT, CACO3","mg/L",33.94
"08/09/1994","S65E","ALKALINITY, TOT, CACO3","mg/L",33.46
"08/23/1994","S65E","ALKALINITY, TOT, CACO3","mg/L",27.89
"09/06/1994","S65E","ALKALINITY, TOT, CACO3","mg/L",28.91
"09/20/1994","S65E","ALKALINITY, TOT, CACO3","mg/L",28.29
"10/04/1994","S65E","ALKALINITY, TOT, CACO3","mg/L",25.96
"10/18/1994","S65E","ALKALINITY, TOT, CACO3","mg/L",25.82
"11/01/1994","S65E","ALKALINITY, TOT, CACO3","mg/L",27.56
"11/15/1994","S65E","ALKALINITY, TOT, CACO3","mg/L",32.6
"11/29/1994","S65E","ALKALINITY, TOT, CACO3","mg/L",26.41
"12/13/1994","S65E","ALKALINITY, TOT, CACO3","mg/L",26.43
"12/27/1994","S65E","ALKALINITY, TOT, CACO3","mg/L",23.21
"01/10/1995","S65E","ALKALINITY, TOT, CACO3","mg/L",25.48
"01/24/1995","S65E","ALKALINITY, TOT, CACO3","mg/L",25.77
"02/21/1995","S65E","ALKALINITY, TOT, CACO3","mg/L",24.71
"03/07/1995","S65E","ALKALINITY, TOT, CACO3","mg/L",24.6
"03/21/1995","S65E","ALKALINITY, TOT, CACO3","mg/L",27.58
"04/04/1995","S65E","ALKALINITY, TOT, CACO3","mg/L",27.08
"04/18/1995","S65E","ALKALINITY, TOT, CACO3","mg/L",14.2654
"05/02/1995","S65E","ALKALINITY, TOT, CACO3","mg/L",26.98
"05/16/1995","S65E","ALKALINITY, TOT, CACO3","mg/L",29.48
"05/30/1995","S65E","ALKALINITY, TOT, CACO3","mg/L",32.14
"06/13/1995","S65E","ALKALINITY, TOT, CACO3","mg/L",32.94
"06/27/1995","S65E","ALKALINITY, TOT, CACO3","mg/L",34.45
"07/11/1995","S65E","ALKALINITY, TOT, CACO3","mg/L",30.25
"07/25/1995","S65E","ALKALINITY, TOT, CACO3","mg/L",31.58
"08/08/1995","S65E","ALKALINITY, TOT, CACO3","mg/L",21.4
"08/22/1995","S65E","ALKALINITY, TOT, CACO3","mg/L",23.81
"09/05/1995","S65E","ALKALINITY, TOT, CACO3","mg/L",21.32
"09/19/1995","S65E","ALKALINITY, TOT, CACO3","mg/L",21.6
"10/03/1995","S65E","ALKALINITY, TOT, CACO3","mg/L",24.17
"10/17/1995","S65E","ALKALINITY, TOT, CACO3","mg/L",22.13
"10/31/1995","S65E","ALKALINITY, TOT, CACO3","mg/L",21
"11/14/1995","S65E","ALKALINITY, TOT, CACO3","mg/L",22.5
"11/28/1995","S65E","ALKALINITY, TOT, CACO3","mg/L",23.11
"12/12/1995","S65E","ALKALINITY, TOT, CACO3","mg/L",23.28
"12/26/1995","S65E","ALKALINITY, TOT, CACO3","mg/L",20.68
"01/09/1996","S65E","ALKALINITY, TOT, CACO3","mg/L",20.54
"01/23/1996","S65E","ALKALINITY, TOT, CACO3","mg/L",19.08
"02/06/1996","S65E","ALKALINITY, TOT, CACO3","mg/L",18.0695
"02/20/1996","S65E","ALKALINITY, TOT, CACO3","mg/L",19.2195
"03/05/1996","S65E","ALKALINITY, TOT, CACO3","mg/L",19.661
"03/19/1996","S65E","ALKALINITY, TOT, CACO3","mg/L",22.366
"04/02/1996","S65E","ALKALINITY, TOT, CACO3","mg/L",19.8365
"04/16/1996","S65E","ALKALINITY, TOT, CACO3","mg/L",17.25625
"04/30/1996","S65E","ALKALINITY, TOT, CACO3","mg/L",15.3542
"05/14/1996","S65E","ALKALINITY, TOT, CACO3","mg/L",19.0125
"05/20/1996","S65E","ALKALINITY, TOT, CACO3","mg/L",11.965
"05/28/1996","S65E","ALKALINITY, TOT, CACO3","mg/L",21.36475
"06/11/1996","S65E","ALKALINITY, TOT, CACO3","mg/L",23.8145
"06/25/1996","S65E","ALKALINITY, TOT, CACO3","mg/L",21.75575
"07/09/1996","S65E","ALKALINITY, TOT, CACO3","mg/L",26.74
"07/23/1996","S65E","ALKALINITY, TOT, CACO3","mg/L",14.6715
"08/06/1996","S65E","ALKALINITY, TOT, CACO3","mg/L",15.3625
"08/20/1996","S65E","ALKALINITY, TOT, CACO3","mg/L",12.6625
"09/03/1996","S65E","ALKALINITY, TOT, CACO3","mg/L",12.6365
"09/17/1996","S65E","ALKALINITY, TOT, CACO3","mg/L",12.195
"10/01/1996","S65E","ALKALINITY, TOT, CACO3","mg/L",14.6315
"10/15/1996","S65E","ALKALINITY, TOT, CACO3","mg/L",14.088
"10/29/1996","S65E","ALKALINITY, TOT, CACO3","mg/L",14.9775
"11/04/1996","S65E","ALKALINITY, TOT, CACO3","mg/L",28.88
"11/12/1996","S65E","ALKALINITY, TOT, CACO3","mg/L",18.3234
"11/26/1996","S65E","ALKALINITY, TOT, CACO3","mg/L",18.9962
"12/10/1996","S65E","ALKALINITY, TOT, CACO3","mg/L",16.6975
"12/26/1996","S65E","ALKALINITY, TOT, CACO3","mg/L",19.8282
"01/07/1997","S65E","ALKALINITY, TOT, CACO3","mg/L",17.4575
"01/21/1997","S65E","ALKALINITY, TOT, CACO3","mg/L",21.2126
"02/05/1997","S65E","ALKALINITY, TOT, CACO3","mg/L",11.024
"02/18/1997","S65E","ALKALINITY, TOT, CACO3","mg/L",14.9278
"02/24/1997","S65E","ALKALINITY, TOT, CACO3","mg/L",23.87
"03/04/1997","S65E","ALKALINITY, TOT, CACO3","mg/L",12.215
"03/18/1997","S65E","ALKALINITY, TOT, CACO3","mg/L",27.37
"04/01/1997","S65E","ALKALINITY, TOT, CACO3","mg/L",16.7955
"04/15/1997","S65E","ALKALINITY, TOT, CACO3","mg/L",31.36
"04/29/1997","S65E","ALKALINITY, TOT, CACO3","mg/L",32.12
"05/13/1997","S65E","ALKALINITY, TOT, CACO3","mg/L",25.71
"05/19/1997","S65E","ALKALINITY, TOT, CACO3","mg/L",25.28
"05/27/1997","S65E","ALKALINITY, TOT, CACO3","mg/L",14.4375
"06/10/1997","S65E","ALKALINITY, TOT, CACO3","mg/L",26.59
"06/24/1997","S65E","ALKALINITY, TOT, CACO3","mg/L",15.139
"07/08/1997","S65E","ALKALINITY, TOT, CACO3","mg/L",30.87
"07/22/1997","S65E","ALKALINITY, TOT, CACO3","mg/L",31.67
"08/05/1997","S65E","ALKALINITY, TOT, CACO3","mg/L",21.23
"08/19/1997","S65E","ALKALINITY, TOT, CACO3","mg/L",24.51
"08/28/1997","S65E","ALKALINITY, TOT, CACO3","mg/L",24.69
"09/02/1997","S65E","ALKALINITY, TOT, CACO3","mg/L",17.0404
"09/16/1997","S65E","ALKALINITY, TOT, CACO3","mg/L",30.55
"09/30/1997","S65E","ALKALINITY, TOT, CACO3","mg/L",29.71
"10/14/1997","S65E","ALKALINITY, TOT, CACO3","mg/L",25.23
"10/28/1997","S65E","ALKALINITY, TOT, CACO3","mg/L",26.54
"11/12/1997","S65E","ALKALINITY, TOT, CACO3","mg/L",26.97
"11/17/1997","S65E","ALKALINITY, TOT, CACO3","mg/L",15.87
"11/25/1997","S65E","ALKALINITY, TOT, CACO3","mg/L",11.61
"12/09/1997","S65E","ALKALINITY, TOT, CACO3","mg/L",24.95
"12/23/1997","S65E","ALKALINITY, TOT, CACO3","mg/L",21.55
"01/06/1998","S65E","ALKALINITY, TOT, CACO3","mg/L",22.37
"01/20/1998","S65E","ALKALINITY, TOT, CACO3","mg/L",20.35
"02/03/1998","S65E","ALKALINITY, TOT, CACO3","mg/L",17.12
"02/17/1998","S65E","ALKALINITY, TOT, CACO3","mg/L",18.14
"02/18/1998","S65E","ALKALINITY, TOT, CACO3","mg/L",19.78
"03/03/1998","S65E","ALKALINITY, TOT, CACO3","mg/L",17.73
"03/17/1998","S65E","ALKALINITY, TOT, CACO3","mg/L",16.47
"03/31/1998","S65E","ALKALINITY, TOT, CACO3","mg/L",16.04
"04/14/1998","S65E","ALKALINITY, TOT, CACO3","mg/L",15.73
"04/28/1998","S65E","ALKALINITY, TOT, CACO3","mg/L",21.14
"05/12/1998","S65E","ALKALINITY, TOT, CACO3","mg/L",20.85
"05/18/1998","S65E","ALKALINITY, TOT, CACO3","mg/L",22.55
"05/26/1998","S65E","ALKALINITY, TOT, CACO3","mg/L",23.51
"06/09/1998","S65E","ALKALINITY, TOT, CACO3","mg/L",25.67
"06/23/1998","S65E","ALKALINITY, TOT, CACO3","mg/L",27.04
"07/07/1998","S65E","ALKALINITY, TOT, CACO3","mg/L",28.69
"07/21/1998","S65E","ALKALINITY, TOT, CACO3","mg/L",32.17
"08/04/1998","S65E","ALKALINITY, TOT, CACO3","mg/L",36.89
"08/18/1998","S65E","ALKALINITY, TOT, CACO3","mg/L",31.43
"08/24/1998","S65E","ALKALINITY, TOT, CACO3","mg/L",29.42
"09/01/1998","S65E","ALKALINITY, TOT, CACO3","mg/L",28.24
"09/29/1998","S65E","ALKALINITY, TOT, CACO3","mg/L",19.02
"10/13/1998","S65E","ALKALINITY, TOT, CACO3","mg/L",25.07
"10/27/1998","S65E","ALKALINITY, TOT, CACO3","mg/L",26.9
"11/09/1998","S65E","ALKALINITY, TOT, CACO3","mg/L",24
"11/24/1998","S65E","ALKALINITY, TOT, CACO3","mg/L",26.22
"12/08/1998","S65E","ALKALINITY, TOT, CACO3","mg/L",28.13
"12/22/1998","S65E","ALKALINITY, TOT, CACO3","mg/L",28.16
"01/05/1999","S65E","ALKALINITY, TOT, CACO3","mg/L",28.51
"01/19/1999","S65E","ALKALINITY, TOT, CACO3","mg/L",28.76
"01/25/1999","S65E","ALKALINITY, TOT, CACO3","mg/L",29.15
"02/02/1999","S65E","ALKALINITY, TOT, CACO3","mg/L",29.32
"02/16/1999","S65E","ALKALINITY, TOT, CACO3","mg/L",30.3
"03/02/1999","S65E","ALKALINITY, TOT, CACO3","mg/L",16.885
"03/16/1999","S65E","ALKALINITY, TOT, CACO3","mg/L",21.256
"03/30/1999","S65E","ALKALINITY, TOT, CACO3","mg/L",41.38
"04/13/1999","S65E","ALKALINITY, TOT, CACO3","mg/L",28.45
"04/19/1999","S65E","ALKALINITY, TOT, CACO3","mg/L",29.62
"04/27/1999","S65E","ALKALINITY, TOT, CACO3","mg/L",28.47
"05/11/1999","S65E","ALKALINITY, TOT, CACO3","mg/L",32.41
"05/25/1999","S65E","ALKALINITY, TOT, CACO3","mg/L",29.89
"06/08/1999","S65E","ALKALINITY, TOT, CACO3","mg/L",32.59
"06/22/1999","S65E","ALKALINITY, TOT, CACO3","mg/L",32.43
"07/06/1999","S65E","ALKALINITY, TOT, CACO3","mg/L",22.91
"07/20/1999","S65E","ALKALINITY, TOT, CACO3","mg/L",18.329
"07/26/1999","S65E","ALKALINITY, TOT, CACO3","mg/L",36.24
"08/03/1999","S65E","ALKALINITY, TOT, CACO3","mg/L",21.2995
"08/17/1999","S65E","ALKALINITY, TOT, CACO3","mg/L",44.87
"08/31/1999","S65E","ALKALINITY, TOT, CACO3","mg/L",28.68
"09/16/1999","S65E","ALKALINITY, TOT, CACO3","mg/L",22.0794
"09/28/1999","S65E","ALKALINITY, TOT, CACO3","mg/L",21.085
"10/12/1999","S65E","ALKALINITY, TOT, CACO3","mg/L",26.53
"10/18/1999","S65E","ALKALINITY, TOT, CACO3","mg/L",17.5
"10/26/1999","S65E","ALKALINITY, TOT, CACO3","mg/L",27.2
"11/09/1999","S65E","ALKALINITY, TOT, CACO3","mg/L",48.21
"11/23/1999","S65E","ALKALINITY, TOT, CACO3","mg/L",50.78
"12/07/1999","S65E","ALKALINITY, TOT, CACO3","mg/L",28.21
"12/21/1999","S65E","ALKALINITY, TOT, CACO3","mg/L",26.1225
"01/04/2000","S65E","ALKALINITY, TOT, CACO3","mg/L",26.807
"01/18/2000","S65E","ALKALINITY, TOT, CACO3","mg/L",21.0325
"01/24/2000","S65E","ALKALINITY, TOT, CACO3","mg/L",40.73
"02/01/2000","S65E","ALKALINITY, TOT, CACO3","mg/L",39.22
"02/15/2000","S65E","ALKALINITY, TOT, CACO3","mg/L",36.32
"02/29/2000","S65E","ALKALINITY, TOT, CACO3","mg/L",20.868
"03/14/2000","S65E","ALKALINITY, TOT, CACO3","mg/L",37.76
"03/28/2000","S65E","ALKALINITY, TOT, CACO3","mg/L",39.97
"04/11/2000","S65E","ALKALINITY, TOT, CACO3","mg/L",42.66
"04/17/2000","S65E","ALKALINITY, TOT, CACO3","mg/L",42.02
"04/24/2000","S65E","ALKALINITY, TOT, CACO3","mg/L",22.6865
"05/09/2000","S65E","ALKALINITY, TOT, CACO3","mg/L",44.54
"05/23/2000","S65E","ALKALINITY, TOT, CACO3","mg/L",45.43
"06/06/2000","S65E","ALKALINITY, TOT, CACO3","mg/L",46.37
"06/20/2000","S65E","ALKALINITY, TOT, CACO3","mg/L",46.8
"07/05/2000","S65E","ALKALINITY, TOT, CACO3","mg/L",46.16
"07/18/2000","S65E","ALKALINITY, TOT, CACO3","mg/L",47.12
"07/25/2000","S65E","ALKALINITY, TOT, CACO3","mg/L",47.1
"08/01/2000","S65E","ALKALINITY, TOT, CACO3","mg/L",34.2352
"08/15/2000","S65E","ALKALINITY, TOT, CACO3","mg/L",34.642
"08/29/2000","S65E","ALKALINITY, TOT, CACO3","mg/L",55.5
"09/12/2000","S65E","ALKALINITY, TOT, CACO3","mg/L",55.84
"09/26/2000","S65E","ALKALINITY, TOT, CACO3","mg/L",51.38
"10/10/2000","S65E","ALKALINITY, TOT, CACO3","mg/L",26.0715
"10/16/2000","S65E","ALKALINITY, TOT, CACO3","mg/L",49.34
"10/24/2000","S65E","ALKALINITY, TOT, CACO3","mg/L",50.03
"11/07/2000","S65E","ALKALINITY, TOT, CACO3","mg/L",51
"11/21/2000","S65E","ALKALINITY, TOT, CACO3","mg/L",51.66
"12/05/2000","S65E","ALKALINITY, TOT, CACO3","mg/L",52.17
"12/19/2000","S65E","ALKALINITY, TOT, CACO3","mg/L",54.01
"01/02/2001","S65E","ALKALINITY, TOT, CACO3","mg/L",29.91
"01/16/2001","S65E","ALKALINITY, TOT, CACO3","mg/L",56.07
"01/22/2001","S65E","ALKALINITY, TOT, CACO3","mg/L",48.67
"01/30/2001","S65E","ALKALINITY, TOT, CACO3","mg/L",55.28
"02/13/2001","S65E","ALKALINITY, TOT, CACO3","mg/L",58.51
"02/27/2001","S65E","ALKALINITY, TOT, CACO3","mg/L",60.57
"03/13/2001","S65E","ALKALINITY, TOT, CACO3","mg/L",61.28
"03/27/2001","S65E","ALKALINITY, TOT, CACO3","mg/L",61.84
"04/10/2001","S65E","ALKALINITY, TOT, CACO3","mg/L",62.57
"04/16/2001","S65E","ALKALINITY, TOT, CACO3","mg/L",33.1885
"04/24/2001","S65E","ALKALINITY, TOT, CACO3","mg/L",33.533
"05/08/2001","S65E","ALKALINITY, TOT, CACO3","mg/L",33.904
"05/22/2001","S65E","ALKALINITY, TOT, CACO3","mg/L",67.26
"06/05/2001","S65E","ALKALINITY, TOT, CACO3","mg/L",64.45
"06/19/2001","S65E","ALKALINITY, TOT, CACO3","mg/L",33.4955
"07/03/2001","S65E","ALKALINITY, TOT, CACO3","mg/L",39.9856
"07/16/2001","S65E","ALKALINITY, TOT, CACO3","mg/L",66.935
"07/17/2001","S65E","ALKALINITY, TOT, CACO3","mg/L",66.41
"07/31/2001","S65E","ALKALINITY, TOT, CACO3","mg/L",46.32
"08/14/2001","S65E","ALKALINITY, TOT, CACO3","mg/L",39.71
"08/28/2001","S65E","ALKALINITY, TOT, CACO3","mg/L",44.36
"09/11/2001","S65E","ALKALINITY, TOT, CACO3","mg/L",30.033
"09/25/2001","S65E","ALKALINITY, TOT, CACO3","mg/L",37.78
"10/08/2001","S65E","ALKALINITY, TOT, CACO3","mg/L",41.95
"10/09/2001","S65E","ALKALINITY, TOT, CACO3","mg/L",42.22
"11/06/2001","S65E","ALKALINITY, TOT, CACO3","mg/L",19.475
"11/20/2001","S65E","ALKALINITY, TOT, CACO3","mg/L",20.7555
"12/04/2001","S65E","ALKALINITY, TOT, CACO3","mg/L",22.596
"12/18/2001","S65E","ALKALINITY, TOT, CACO3","mg/L",44.58
"01/02/2002","S65E","ALKALINITY, TOT, CACO3","mg/L",23.209
"01/15/2002","S65E","ALKALINITY, TOT, CACO3","mg/L",21.115
"01/29/2002","S65E","ALKALINITY, TOT, CACO3","mg/L",19.985
"02/12/2002","S65E","ALKALINITY, TOT, CACO3","mg/L",21.22
"02/26/2002","S65E","ALKALINITY, TOT, CACO3","mg/L",46.38
"03/12/2002","S65E","ALKALINITY, TOT, CACO3","mg/L",54.99
"03/18/2002","S65E","ALKALINITY, TOT, CACO3","mg/L",21.18
"03/26/2002","S65E","ALKALINITY, TOT, CACO3","mg/L",43.56
"04/09/2002","S65E","ALKALINITY, TOT, CACO3","mg/L",20.78
"04/23/2002","S65E","ALKALINITY, TOT, CACO3","mg/L",43.94
"05/07/2002","S65E","ALKALINITY, TOT, CACO3","mg/L",44.12
"05/21/2002","S65E","ALKALINITY, TOT, CACO3","mg/L",44.32
"06/04/2002","S65E","ALKALINITY, TOT, CACO3","mg/L",46.82
"06/18/2002","S65E","ALKALINITY, TOT, CACO3","mg/L",15.6566666666667
"06/24/2002","S65E","ALKALINITY, TOT, CACO3","mg/L",47.155
"07/02/2002","S65E","ALKALINITY, TOT, CACO3","mg/L",34.69
"07/16/2002","S65E","ALKALINITY, TOT, CACO3","mg/L",14.13
"07/30/2002","S65E","ALKALINITY, TOT, CACO3","mg/L",15.47
"08/13/2002","S65E","ALKALINITY, TOT, CACO3","mg/L",38.63
"08/27/2002","S65E","ALKALINITY, TOT, CACO3","mg/L",16.11
"09/10/2002","S65E","ALKALINITY, TOT, CACO3","mg/L",13.62
"09/16/2002","S65E","ALKALINITY, TOT, CACO3","mg/L",28.075
"09/24/2002","S65E","ALKALINITY, TOT, CACO3","mg/L",14.865
"10/08/2002","S65E","ALKALINITY, TOT, CACO3","mg/L",31.74
"10/22/2002","S65E","ALKALINITY, TOT, CACO3","mg/L",34.99
"11/05/2002","S65E","ALKALINITY, TOT, CACO3","mg/L",36.5
"11/19/2002","S65E","ALKALINITY, TOT, CACO3","mg/L",35.17
"12/03/2002","S65E","ALKALINITY, TOT, CACO3","mg/L",33.77
"12/17/2002","S65E","ALKALINITY, TOT, CACO3","mg/L",11.29
"12/30/2002","S65E","ALKALINITY, TOT, CACO3","mg/L",23.225
"12/31/2002","S65E","ALKALINITY, TOT, CACO3","mg/L",24.06
"01/14/2003","S65E","ALKALINITY, TOT, CACO3","mg/L",25.68
"01/28/2003","S65E","ALKALINITY, TOT, CACO3","mg/L",21.79
"02/11/2003","S65E","ALKALINITY, TOT, CACO3","mg/L",27.01
"02/25/2003","S65E","ALKALINITY, TOT, CACO3","mg/L",31.11
"03/11/2003","S65E","ALKALINITY, TOT, CACO3","mg/L",34.7
"03/24/2003","S65E","ALKALINITY, TOT, CACO3","mg/L",36.095
"03/25/2003","S65E","ALKALINITY, TOT, CACO3","mg/L",35.43
"04/08/2003","S65E","ALKALINITY, TOT, CACO3","mg/L",25.13
"04/22/2003","S65E","ALKALINITY, TOT, CACO3","mg/L",25.31
"05/06/2003","S65E","ALKALINITY, TOT, CACO3","mg/L",13.19
"05/20/2003","S65E","ALKALINITY, TOT, CACO3","mg/L",29.66
"06/03/2003","S65E","ALKALINITY, TOT, CACO3","mg/L",14.315
"06/16/2003","S65E","ALKALINITY, TOT, CACO3","mg/L",30.15
"06/17/2003","S65E","ALKALINITY, TOT, CACO3","mg/L",15.11
"07/01/2003","S65E","ALKALINITY, TOT, CACO3","mg/L",34.86
"07/15/2003","S65E","ALKALINITY, TOT, CACO3","mg/L",31.4
"07/29/2003","S65E","ALKALINITY, TOT, CACO3","mg/L",30.62
"08/12/2003","S65E","ALKALINITY, TOT, CACO3","mg/L",26.9
"08/26/2003","S65E","ALKALINITY, TOT, CACO3","mg/L",25.2
"09/09/2003","S65E","ALKALINITY, TOT, CACO3","mg/L",13
"09/15/2003","S65E","ALKALINITY, TOT, CACO3","mg/L",25
"09/23/2003","S65E","ALKALINITY, TOT, CACO3","mg/L",28
"10/07/2003","S65E","ALKALINITY, TOT, CACO3","mg/L",13.5
"10/21/2003","S65E","ALKALINITY, TOT, CACO3","mg/L",30
"11/04/2003","S65E","ALKALINITY, TOT, CACO3","mg/L",31
"11/18/2003","S65E","ALKALINITY, TOT, CACO3","mg/L",32
"12/02/2003","S65E","ALKALINITY, TOT, CACO3","mg/L",31
"12/15/2003","S65E","ALKALINITY, TOT, CACO3","mg/L",18.3333333333333
"12/16/2003","S65E","ALKALINITY, TOT, CACO3","mg/L",30
"12/30/2003","S65E","ALKALINITY, TOT, CACO3","mg/L",14
"01/13/2004","S65E","ALKALINITY, TOT, CACO3","mg/L",26
"01/27/2004","S65E","ALKALINITY, TOT, CACO3","mg/L",26
"02/10/2004","S65E","ALKALINITY, TOT, CACO3","mg/L",13.5
"02/24/2004","S65E","ALKALINITY, TOT, CACO3","mg/L",28
"03/09/2004","S65E","ALKALINITY, TOT, CACO3","mg/L",30
"03/15/2004","S65E","ALKALINITY, TOT, CACO3","mg/L",30
"03/23/2004","S65E","ALKALINITY, TOT, CACO3","mg/L",30
"04/06/2004","S65E","ALKALINITY, TOT, CACO3","mg/L",31
"04/20/2004","S65E","ALKALINITY, TOT, CACO3","mg/L",33
"05/04/2004","S65E","ALKALINITY, TOT, CACO3","mg/L",16
"05/17/2004","S65E","ALKALINITY, TOT, CACO3","mg/L",35.5
"05/18/2004","S65E","ALKALINITY, TOT, CACO3","mg/L",36
"06/08/2004","S65E","ALKALINITY, TOT, CACO3","mg/L",37
"06/22/2004","S65E","ALKALINITY, TOT, CACO3","mg/L",37
"07/06/2004","S65E","ALKALINITY, TOT, CACO3","mg/L",17.5
"07/20/2004","S65E","ALKALINITY, TOT, CACO3","mg/L",16.5
"08/03/2004","S65E","ALKALINITY, TOT, CACO3","mg/L",38
"08/17/2004","S65E","ALKALINITY, TOT, CACO3","mg/L",36
"08/23/2004","S65E","ALKALINITY, TOT, CACO3","mg/L",16.5
"08/31/2004","S65E","ALKALINITY, TOT, CACO3","mg/L",34
"09/14/2004","S65E","ALKALINITY, TOT, CACO3","mg/L",24
"09/29/2004","S65E","ALKALINITY, TOT, CACO3","mg/L",25
"10/12/2004","S65E","ALKALINITY, TOT, CACO3","mg/L",18
"10/26/2004","S65E","ALKALINITY, TOT, CACO3","mg/L",7.33333333333333
"11/09/2004","S65E","ALKALINITY, TOT, CACO3","mg/L",26
"11/22/2004","S65E","ALKALINITY, TOT, CACO3","mg/L",25
"12/07/2004","S65E","ALKALINITY, TOT, CACO3","mg/L",26
"12/21/2004","S65E","ALKALINITY, TOT, CACO3","mg/L",12.5
"01/04/2005","S65E","ALKALINITY, TOT, CACO3","mg/L",25
"01/18/2005","S65E","ALKALINITY, TOT, CACO3","mg/L",27
"02/01/2005","S65E","ALKALINITY, TOT, CACO3","mg/L",28
"02/14/2005","S65E","ALKALINITY, TOT, CACO3","mg/L",28
"02/15/2005","S65E","ALKALINITY, TOT, CACO3","mg/L",26
"03/01/2005","S65E","ALKALINITY, TOT, CACO3","mg/L",12.5
"03/15/2005","S65E","ALKALINITY, TOT, CACO3","mg/L",27
"03/29/2005","S65E","ALKALINITY, TOT, CACO3","mg/L",23
"04/12/2005","S65E","ALKALINITY, TOT, CACO3","mg/L",22
"04/26/2005","S65E","ALKALINITY, TOT, CACO3","mg/L",25
"05/10/2005","S65E","ALKALINITY, TOT, CACO3","mg/L",28
"05/16/2005","S65E","ALKALINITY, TOT, CACO3","mg/L",12
"05/24/2005","S65E","ALKALINITY, TOT, CACO3","mg/L",26
"06/07/2005","S65E","ALKALINITY, TOT, CACO3","mg/L",6.66666666666667
"06/21/2005","S65E","ALKALINITY, TOT, CACO3","mg/L",25
"07/05/2005","S65E","ALKALINITY, TOT, CACO3","mg/L",11
"07/19/2005","S65E","ALKALINITY, TOT, CACO3","mg/L",10.5
"08/02/2005","S65E","ALKALINITY, TOT, CACO3","mg/L",10.5
"08/16/2005","S65E","ALKALINITY, TOT, CACO3","mg/L",23
"08/22/2005","S65E","ALKALINITY, TOT, CACO3","mg/L",23
"08/30/2005","S65E","ALKALINITY, TOT, CACO3","mg/L",21
"09/12/2005","S65E","ALKALINITY, TOT, CACO3","mg/L",9.5
"09/26/2005","S65E","ALKALINITY, TOT, CACO3","mg/L",24
"10/11/2005","S65E","ALKALINITY, TOT, CACO3","mg/L",27
"11/08/2005","S65E","ALKALINITY, TOT, CACO3","mg/L",6.5
"11/14/2005","S65E","ALKALINITY, TOT, CACO3","mg/L",16
"11/16/2005","S65E","ALKALINITY, TOT, CACO3","mg/L",16
"12/06/2005","S65E","ALKALINITY, TOT, CACO3","mg/L",22
"12/20/2005","S65E","ALKALINITY, TOT, CACO3","mg/L",21
"01/03/2006","S65E","ALKALINITY, TOT, CACO3","mg/L",20
"01/17/2006","S65E","ALKALINITY, TOT, CACO3","mg/L",17
"01/30/2006","S65E","ALKALINITY, TOT, CACO3","mg/L",21
"02/13/2006","S65E","ALKALINITY, TOT, CACO3","mg/L",10.5
"02/21/2006","S65E","ALKALINITY, TOT, CACO3","mg/L",11
"02/28/2006","S65E","ALKALINITY, TOT, CACO3","mg/L",20
"03/13/2006","S65E","ALKALINITY, TOT, CACO3","mg/L",11.5
"03/28/2006","S65E","ALKALINITY, TOT, CACO3","mg/L",26
"04/11/2006","S65E","ALKALINITY, TOT, CACO3","mg/L",14
"04/24/2006","S65E","ALKALINITY, TOT, CACO3","mg/L",28
"05/08/2006","S65E","ALKALINITY, TOT, CACO3","mg/L",30
"05/22/2006","S65E","ALKALINITY, TOT, CACO3","mg/L",26
"05/23/2006","S65E","ALKALINITY, TOT, CACO3","mg/L",13
"06/06/2006","S65E","ALKALINITY, TOT, CACO3","mg/L",15.6
"06/19/2006","S65E","ALKALINITY, TOT, CACO3","mg/L",14
"07/18/2006","S65E","ALKALINITY, TOT, CACO3","mg/L",33
"07/31/2006","S65E","ALKALINITY, TOT, CACO3","mg/L",17
"08/14/2006","S65E","ALKALINITY, TOT, CACO3","mg/L",36
"08/21/2006","S65E","ALKALINITY, TOT, CACO3","mg/L",36
"08/31/2006","S65E","ALKALINITY, TOT, CACO3","mg/L",40
"09/11/2006","S65E","ALKALINITY, TOT, CACO3","mg/L",9
"09/25/2006","S65E","ALKALINITY, TOT, CACO3","mg/L",32
"10/10/2006","S65E","ALKALINITY, TOT, CACO3","mg/L",35
"10/24/2006","S65E","ALKALINITY, TOT, CACO3","mg/L",38
"11/07/2006","S65E","ALKALINITY, TOT, CACO3","mg/L",36
"11/21/2006","S65E","ALKALINITY, TOT, CACO3","mg/L",35
"11/27/2006","S65E","ALKALINITY, TOT, CACO3","mg/L",36
"12/05/2006","S65E","ALKALINITY, TOT, CACO3","mg/L",17.5
"12/19/2006","S65E","ALKALINITY, TOT, CACO3","mg/L",28
"01/02/2007","S65E","ALKALINITY, TOT, CACO3","mg/L",18.5
"01/16/2007","S65E","ALKALINITY, TOT, CACO3","mg/L",41
"01/30/2007","S65E","ALKALINITY, TOT, CACO3","mg/L",21.5
"02/13/2007","S65E","ALKALINITY, TOT, CACO3","mg/L",45
"02/26/2007","S65E","ALKALINITY, TOT, CACO3","mg/L",47
"02/27/2007","S65E","ALKALINITY, TOT, CACO3","mg/L",48
"03/13/2007","S65E","ALKALINITY, TOT, CACO3","mg/L",37.25
"03/27/2007","S65E","ALKALINITY, TOT, CACO3","mg/L",49
"04/10/2007","S65E","ALKALINITY, TOT, CACO3","mg/L",51
"04/24/2007","S65E","ALKALINITY, TOT, CACO3","mg/L",54
"05/08/2007","S65E","ALKALINITY, TOT, CACO3","mg/L",25.5
"05/21/2007","S65E","ALKALINITY, TOT, CACO3","mg/L",55
"05/22/2007","S65E","ALKALINITY, TOT, CACO3","mg/L",54
"06/05/2007","S65E","ALKALINITY, TOT, CACO3","mg/L",33
"06/19/2007","S65E","ALKALINITY, TOT, CACO3","mg/L",60
"07/02/2007","S65E","ALKALINITY, TOT, CACO3","mg/L",62
"07/17/2007","S65E","ALKALINITY, TOT, CACO3","mg/L",63
"08/06/2007","S65E","ALKALINITY, TOT, CACO3","mg/L",21.5
"08/20/2007","S65E","ALKALINITY, TOT, CACO3","mg/L",29.25
"08/21/2007","S65E","ALKALINITY, TOT, CACO3","mg/L",38
"09/04/2007","S65E","ALKALINITY, TOT, CACO3","mg/L",19.5
"09/17/2007","S65E","ALKALINITY, TOT, CACO3","mg/L",44
"10/01/2007","S65E","ALKALINITY, TOT, CACO3","mg/L",40
"10/15/2007","S65E","ALKALINITY, TOT, CACO3","mg/L",19.5
"10/29/2007","S65E","ALKALINITY, TOT, CACO3","mg/L",33
"11/05/2007","S65E","ALKALINITY, TOT, CACO3","mg/L",38
"11/20/2007","S65E","ALKALINITY, TOT, CACO3","mg/L",40
"11/26/2007","S65E","ALKALINITY, TOT, CACO3","mg/L",40
"12/03/2007","S65E","ALKALINITY, TOT, CACO3","mg/L",22.4
"12/18/2007","S65E","ALKALINITY, TOT, CACO3","mg/L",41
"01/17/2008","S65E","ALKALINITY, TOT, CACO3","mg/L",46
"01/29/2008","S65E","ALKALINITY, TOT, CACO3","mg/L",22
"02/04/2008","S65E","ALKALINITY, TOT, CACO3","mg/L",47
"02/19/2008","S65E","ALKALINITY, TOT, CACO3","mg/L",47
"02/20/2008","S65E","ALKALINITY, TOT, CACO3","mg/L",48
"03/03/2008","S65E","ALKALINITY, TOT, CACO3","mg/L",29
"03/17/2008","S65E","ALKALINITY, TOT, CACO3","mg/L",22
"04/07/2008","S65E","ALKALINITY, TOT, CACO3","mg/L",44
"04/21/2008","S65E","ALKALINITY, TOT, CACO3","mg/L",44
"05/06/2008","S65E","ALKALINITY, TOT, CACO3","mg/L",46
"05/19/2008","S65E","ALKALINITY, TOT, CACO3","mg/L",24
"05/28/2008","S65E","ALKALINITY, TOT, CACO3","mg/L",52
"06/03/2008","S65E","ALKALINITY, TOT, CACO3","mg/L",29.4
"06/17/2008","S65E","ALKALINITY, TOT, CACO3","mg/L",54
"07/01/2008","S65E","ALKALINITY, TOT, CACO3","mg/L",28
"07/16/2008","S65E","ALKALINITY, TOT, CACO3","mg/L",19
"08/06/2008","S65E","ALKALINITY, TOT, CACO3","mg/L",29
"08/26/2008","S65E","ALKALINITY, TOT, CACO3","mg/L",22
"08/28/2008","S65E","ALKALINITY, TOT, CACO3","mg/L",26
"09/08/2008","S65E","ALKALINITY, TOT, CACO3","mg/L",25.8
"09/22/2008","S65E","ALKALINITY, TOT, CACO3","mg/L",39
"10/06/2008","S65E","ALKALINITY, TOT, CACO3","mg/L",20
"10/20/2008","S65E","ALKALINITY, TOT, CACO3","mg/L",24.5
"11/13/2008","S65E","ALKALINITY, TOT, CACO3","mg/L",26
"11/19/2008","S65E","ALKALINITY, TOT, CACO3","mg/L",56
"11/24/2008","S65E","ALKALINITY, TOT, CACO3","mg/L",58
"12/10/2008","S65E","ALKALINITY, TOT, CACO3","mg/L",30.5
"12/23/2008","S65E","ALKALINITY, TOT, CACO3","mg/L",27.5
"01/14/2009","S65E","ALKALINITY, TOT, CACO3","mg/L",27
"01/27/2009","S65E","ALKALINITY, TOT, CACO3","mg/L",55
"02/02/2009","S65E","ALKALINITY, TOT, CACO3","mg/L",54
"02/17/2009","S65E","ALKALINITY, TOT, CACO3","mg/L",54
"02/18/2009","S65E","ALKALINITY, TOT, CACO3","mg/L",54
"03/03/2009","S65E","ALKALINITY, TOT, CACO3","mg/L",30.6
"03/17/2009","S65E","ALKALINITY, TOT, CACO3","mg/L",52
"03/31/2009","S65E","ALKALINITY, TOT, CACO3","mg/L",25.5
"04/14/2009","S65E","ALKALINITY, TOT, CACO3","mg/L",29.5
"04/29/2009","S65E","ALKALINITY, TOT, CACO3","mg/L",68
"05/13/2009","S65E","ALKALINITY, TOT, CACO3","mg/L",33
"05/20/2009","S65E","ALKALINITY, TOT, CACO3","mg/L",67
"05/27/2009","S65E","ALKALINITY, TOT, CACO3","mg/L",58
"06/02/2009","S65E","ALKALINITY, TOT, CACO3","mg/L",25
"06/16/2009","S65E","ALKALINITY, TOT, CACO3","mg/L",16.3333333333333
"07/07/2009","S65E","ALKALINITY, TOT, CACO3","mg/L",22
"07/20/2009","S65E","ALKALINITY, TOT, CACO3","mg/L",41
"08/04/2009","S65E","ALKALINITY, TOT, CACO3","mg/L",18.5
"08/18/2009","S65E","ALKALINITY, TOT, CACO3","mg/L",17
"08/26/2009","S65E","ALKALINITY, TOT, CACO3","mg/L",44
"09/08/2009","S65E","ALKALINITY, TOT, CACO3","mg/L",18
"09/22/2009","S65E","ALKALINITY, TOT, CACO3","mg/L",20.6
"10/07/2009","S65E","ALKALINITY, TOT, CACO3","mg/L",17.5
"10/21/2009","S65E","ALKALINITY, TOT, CACO3","mg/L",17
"11/09/2009","S65E","ALKALINITY, TOT, CACO3","mg/L",19.5
"11/18/2009","S65E","ALKALINITY, TOT, CACO3","mg/L",19
"11/30/2009","S65E","ALKALINITY, TOT, CACO3","mg/L",20
"12/16/2009","S65E","ALKALINITY, TOT, CACO3","mg/L",21.5
"12/28/2009","S65E","ALKALINITY, TOT, CACO3","mg/L",20.5
"01/11/2010","S65E","ALKALINITY, TOT, CACO3","mg/L",42
"01/25/2010","S65E","ALKALINITY, TOT, CACO3","mg/L",40
"02/08/2010","S65E","ALKALINITY, TOT, CACO3","mg/L",31
"02/17/2010","S65E","ALKALINITY, TOT, CACO3","mg/L",28
"02/24/2010","S65E","ALKALINITY, TOT, CACO3","mg/L",29
"03/15/2010","S65E","ALKALINITY, TOT, CACO3","mg/L",19.2
"03/29/2010","S65E","ALKALINITY, TOT, CACO3","mg/L",30
"04/12/2010","S65E","ALKALINITY, TOT, CACO3","mg/L",14
"04/26/2010","S65E","ALKALINITY, TOT, CACO3","mg/L",30
"05/10/2010","S65E","ALKALINITY, TOT, CACO3","mg/L",14.5
"05/24/2010","S65E","ALKALINITY, TOT, CACO3","mg/L",31
"05/26/2010","S65E","ALKALINITY, TOT, CACO3","mg/L",32
"06/07/2010","S65E","ALKALINITY, TOT, CACO3","mg/L",24.5
"06/21/2010","S65E","ALKALINITY, TOT, CACO3","mg/L",36
"07/08/2010","S65E","ALKALINITY, TOT, CACO3","mg/L",17
"07/19/2010","S65E","ALKALINITY, TOT, CACO3","mg/L",32
"08/02/2010","S65E","ALKALINITY, TOT, CACO3","mg/L",33
"08/16/2010","S65E","ALKALINITY, TOT, CACO3","mg/L",40
"08/18/2010","S65E","ALKALINITY, TOT, CACO3","mg/L",40
"09/14/2010","S65E","ALKALINITY, TOT, CACO3","mg/L",36
"09/27/2010","S65E","ALKALINITY, TOT, CACO3","mg/L",37
"10/11/2010","S65E","ALKALINITY, TOT, CACO3","mg/L",37
"10/26/2010","S65E","ALKALINITY, TOT, CACO3","mg/L",37
"11/09/2010","S65E","ALKALINITY, TOT, CACO3","mg/L",38
"11/17/2010","S65E","ALKALINITY, TOT, CACO3","mg/L",38
"11/29/2010","S65E","ALKALINITY, TOT, CACO3","mg/L",42
"12/09/2010","S65E","ALKALINITY, TOT, CACO3","mg/L",42
"12/22/2010","S65E","ALKALINITY, TOT, CACO3","mg/L",44
"01/10/2011","S65E","ALKALINITY, TOT, CACO3","mg/L",41
"01/24/2011","S65E","ALKALINITY, TOT, CACO3","mg/L",40
"02/07/2011","S65E","ALKALINITY, TOT, CACO3","mg/L",40
"02/17/2011","S65E","ALKALINITY, TOT, CACO3","mg/L",42
"02/23/2011","S65E","ALKALINITY, TOT, CACO3","mg/L",42
"03/09/2011","S65E","ALKALINITY, TOT, CACO3","mg/L",41.3333333333333
"03/23/2011","S65E","ALKALINITY, TOT, CACO3","mg/L",40
"04/13/2011","S65E","ALKALINITY, TOT, CACO3","mg/L",36
"04/27/2011","S65E","ALKALINITY, TOT, CACO3","mg/L",36
"05/11/2011","S65E","ALKALINITY, TOT, CACO3","mg/L",36
"05/18/2011","S65E","ALKALINITY, TOT, CACO3","mg/L",38
"05/25/2011","S65E","ALKALINITY, TOT, CACO3","mg/L",38
"06/08/2011","S65E","ALKALINITY, TOT, CACO3","mg/L",43
"06/20/2011","S65E","ALKALINITY, TOT, CACO3","mg/L",45
"07/06/2011","S65E","ALKALINITY, TOT, CACO3","mg/L",44
"07/20/2011","S65E","ALKALINITY, TOT, CACO3","mg/L",36
"08/03/2011","S65E","ALKALINITY, TOT, CACO3","mg/L",34
"08/17/2011","S65E","ALKALINITY, TOT, CACO3","mg/L",40
"08/24/2011","S65E","ALKALINITY, TOT, CACO3","mg/L",38
"08/31/2011","S65E","ALKALINITY, TOT, CACO3","mg/L",33
"09/14/2011","S65E","ALKALINITY, TOT, CACO3","mg/L",33
"09/28/2011","S65E","ALKALINITY, TOT, CACO3","mg/L",43
"10/12/2011","S65E","ALKALINITY, TOT, CACO3","mg/L",23
"10/26/2011","S65E","ALKALINITY, TOT, CACO3","mg/L",28
"11/07/2011","S65E","ALKALINITY, TOT, CACO3","mg/L",29
"11/16/2011","S65E","ALKALINITY, TOT, CACO3","mg/L",28
"11/22/2011","S65E","ALKALINITY, TOT, CACO3","mg/L",30
"12/07/2011","S65E","ALKALINITY, TOT, CACO3","mg/L",32
"12/21/2011","S65E","ALKALINITY, TOT, CACO3","mg/L",30
"01/04/2012","S65E","ALKALINITY, TOT, CACO3","mg/L",32
"01/18/2012","S65E","ALKALINITY, TOT, CACO3","mg/L",33
"02/01/2012","S65E","ALKALINITY, TOT, CACO3","mg/L",30
"02/15/2012","S65E","ALKALINITY, TOT, CACO3","mg/L",30
"02/22/2012","S65E","ALKALINITY, TOT, CACO3","mg/L",30
"02/29/2012","S65E","ALKALINITY, TOT, CACO3","mg/L",29
"03/14/2012","S65E","ALKALINITY, TOT, CACO3","mg/L",30
"03/28/2012","S65E","ALKALINITY, TOT, CACO3","mg/L",32
"04/11/2012","S65E","ALKALINITY, TOT, CACO3","mg/L",36
"04/25/2012","S65E","ALKALINITY, TOT, CACO3","mg/L",38
"05/09/2012","S65E","ALKALINITY, TOT, CACO3","mg/L",41
"05/16/2012","S65E","ALKALINITY, TOT, CACO3","mg/L",37
"05/23/2012","S65E","ALKALINITY, TOT, CACO3","mg/L",34
"06/06/2012","S65E","ALKALINITY, TOT, CACO3","mg/L",37
"06/20/2012","S65E","ALKALINITY, TOT, CACO3","mg/L",39
"07/11/2012","S65E","ALKALINITY, TOT, CACO3","mg/L",31
"07/25/2012","S65E","ALKALINITY, TOT, CACO3","mg/L",32
"08/08/2012","S65E","ALKALINITY, TOT, CACO3","mg/L",38
"08/22/2012","S65E","ALKALINITY, TOT, CACO3","mg/L",41
"09/05/2012","S65E","ALKALINITY, TOT, CACO3","mg/L",27
"09/19/2012","S65E","ALKALINITY, TOT, CACO3","mg/L",28
"10/03/2012","S65E","ALKALINITY, TOT, CACO3","mg/L",28
"10/17/2012","S65E","ALKALINITY, TOT, CACO3","mg/L",27
"10/31/2012","S65E","ALKALINITY, TOT, CACO3","mg/L",35
"11/14/2012","S65E","ALKALINITY, TOT, CACO3","mg/L",35
"11/28/2012","S65E","ALKALINITY, TOT, CACO3","mg/L",36
"12/05/2012","S65E","ALKALINITY, TOT, CACO3","mg/L",38
"12/19/2012","S65E","ALKALINITY, TOT, CACO3","mg/L",36
"01/02/2013","S65E","ALKALINITY, TOT, CACO3","mg/L",27
"01/16/2013","S65E","ALKALINITY, TOT, CACO3","mg/L",36
"01/30/2013","S65E","ALKALINITY, TOT, CACO3","mg/L",39
"02/06/2013","S65E","ALKALINITY, TOT, CACO3","mg/L",41
"02/13/2013","S65E","ALKALINITY, TOT, CACO3","mg/L",42
"02/27/2013","S65E","ALKALINITY, TOT, CACO3","mg/L",43
"03/13/2013","S65E","ALKALINITY, TOT, CACO3","mg/L",43
"03/27/2013","S65E","ALKALINITY, TOT, CACO3","mg/L",43
"04/10/2013","S65E","ALKALINITY, TOT, CACO3","mg/L",43
"04/24/2013","S65E","ALKALINITY, TOT, CACO3","mg/L",42
"05/08/2013","S65E","ALKALINITY, TOT, CACO3","mg/L",40.5
"05/22/2013","S65E","ALKALINITY, TOT, CACO3","mg/L",40
"06/05/2013","S65E","ALKALINITY, TOT, CACO3","mg/L",43
"06/19/2013","S65E","ALKALINITY, TOT, CACO3","mg/L",32
"07/02/2013","S65E","ALKALINITY, TOT, CACO3","mg/L",39
"07/17/2013","S65E","ALKALINITY, TOT, CACO3","mg/L",32
"07/31/2013","S65E","ALKALINITY, TOT, CACO3","mg/L",29
"08/07/2013","S65E","ALKALINITY, TOT, CACO3","mg/L",33
"08/14/2013","S65E","ALKALINITY, TOT, CACO3","mg/L",33
"08/28/2013","S65E","ALKALINITY, TOT, CACO3","mg/L",35
"09/11/2013","S65E","ALKALINITY, TOT, CACO3","mg/L",30
"09/25/2013","S65E","ALKALINITY, TOT, CACO3","mg/L",27
"10/09/2013","S65E","ALKALINITY, TOT, CACO3","mg/L",28
"10/23/2013","S65E","ALKALINITY, TOT, CACO3","mg/L",31
"11/04/2013","S65E","ALKALINITY, TOT, CACO3","mg/L",36
"11/06/2013","S65E","ALKALINITY, TOT, CACO3","mg/L",37
"11/20/2013","S65E","ALKALINITY, TOT, CACO3","mg/L",38
"12/04/2013","S65E","ALKALINITY, TOT, CACO3","mg/L",40
"12/18/2013","S65E","ALKALINITY, TOT, CACO3","mg/L",40
"12/30/2013","S65E","ALKALINITY, TOT, CACO3","mg/L",41
"01/15/2014","S65E","ALKALINITY, TOT, CACO3","mg/L",41
"01/29/2014","S65E","ALKALINITY, TOT, CACO3","mg/L",40
"02/03/2014","S65E","ALKALINITY, TOT, CACO3","mg/L",39
"02/12/2014","S65E","ALKALINITY, TOT, CACO3","mg/L",37
"02/26/2014","S65E","ALKALINITY, TOT, CACO3","mg/L",36
"03/12/2014","S65E","ALKALINITY, TOT, CACO3","mg/L",37
"03/26/2014","S65E","ALKALINITY, TOT, CACO3","mg/L",38
"04/09/2014","S65E","ALKALINITY, TOT, CACO3","mg/L",36
"04/23/2014","S65E","ALKALINITY, TOT, CACO3","mg/L",38
"05/05/2014","S65E","ALKALINITY, TOT, CACO3","mg/L",39
"05/07/2014","S65E","ALKALINITY, TOT, CACO3","mg/L",39
"05/21/2014","S65E","ALKALINITY, TOT, CACO3","mg/L",40
"06/04/2014","S65E","ALKALINITY, TOT, CACO3","mg/L",43
"06/18/2014","S65E","ALKALINITY, TOT, CACO3","mg/L",44
"07/01/2014","S65E","ALKALINITY, TOT, CACO3","mg/L",33
"07/16/2014","S65E","ALKALINITY, TOT, CACO3","mg/L",29
"07/30/2014","S65E","ALKALINITY, TOT, CACO3","mg/L",34
"08/13/2014","S65E","ALKALINITY, TOT, CACO3","mg/L",30
"08/18/2014","S65E","ALKALINITY, TOT, CACO3","mg/L",30
"08/27/2014","S65E","ALKALINITY, TOT, CACO3","mg/L",30
"09/10/2014","S65E","ALKALINITY, TOT, CACO3","mg/L",35
"09/24/2014","S65E","ALKALINITY, TOT, CACO3","mg/L",32
"10/08/2014","S65E","ALKALINITY, TOT, CACO3","mg/L",25
"10/22/2014","S65E","ALKALINITY, TOT, CACO3","mg/L",30
"11/03/2014","S65E","ALKALINITY, TOT, CACO3","mg/L",33
"11/05/2014","S65E","ALKALINITY, TOT, CACO3","mg/L",33
"11/19/2014","S65E","ALKALINITY, TOT, CACO3","mg/L",38
"12/03/2014","S65E","ALKALINITY, TOT, CACO3","mg/L",39
"12/17/2014","S65E","ALKALINITY, TOT, CACO3","mg/L",33
"12/30/2014","S65E","ALKALINITY, TOT, CACO3","mg/L",34
"01/14/2015","S65E","ALKALINITY, TOT, CACO3","mg/L",34
"01/28/2015","S65E","ALKALINITY, TOT, CACO3","mg/L",30
"02/02/2015","S65E","ALKALINITY, TOT, CACO3","mg/L",29
"02/11/2015","S65E","ALKALINITY, TOT, CACO3","mg/L",28
"02/25/2015","S65E","ALKALINITY, TOT, CACO3","mg/L",26
"03/11/2015","S65E","ALKALINITY, TOT, CACO3","mg/L",25
"03/25/2015","S65E","ALKALINITY, TOT, CACO3","mg/L",29
"04/08/2015","S65E","ALKALINITY, TOT, CACO3","mg/L",29
"04/22/2015","S65E","ALKALINITY, TOT, CACO3","mg/L",32
"05/04/2015","S65E","ALKALINITY, TOT, CACO3","mg/L",31
"05/06/2015","S65E","ALKALINITY, TOT, CACO3","mg/L",30
"05/20/2015","S65E","ALKALINITY, TOT, CACO3","mg/L",32
"06/03/2015","S65E","ALKALINITY, TOT, CACO3","mg/L",38
"06/17/2015","S65E","ALKALINITY, TOT, CACO3","mg/L",38
"07/01/2015","S65E","ALKALINITY, TOT, CACO3","mg/L",37
"07/15/2015","S65E","ALKALINITY, TOT, CACO3","mg/L",34
"07/29/2015","S65E","ALKALINITY, TOT, CACO3","mg/L",32
"08/03/2015","S65E","ALKALINITY, TOT, CACO3","mg/L",31
"08/12/2015","S65E","ALKALINITY, TOT, CACO3","mg/L",29
"08/26/2015","S65E","ALKALINITY, TOT, CACO3","mg/L",28
"09/09/2015","S65E","ALKALINITY, TOT, CACO3","mg/L",27
"09/23/2015","S65E","ALKALINITY, TOT, CACO3","mg/L",30
"10/07/2015","S65E","ALKALINITY, TOT, CACO3","mg/L",27
"10/21/2015","S65E","ALKALINITY, TOT, CACO3","mg/L",28
"10/26/2015","S65E","ALKALINITY, TOT, CACO3","mg/L",28
"11/04/2015","S65E","ALKALINITY, TOT, CACO3","mg/L",30
"11/18/2015","S65E","ALKALINITY, TOT, CACO3","mg/L",33
"12/02/2015","S65E","ALKALINITY, TOT, CACO3","mg/L",37
"12/21/2015","S65E","ALKALINITY, TOT, CACO3","mg/L",37
"01/04/2016","S65E","ALKALINITY, TOT, CACO3","mg/L",36
"01/20/2016","S65E","ALKALINITY, TOT, CACO3","mg/L",32
"02/01/2016","S65E","ALKALINITY, TOT, CACO3","mg/L",25
"02/15/2016","S65E","ALKALINITY, TOT, CACO3","mg/L",23
"02/29/2016","S65E","ALKALINITY, TOT, CACO3","mg/L",27
"03/14/2016","S65E","ALKALINITY, TOT, CACO3","mg/L",28
"03/28/2016","S65E","ALKALINITY, TOT, CACO3","mg/L",35
"04/11/2016","S65E","ALKALINITY, TOT, CACO3","mg/L",29
"04/25/2016","S65E","ALKALINITY, TOT, CACO3","mg/L",27
"05/09/2016","S65E","ALKALINITY, TOT, CACO3","mg/L",32
"05/23/2016","S65E","ALKALINITY, TOT, CACO3","mg/L",22
"06/06/2016","S65E","ALKALINITY, TOT, CACO3","mg/L",28
"06/20/2016","S65E","ALKALINITY, TOT, CACO3","mg/L",24
"07/06/2016","S65E","ALKALINITY, TOT, CACO3","mg/L",27
"07/18/2016","S65E","ALKALINITY, TOT, CACO3","mg/L",27
"08/01/2016","S65E","ALKALINITY, TOT, CACO3","mg/L",28
"08/15/2016","S65E","ALKALINITY, TOT, CACO3","mg/L",31
"08/29/2016","S65E","ALKALINITY, TOT, CACO3","mg/L",31
"09/12/2016","S65E","ALKALINITY, TOT, CACO3","mg/L",24
"09/26/2016","S65E","ALKALINITY, TOT, CACO3","mg/L",26
"10/10/2016","S65E","ALKALINITY, TOT, CACO3","mg/L",25
"10/24/2016","S65E","ALKALINITY, TOT, CACO3","mg/L",24
"11/07/2016","S65E","ALKALINITY, TOT, CACO3","mg/L",26
"11/21/2016","S65E","ALKALINITY, TOT, CACO3","mg/L",27
"12/19/2016","S65E","ALKALINITY, TOT, CACO3","mg/L",28
"01/09/2017","S65E","ALKALINITY, TOT, CACO3","mg/L",30
"01/23/2017","S65E","ALKALINITY, TOT, CACO3","mg/L",34
"02/06/2017","S65E","ALKALINITY, TOT, CACO3","mg/L",41
"02/20/2017","S65E","ALKALINITY, TOT, CACO3","mg/L",50
"03/06/2017","S65E","ALKALINITY, TOT, CACO3","mg/L",50
"03/13/2017","S65E","ALKALINITY, TOT, CACO3","mg/L",45
"03/20/2017","S65E","ALKALINITY, TOT, CACO3","mg/L",33.3333333333333
"04/17/2017","S65E","ALKALINITY, TOT, CACO3","mg/L",43
"04/24/2017","S65E","ALKALINITY, TOT, CACO3","mg/L",44
"05/01/2017","S65E","ALKALINITY, TOT, CACO3","mg/L",45
"05/08/2017","S65E","ALKALINITY, TOT, CACO3","mg/L",51
"06/05/2017","S65E","ALKALINITY, TOT, CACO3","mg/L",51
"06/12/2017","S65E","ALKALINITY, TOT, CACO3","mg/L",45
"06/19/2017","S65E","ALKALINITY, TOT, CACO3","mg/L",47
"07/05/2017","S65E","ALKALINITY, TOT, CACO3","mg/L",41
"07/17/2017","S65E","ALKALINITY, TOT, CACO3","mg/L",41
"08/01/2017","S65E","ALKALINITY, TOT, CACO3","mg/L",28
"08/14/2017","S65E","ALKALINITY, TOT, CACO3","mg/L",42
"08/28/2017","S65E","ALKALINITY, TOT, CACO3","mg/L",44
"09/13/2017","S65E","ALKALINITY, TOT, CACO3","mg/L",30
"09/25/2017","S65E","ALKALINITY, TOT, CACO3","mg/L",28
"10/09/2017","S65E","ALKALINITY, TOT, CACO3","mg/L",30
"10/23/2017","S65E","ALKALINITY, TOT, CACO3","mg/L",30
"11/06/2017","S65E","ALKALINITY, TOT, CACO3","mg/L",28
"11/20/2017","S65E","ALKALINITY, TOT, CACO3","mg/L",32
"12/04/2017","S65E","ALKALINITY, TOT, CACO3","mg/L",34
"12/18/2017","S65E","ALKALINITY, TOT, CACO3","mg/L",36
"01/16/2018","S65E","ALKALINITY, TOT, CACO3","mg/L",32
"02/12/2018","S65E","ALKALINITY, TOT, CACO3","mg/L",32
"03/12/2018","S65E","ALKALINITY, TOT, CACO3","mg/L",36
"03/26/2018","S65E","ALKALINITY, TOT, CACO3","mg/L",40
"04/09/2018","S65E","ALKALINITY, TOT, CACO3","mg/L",39
"04/23/2018","S65E","ALKALINITY, TOT, CACO3","mg/L",40
"05/07/2018","S65E","ALKALINITY, TOT, CACO3","mg/L",39
"05/21/2018","S65E","ALKALINITY, TOT, CACO3","mg/L",37
"06/04/2018","S65E","ALKALINITY, TOT, CACO3","mg/L",40
"06/18/2018","S65E","ALKALINITY, TOT, CACO3","mg/L",34
"07/02/2018","S65E","ALKALINITY, TOT, CACO3","mg/L",37
"07/16/2018","S65E","ALKALINITY, TOT, CACO3","mg/L",36
"07/30/2018","S65E","ALKALINITY, TOT, CACO3","mg/L",36
"08/06/2018","S65E","ALKALINITY, TOT, CACO3","mg/L",35
"08/20/2018","S65E","ALKALINITY, TOT, CACO3","mg/L",34
"09/04/2018","S65E","ALKALINITY, TOT, CACO3","mg/L",34
"09/17/2018","S65E","ALKALINITY, TOT, CACO3","mg/L",32
"10/01/2018","S65E","ALKALINITY, TOT, CACO3","mg/L",32
"10/04/2018","S65E","ALKALINITY, TOT, CACO3","mg/L",159
"10/15/2018","S65E","ALKALINITY, TOT, CACO3","mg/L",30
"10/29/2018","S65E","ALKALINITY, TOT, CACO3","mg/L",30
"11/13/2018","S65E","ALKALINITY, TOT, CACO3","mg/L",34
"11/26/2018","S65E","ALKALINITY, TOT, CACO3","mg/L",37.3333333333333
"12/11/2018","S65E","ALKALINITY, TOT, CACO3","mg/L",38
"12/26/2018","S65E","ALKALINITY, TOT, CACO3","mg/L",36
"01/07/2019","S65E","ALKALINITY, TOT, CACO3","mg/L",35
"01/22/2019","S65E","ALKALINITY, TOT, CACO3","mg/L",36
"02/04/2019","S65E","ALKALINITY, TOT, CACO3","mg/L",27
"02/18/2019","S65E","ALKALINITY, TOT, CACO3","mg/L",32
"03/04/2019","S65E","ALKALINITY, TOT, CACO3","mg/L",33
"03/06/2019","S65E","ALKALINITY, TOT, CACO3","mg/L",33
"03/18/2019","S65E","ALKALINITY, TOT, CACO3","mg/L",37
"04/08/2019","S65E","ALKALINITY, TOT, CACO3","mg/L",36
"04/22/2019","S65E","ALKALINITY, TOT, CACO3","mg/L",33
"05/06/2019","S65E","ALKALINITY, TOT, CACO3","mg/L",35
"05/20/2019","S65E","ALKALINITY, TOT, CACO3","mg/L",35
"06/03/2019","S65E","ALKALINITY, TOT, CACO3","mg/L",38
"06/17/2019","S65E","ALKALINITY, TOT, CACO3","mg/L",44
"06/20/2019","S65E","ALKALINITY, TOT, CACO3","mg/L",44
"07/01/2019","S65E","ALKALINITY, TOT, CACO3","mg/L",36
"07/15/2019","S65E","ALKALINITY, TOT, CACO3","mg/L",32
"07/29/2019","S65E","ALKALINITY, TOT, CACO3","mg/L",33
"08/12/2019","S65E","ALKALINITY, TOT, CACO3","mg/L",28
"08/26/2019","S65E","ALKALINITY, TOT, CACO3","mg/L",25
"09/09/2019","S65E","ALKALINITY, TOT, CACO3","mg/L",30
"09/23/2019","S65E","ALKALINITY, TOT, CACO3","mg/L",34
"10/08/2019","S65E","ALKALINITY, TOT, CACO3","mg/L",42
"10/21/2019","S65E","ALKALINITY, TOT, CACO3","mg/L",43
"11/04/2019","S65E","ALKALINITY, TOT, CACO3","mg/L",45
"11/18/2019","S65E","ALKALINITY, TOT, CACO3","mg/L",47
"12/02/2019","S65E","ALKALINITY, TOT, CACO3","mg/L",40
"12/16/2019","S65E","ALKALINITY, TOT, CACO3","mg/L",37
"12/30/2019","S65E","ALKALINITY, TOT, CACO3","mg/L",38
"01/13/2020","S65E","ALKALINITY, TOT, CACO3","mg/L",40
"01/27/2020","S65E","ALKALINITY, TOT, CACO3","mg/L",34
"02/10/2020","S65E","ALKALINITY, TOT, CACO3","mg/L",32
"02/24/2020","S65E","ALKALINITY, TOT, CACO3","mg/L",34
"03/09/2020","S65E","ALKALINITY, TOT, CACO3","mg/L",32
"03/23/2020","S65E","ALKALINITY, TOT, CACO3","mg/L",32
"04/06/2020","S65E","ALKALINITY, TOT, CACO3","mg/L",34
"04/20/2020","S65E","ALKALINITY, TOT, CACO3","mg/L",36
"05/04/2020","S65E","ALKALINITY, TOT, CACO3","mg/L",36
"05/18/2020","S65E","ALKALINITY, TOT, CACO3","mg/L",35
"06/01/2020","S65E","ALKALINITY, TOT, CACO3","mg/L",36
"06/15/2020","S65E","ALKALINITY, TOT, CACO3","mg/L",36
"06/29/2020","S65E","ALKALINITY, TOT, CACO3","mg/L",34
"07/13/2020","S65E","ALKALINITY, TOT, CACO3","mg/L",41
"07/27/2020","S65E","ALKALINITY, TOT, CACO3","mg/L",34
"08/10/2020","S65E","ALKALINITY, TOT, CACO3","mg/L",32
"08/24/2020","S65E","ALKALINITY, TOT, CACO3","mg/L",32
"09/08/2020","S65E","ALKALINITY, TOT, CACO3","mg/L",33
"09/21/2020","S65E","ALKALINITY, TOT, CACO3","mg/L",33
"10/05/2020","S65E","ALKALINITY, TOT, CACO3","mg/L",28
"10/19/2020","S65E","ALKALINITY, TOT, CACO3","mg/L",30
"11/02/2020","S65E","ALKALINITY, TOT, CACO3","mg/L",31
"11/16/2020","S65E","ALKALINITY, TOT, CACO3","mg/L",34
"11/30/2020","S65E","ALKALINITY, TOT, CACO3","mg/L",29
"12/14/2020","S65E","ALKALINITY, TOT, CACO3","mg/L",31
"12/28/2020","S65E","ALKALINITY, TOT, CACO3","mg/L",31
"01/11/2021","S65E","ALKALINITY, TOT, CACO3","mg/L",33
"01/25/2021","S65E","ALKALINITY, TOT, CACO3","mg/L",34
"02/08/2021","S65E","ALKALINITY, TOT, CACO3","mg/L",33
"02/22/2021","S65E","ALKALINITY, TOT, CACO3","mg/L",36
"03/08/2021","S65E","ALKALINITY, TOT, CACO3","mg/L",35
"03/22/2021","S65E","ALKALINITY, TOT, CACO3","mg/L",34
"04/05/2021","S65E","ALKALINITY, TOT, CACO3","mg/L",34
"04/19/2021","S65E","ALKALINITY, TOT, CACO3","mg/L",35
"05/03/2021","S65E","ALKALINITY, TOT, CACO3","mg/L",32
"05/17/2021","S65E","ALKALINITY, TOT, CACO3","mg/L",37
"06/01/2021","S65E","ALKALINITY, TOT, CACO3","mg/L",41
"06/14/2021","S65E","ALKALINITY, TOT, CACO3","mg/L",41
"06/28/2021","S65E","ALKALINITY, TOT, CACO3","mg/L",41
"07/12/2021","S65E","ALKALINITY, TOT, CACO3","mg/L",38
"07/26/2021","S65E","ALKALINITY, TOT, CACO3","mg/L",42
"08/09/2021","S65E","ALKALINITY, TOT, CACO3","mg/L",46
"08/23/2021","S65E","ALKALINITY, TOT, CACO3","mg/L",40
"09/07/2021","S65E","ALKALINITY, TOT, CACO3","mg/L",39
"09/20/2021","S65E","ALKALINITY, TOT, CACO3","mg/L",36
"10/04/2021","S65E","ALKALINITY, TOT, CACO3","mg/L",33
"10/18/2021","S65E","ALKALINITY, TOT, CACO3","mg/L",36
"11/01/2021","S65E","ALKALINITY, TOT, CACO3","mg/L",38
"11/15/2021","S65E","ALKALINITY, TOT, CACO3","mg/L",34
"11/29/2021","S65E","ALKALINITY, TOT, CACO3","mg/L",39
"12/13/2021","S65E","ALKALINITY, TOT, CACO3","mg/L",40
"12/27/2021","S65E","ALKALINITY, TOT, CACO3","mg/L",40
"01/10/2022","S65E","ALKALINITY, TOT, CACO3","mg/L",42
"01/24/2022","S65E","ALKALINITY, TOT, CACO3","mg/L",41
"02/07/2022","S65E","ALKALINITY, TOT, CACO3","mg/L",34
"02/21/2022","S65E","ALKALINITY, TOT, CACO3","mg/L",35
"03/07/2022","S65E","ALKALINITY, TOT, CACO3","mg/L",38
"03/21/2022","S65E","ALKALINITY, TOT, CACO3","mg/L",40
"04/04/2022","S65E","ALKALINITY, TOT, CACO3","mg/L",37
"04/18/2022","S65E","ALKALINITY, TOT, CACO3","mg/L",35
"05/02/2022","S65E","ALKALINITY, TOT, CACO3","mg/L",42
"05/16/2022","S65E","ALKALINITY, TOT, CACO3","mg/L",39
"05/31/2022","S65E","ALKALINITY, TOT, CACO3","mg/L",40
"06/13/2022","S65E","ALKALINITY, TOT, CACO3","mg/L",45
"06/27/2022","S65E","ALKALINITY, TOT, CACO3","mg/L",48
"07/11/2022","S65E","ALKALINITY, TOT, CACO3","mg/L",52
"07/25/2022","S65E","ALKALINITY, TOT, CACO3","mg/L",50
"08/08/2022","S65E","ALKALINITY, TOT, CACO3","mg/L",50
"08/22/2022","S65E","ALKALINITY, TOT, CACO3","mg/L",45
"09/06/2022","S65E","ALKALINITY, TOT, CACO3","mg/L",25
"09/19/2022","S65E","ALKALINITY, TOT, CACO3","mg/L",29
"10/03/2022","S65E","ALKALINITY, TOT, CACO3","mg/L",31
"10/17/2022","S65E","ALKALINITY, TOT, CACO3","mg/L",29
"10/31/2022","S65E","ALKALINITY, TOT, CACO3","mg/L",31
"11/14/2022","S65E","ALKALINITY, TOT, CACO3","mg/L",33
"11/28/2022","S65E","ALKALINITY, TOT, CACO3","mg/L",30
"12/12/2022","S65E","ALKALINITY, TOT, CACO3","mg/L",32
"12/27/2022","S65E","ALKALINITY, TOT, CACO3","mg/L",31
"01/09/2023","S65E","ALKALINITY, TOT, CACO3","mg/L",32
"01/23/2023","S65E","ALKALINITY, TOT, CACO3","mg/L",30
"02/06/2023","S65E","ALKALINITY, TOT, CACO3","mg/L",32
"02/20/2023","S65E","ALKALINITY, TOT, CACO3","mg/L",33
"03/06/2023","S65E","ALKALINITY, TOT, CACO3","mg/L",34
"03/20/2023","S65E","ALKALINITY, TOT, CACO3","mg/L",35
"04/03/2023","S65E","ALKALINITY, TOT, CACO3","mg/L",35
"04/17/2023","S65E","ALKALINITY, TOT, CACO3","mg/L",36
"05/01/2023","S65E","ALKALINITY, TOT, CACO3","mg/L",39
"04/16/1973","S65E","AMMONIA-N","mg/L",0.04
"04/23/1973","S65E","AMMONIA-N","mg/L",0.09
"04/30/1973","S65E","AMMONIA-N","mg/L",0.08
"05/07/1973","S65E","AMMONIA-N","mg/L",0.14
"05/14/1973","S65E","AMMONIA-N","mg/L",0.01
"05/21/1973","S65E","AMMONIA-N","mg/L",-0.01
"05/29/1973","S65E","AMMONIA-N","mg/L",0.05
"06/04/1973","S65E","AMMONIA-N","mg/L",0.07
"06/11/1973","S65E","AMMONIA-N","mg/L",0.11
"06/13/1973","S65E","AMMONIA-N","mg/L",0.0366666666666667
"06/18/1973","S65E","AMMONIA-N","mg/L",0.02
"06/25/1973","S65E","AMMONIA-N","mg/L",0.03
"07/02/1973","S65E","AMMONIA-N","mg/L",0.11
"07/09/1973","S65E","AMMONIA-N","mg/L",0.12
"07/16/1973","S65E","AMMONIA-N","mg/L",0.213333333333333
"07/23/1973","S65E","AMMONIA-N","mg/L",0.26
"07/30/1973","S65E","AMMONIA-N","mg/L",0.26
"08/06/1973","S65E","AMMONIA-N","mg/L",0.17
"08/13/1973","S65E","AMMONIA-N","mg/L",-0.01
"08/20/1973","S65E","AMMONIA-N","mg/L",0.15
"08/27/1973","S65E","AMMONIA-N","mg/L",0.07
"08/29/1973","S65E","AMMONIA-N","mg/L",0.15
"09/04/1973","S65E","AMMONIA-N","mg/L",0.16
"09/10/1973","S65E","AMMONIA-N","mg/L",0.17
"09/17/1973","S65E","AMMONIA-N","mg/L",0.12
"09/24/1973","S65E","AMMONIA-N","mg/L",0.15
"10/01/1973","S65E","AMMONIA-N","mg/L",0.21
"10/02/1973","S65E","AMMONIA-N","mg/L",0.175
"10/08/1973","S65E","AMMONIA-N","mg/L",0.09
"10/15/1973","S65E","AMMONIA-N","mg/L",0.15
"10/23/1973","S65E","AMMONIA-N","mg/L",0.22
"10/29/1973","S65E","AMMONIA-N","mg/L",-0.01
"11/07/1973","S65E","AMMONIA-N","mg/L",0.005
"11/12/1973","S65E","AMMONIA-N","mg/L",0.12
"11/13/1973","S65E","AMMONIA-N","mg/L",0.11
"11/26/1973","S65E","AMMONIA-N","mg/L",0.04
"12/03/1973","S65E","AMMONIA-N","mg/L",-0.01
"12/05/1973","S65E","AMMONIA-N","mg/L",0.015
"12/10/1973","S65E","AMMONIA-N","mg/L",0.14
"12/11/1973","S65E","AMMONIA-N","mg/L",0.07
"12/17/1973","S65E","AMMONIA-N","mg/L",0.1
"01/02/1974","S65E","AMMONIA-N","mg/L",0.1
"01/08/1974","S65E","AMMONIA-N","mg/L",0.01
"01/14/1974","S65E","AMMONIA-N","mg/L",0.11
"01/28/1974","S65E","AMMONIA-N","mg/L",0.07
"02/11/1974","S65E","AMMONIA-N","mg/L",0.06
"02/12/1974","S65E","AMMONIA-N","mg/L",0.055
"02/25/1974","S65E","AMMONIA-N","mg/L",0.09
"03/05/1974","S65E","AMMONIA-N","mg/L",0.05
"03/11/1974","S65E","AMMONIA-N","mg/L",0.01
"03/25/1974","S65E","AMMONIA-N","mg/L",0.03
"04/02/1974","S65E","AMMONIA-N","mg/L",0.02
"04/08/1974","S65E","AMMONIA-N","mg/L",0.12
"04/22/1974","S65E","AMMONIA-N","mg/L",0.3
"05/07/1974","S65E","AMMONIA-N","mg/L",0.05
"05/13/1974","S65E","AMMONIA-N","mg/L",-0.01
"05/28/1974","S65E","AMMONIA-N","mg/L",0.09
"06/10/1974","S65E","AMMONIA-N","mg/L",0.04
"06/11/1974","S65E","AMMONIA-N","mg/L",0.025
"07/08/1974","S65E","AMMONIA-N","mg/L",0.03
"07/09/1974","S65E","AMMONIA-N","mg/L",0.05
"07/22/1974","S65E","AMMONIA-N","mg/L",0.04
"08/05/1974","S65E","AMMONIA-N","mg/L",0.06
"08/13/1974","S65E","AMMONIA-N","mg/L",0.09
"08/19/1974","S65E","AMMONIA-N","mg/L",0.09
"09/03/1974","S65E","AMMONIA-N","mg/L",0.08
"09/10/1974","S65E","AMMONIA-N","mg/L",0.115
"09/16/1974","S65E","AMMONIA-N","mg/L",0.04
"09/30/1974","S65E","AMMONIA-N","mg/L",0.04
"10/08/1974","S65E","AMMONIA-N","mg/L",0.045
"10/14/1974","S65E","AMMONIA-N","mg/L",0.19
"10/28/1974","S65E","AMMONIA-N","mg/L",-0.01
"11/05/1974","S65E","AMMONIA-N","mg/L",0.025
"11/12/1974","S65E","AMMONIA-N","mg/L",0.07
"12/10/1974","S65E","AMMONIA-N","mg/L",0.065
"01/07/1975","S65E","AMMONIA-N","mg/L",0.065
"02/04/1975","S65E","AMMONIA-N","mg/L",0.035
"03/05/1975","S65E","AMMONIA-N","mg/L",0.06
"04/08/1975","S65E","AMMONIA-N","mg/L",0.065
"05/06/1975","S65E","AMMONIA-N","mg/L",0.01
"06/03/1975","S65E","AMMONIA-N","mg/L",-0.015
"07/15/1975","S65E","AMMONIA-N","mg/L",0.24
"08/12/1975","S65E","AMMONIA-N","mg/L",0.055
"09/12/1975","S65E","AMMONIA-N","mg/L",0.145
"10/27/1975","S65E","AMMONIA-N","mg/L",0.03
"10/28/1975","S65E","AMMONIA-N","mg/L",0.02
"11/18/1975","S65E","AMMONIA-N","mg/L",0.075
"02/12/1976","S65E","AMMONIA-N","mg/L",0.04
"05/11/1976","S65E","AMMONIA-N","mg/L",0.08
"06/22/1976","S65E","AMMONIA-N","mg/L",0.18
"06/25/1976","S65E","AMMONIA-N","mg/L",0.26
"07/20/1976","S65E","AMMONIA-N","mg/L",0.25
"08/24/1976","S65E","AMMONIA-N","mg/L",0.005
"09/21/1976","S65E","AMMONIA-N","mg/L",0.095
"10/19/1976","S65E","AMMONIA-N","mg/L",0.17
"12/06/1976","S65E","AMMONIA-N","mg/L",0.07
"01/25/1977","S65E","AMMONIA-N","mg/L",0.03
"03/21/1977","S65E","AMMONIA-N","mg/L",0.07
"05/23/1977","S65E","AMMONIA-N","mg/L",0.025
"07/25/1977","S65E","AMMONIA-N","mg/L",0
"09/20/1977","S65E","AMMONIA-N","mg/L",0.08
"12/01/1977","S65E","AMMONIA-N","mg/L",0.09
"01/24/1978","S65E","AMMONIA-N","mg/L",0.09
"03/21/1978","S65E","AMMONIA-N","mg/L",0.07
"05/30/1978","S65E","AMMONIA-N","mg/L",0.025
"06/21/1978","S65E","AMMONIA-N","mg/L",0.15
"07/25/1978","S65E","AMMONIA-N","mg/L",0.125
"08/22/1978","S65E","AMMONIA-N","mg/L",0.025
"09/18/1978","S65E","AMMONIA-N","mg/L",0.1
"10/09/1978","S65E","AMMONIA-N","mg/L",0.17
"10/17/1978","S65E","AMMONIA-N","mg/L",0.225
"10/23/1978","S65E","AMMONIA-N","mg/L",0.08
"11/14/1978","S65E","AMMONIA-N","mg/L",0.085
"11/20/1978","S65E","AMMONIA-N","mg/L",0.02
"12/04/1978","S65E","AMMONIA-N","mg/L",0.05
"12/12/1978","S65E","AMMONIA-N","mg/L",0.02
"12/19/1978","S65E","AMMONIA-N","mg/L",0.04
"01/08/1979","S65E","AMMONIA-N","mg/L",0.07
"01/22/1979","S65E","AMMONIA-N","mg/L",0.02
"01/23/1979","S65E","AMMONIA-N","mg/L",0.03
"02/05/1979","S65E","AMMONIA-N","mg/L",0.01
"02/20/1979","S65E","AMMONIA-N","mg/L",0.00666666666666667
"03/05/1979","S65E","AMMONIA-N","mg/L",0.035
"03/19/1979","S65E","AMMONIA-N","mg/L",0.05
"04/02/1979","S65E","AMMONIA-N","mg/L",0.17
"04/16/1979","S65E","AMMONIA-N","mg/L",0.02
"04/24/1979","S65E","AMMONIA-N","mg/L",0.15
"04/30/1979","S65E","AMMONIA-N","mg/L",0.0533333333333333
"05/14/1979","S65E","AMMONIA-N","mg/L",0.01
"05/22/1979","S65E","AMMONIA-N","mg/L",0.015
"05/29/1979","S65E","AMMONIA-N","mg/L",-0.01
"06/11/1979","S65E","AMMONIA-N","mg/L",0.09
"06/18/1979","S65E","AMMONIA-N","mg/L",0.13
"06/25/1979","S65E","AMMONIA-N","mg/L",0.05
"07/09/1979","S65E","AMMONIA-N","mg/L",-0.01
"07/17/1979","S65E","AMMONIA-N","mg/L",0.19
"07/23/1979","S65E","AMMONIA-N","mg/L",0.15
"08/06/1979","S65E","AMMONIA-N","mg/L",0.04
"08/20/1979","S65E","AMMONIA-N","mg/L",0.25
"08/21/1979","S65E","AMMONIA-N","mg/L",0.165
"09/05/1979","S65E","AMMONIA-N","mg/L",0.16
"09/18/1979","S65E","AMMONIA-N","mg/L",0.0866666666666667
"10/01/1979","S65E","AMMONIA-N","mg/L",0.09
"10/02/1979","S65E","AMMONIA-N","mg/L",0.03
"10/15/1979","S65E","AMMONIA-N","mg/L",0.08
"10/29/1979","S65E","AMMONIA-N","mg/L",0.19
"11/13/1979","S65E","AMMONIA-N","mg/L",0.05
"12/11/1979","S65E","AMMONIA-N","mg/L",0.1
"01/08/1980","S65E","AMMONIA-N","mg/L",0.11
"01/22/1980","S65E","AMMONIA-N","mg/L",0.04
"02/19/1980","S65E","AMMONIA-N","mg/L",0.07
"03/04/1980","S65E","AMMONIA-N","mg/L",0.05
"03/18/1980","S65E","AMMONIA-N","mg/L",0.04
"04/02/1980","S65E","AMMONIA-N","mg/L",0.14
"04/16/1980","S65E","AMMONIA-N","mg/L",0.11
"04/30/1980","S65E","AMMONIA-N","mg/L",0.11
"05/12/1980","S65E","AMMONIA-N","mg/L",-0.01
"05/13/1980","S65E","AMMONIA-N","mg/L",0.1
"05/28/1980","S65E","AMMONIA-N","mg/L",-0.01
"06/09/1980","S65E","AMMONIA-N","mg/L",-0.01
"06/25/1980","S65E","AMMONIA-N","mg/L",-0.01
"07/07/1980","S65E","AMMONIA-N","mg/L",0.02
"07/08/1980","S65E","AMMONIA-N","mg/L",0.03
"07/24/1980","S65E","AMMONIA-N","mg/L",0.02
"08/04/1980","S65E","AMMONIA-N","mg/L",0.045
"08/20/1980","S65E","AMMONIA-N","mg/L",0.01
"09/03/1980","S65E","AMMONIA-N","mg/L",0.31
"09/17/1980","S65E","AMMONIA-N","mg/L",0.34
"09/30/1980","S65E","AMMONIA-N","mg/L",0.11
"10/01/1980","S65E","AMMONIA-N","mg/L",0.03
"10/14/1980","S65E","AMMONIA-N","mg/L",0.02
"10/28/1980","S65E","AMMONIA-N","mg/L",0.32
"10/29/1980","S65E","AMMONIA-N","mg/L",0.04
"11/12/1980","S65E","AMMONIA-N","mg/L",0.1
"11/25/1980","S65E","AMMONIA-N","mg/L",0.06
"12/02/1980","S65E","AMMONIA-N","mg/L",0.0566666666666667
"12/23/1980","S65E","AMMONIA-N","mg/L",0.02
"12/31/1980","S65E","AMMONIA-N","mg/L",0.02
"01/14/1981","S65E","AMMONIA-N","mg/L",-0.01
"01/20/1981","S65E","AMMONIA-N","mg/L",-0.01
"01/27/1981","S65E","AMMONIA-N","mg/L",0.01
"02/11/1981","S65E","AMMONIA-N","mg/L",0.11
"02/17/1981","S65E","AMMONIA-N","mg/L",0.08
"02/24/1981","S65E","AMMONIA-N","mg/L",0.02
"03/11/1981","S65E","AMMONIA-N","mg/L",0.04
"03/16/1981","S65E","AMMONIA-N","mg/L",0.03
"03/24/1981","S65E","AMMONIA-N","mg/L",-0.01
"04/08/1981","S65E","AMMONIA-N","mg/L",-0.01
"04/13/1981","S65E","AMMONIA-N","mg/L",0.05
"04/21/1981","S65E","AMMONIA-N","mg/L",-0.01
"05/06/1981","S65E","AMMONIA-N","mg/L",0.05
"05/11/1981","S65E","AMMONIA-N","mg/L",0.01
"05/19/1981","S65E","AMMONIA-N","mg/L",0.03
"06/02/1981","S65E","AMMONIA-N","mg/L",0.02
"06/08/1981","S65E","AMMONIA-N","mg/L",0.02
"06/17/1981","S65E","AMMONIA-N","mg/L",-0.01
"06/30/1981","S65E","AMMONIA-N","mg/L",0.03
"07/06/1981","S65E","AMMONIA-N","mg/L",-0.01
"07/16/1981","S65E","AMMONIA-N","mg/L",-0.01
"07/28/1981","S65E","AMMONIA-N","mg/L",-0.01
"08/03/1981","S65E","AMMONIA-N","mg/L",-0.01
"08/12/1981","S65E","AMMONIA-N","mg/L",-0.01
"08/25/1981","S65E","AMMONIA-N","mg/L",0.02
"08/31/1981","S65E","AMMONIA-N","mg/L",0.03
"09/10/1981","S65E","AMMONIA-N","mg/L",0.09
"09/23/1981","S65E","AMMONIA-N","mg/L",0.34
"09/28/1981","S65E","AMMONIA-N","mg/L",0.386666666666667
"10/06/1981","S65E","AMMONIA-N","mg/L",0.36
"10/20/1981","S65E","AMMONIA-N","mg/L",0.17
"10/26/1981","S65E","AMMONIA-N","mg/L",0.03
"11/04/1981","S65E","AMMONIA-N","mg/L",0.08
"11/23/1981","S65E","AMMONIA-N","mg/L",0.02
"12/02/1981","S65E","AMMONIA-N","mg/L",0.04
"12/21/1981","S65E","AMMONIA-N","mg/L",0.02
"12/29/1981","S65E","AMMONIA-N","mg/L",0.02
"01/18/1982","S65E","AMMONIA-N","mg/L",-0.01
"02/16/1982","S65E","AMMONIA-N","mg/L",0.02
"02/24/1982","S65E","AMMONIA-N","mg/L",0.04
"03/09/1982","S65E","AMMONIA-N","mg/L",0.02
"03/15/1982","S65E","AMMONIA-N","mg/L",0.01
"04/05/1982","S65E","AMMONIA-N","mg/L",0.02
"04/12/1982","S65E","AMMONIA-N","mg/L",0.02
"04/19/1982","S65E","AMMONIA-N","mg/L",0.03
"05/04/1982","S65E","AMMONIA-N","mg/L",0.03
"05/10/1982","S65E","AMMONIA-N","mg/L",0.0433333333333333
"05/18/1982","S65E","AMMONIA-N","mg/L",0.03
"06/01/1982","S65E","AMMONIA-N","mg/L",0.04
"06/07/1982","S65E","AMMONIA-N","mg/L",0.09
"06/14/1982","S65E","AMMONIA-N","mg/L",-0.04
"07/01/1982","S65E","AMMONIA-N","mg/L",-0.01
"07/07/1982","S65E","AMMONIA-N","mg/L",0.04
"07/12/1982","S65E","AMMONIA-N","mg/L",0.05
"07/27/1982","S65E","AMMONIA-N","mg/L",0.03
"08/02/1982","S65E","AMMONIA-N","mg/L",0.05
"08/09/1982","S65E","AMMONIA-N","mg/L",0.04
"08/25/1982","S65E","AMMONIA-N","mg/L",0.106666666666667
"09/01/1982","S65E","AMMONIA-N","mg/L",0.09
"09/09/1982","S65E","AMMONIA-N","mg/L",0.09
"09/21/1982","S65E","AMMONIA-N","mg/L",0.03
"09/27/1982","S65E","AMMONIA-N","mg/L",0.11
"10/05/1982","S65E","AMMONIA-N","mg/L",0.05
"10/20/1982","S65E","AMMONIA-N","mg/L",0.0433333333333333
"10/26/1982","S65E","AMMONIA-N","mg/L",0.07
"11/01/1982","S65E","AMMONIA-N","mg/L",0.05
"11/22/1982","S65E","AMMONIA-N","mg/L",0
"12/06/1982","S65E","AMMONIA-N","mg/L",0.03
"12/20/1982","S65E","AMMONIA-N","mg/L",0.02
"12/22/1982","S65E","AMMONIA-N","mg/L",0.03
"01/04/1983","S65E","AMMONIA-N","mg/L",0.01
"01/18/1983","S65E","AMMONIA-N","mg/L",0.02
"01/19/1983","S65E","AMMONIA-N","mg/L",0.03
"02/01/1983","S65E","AMMONIA-N","mg/L",0.03
"02/17/1983","S65E","AMMONIA-N","mg/L",0.03
"03/02/1983","S65E","AMMONIA-N","mg/L",0.03
"03/15/1983","S65E","AMMONIA-N","mg/L",0.03
"03/17/1983","S65E","AMMONIA-N","mg/L",0.02
"03/29/1983","S65E","AMMONIA-N","mg/L",-0.01
"04/14/1983","S65E","AMMONIA-N","mg/L",0.05
"04/15/1983","S65E","AMMONIA-N","mg/L",0.03
"04/26/1983","S65E","AMMONIA-N","mg/L",0.04
"05/11/1983","S65E","AMMONIA-N","mg/L",0.02
"05/12/1983","S65E","AMMONIA-N","mg/L",0.03
"05/24/1983","S65E","AMMONIA-N","mg/L",0.06
"06/07/1983","S65E","AMMONIA-N","mg/L",0.03
"06/09/1983","S65E","AMMONIA-N","mg/L",0.1
"06/21/1983","S65E","AMMONIA-N","mg/L",0.14
"07/06/1983","S65E","AMMONIA-N","mg/L",0.01
"07/07/1983","S65E","AMMONIA-N","mg/L",0.02
"07/19/1983","S65E","AMMONIA-N","mg/L",-0.01
"08/02/1983","S65E","AMMONIA-N","mg/L",0.06
"08/03/1983","S65E","AMMONIA-N","mg/L",0.09
"08/16/1983","S65E","AMMONIA-N","mg/L",-0.01
"08/30/1983","S65E","AMMONIA-N","mg/L",0.01
"09/01/1983","S65E","AMMONIA-N","mg/L",0.05
"09/12/1983","S65E","AMMONIA-N","mg/L",0.15
"09/27/1983","S65E","AMMONIA-N","mg/L",0.02
"09/28/1983","S65E","AMMONIA-N","mg/L",0.0266666666666667
"10/10/1983","S65E","AMMONIA-N","mg/L",0.07
"10/25/1983","S65E","AMMONIA-N","mg/L",0.09
"10/28/1983","S65E","AMMONIA-N","mg/L",0.09
"11/08/1983","S65E","AMMONIA-N","mg/L",0.02
"11/16/1983","S65E","AMMONIA-N","mg/L",0.03
"11/21/1983","S65E","AMMONIA-N","mg/L",0.04
"12/20/1983","S65E","AMMONIA-N","mg/L",0.06
"12/29/1983","S65E","AMMONIA-N","mg/L",0.01
"01/04/1984","S65E","AMMONIA-N","mg/L",-0.01
"01/17/1984","S65E","AMMONIA-N","mg/L",-0.01
"01/25/1984","S65E","AMMONIA-N","mg/L",0.02
"01/31/1984","S65E","AMMONIA-N","mg/L",0.02
"02/14/1984","S65E","AMMONIA-N","mg/L",0.05
"02/23/1984","S65E","AMMONIA-N","mg/L",0.06
"02/29/1984","S65E","AMMONIA-N","mg/L",0.06
"03/13/1984","S65E","AMMONIA-N","mg/L",0.04
"03/21/1984","S65E","AMMONIA-N","mg/L",0.0766666666666667
"03/27/1984","S65E","AMMONIA-N","mg/L",0.09
"04/09/1984","S65E","AMMONIA-N","mg/L",0.02
"04/18/1984","S65E","AMMONIA-N","mg/L",0.02
"04/25/1984","S65E","AMMONIA-N","mg/L",0.02
"05/31/1984","S65E","AMMONIA-N","mg/L",-0.01
"06/04/1984","S65E","AMMONIA-N","mg/L",0.01
"06/19/1984","S65E","AMMONIA-N","mg/L",0.1
"06/27/1984","S65E","AMMONIA-N","mg/L",0.1
"07/31/1984","S65E","AMMONIA-N","mg/L",0.08
"08/13/1984","S65E","AMMONIA-N","mg/L",0.02
"08/22/1984","S65E","AMMONIA-N","mg/L",0.04
"08/27/1984","S65E","AMMONIA-N","mg/L",0.01
"09/10/1984","S65E","AMMONIA-N","mg/L",0.47
"09/21/1984","S65E","AMMONIA-N","mg/L",0.26
"09/25/1984","S65E","AMMONIA-N","mg/L",0.29
"10/23/1984","S65E","AMMONIA-N","mg/L",0.05
"10/30/1984","S65E","AMMONIA-N","mg/L",0.09
"11/06/1984","S65E","AMMONIA-N","mg/L",0.01
"11/14/1984","S65E","AMMONIA-N","mg/L",-0.01
"12/04/1984","S65E","AMMONIA-N","mg/L",0.01
"12/18/1984","S65E","AMMONIA-N","mg/L",0.02
"12/27/1984","S65E","AMMONIA-N","mg/L",0.02
"01/15/1985","S65E","AMMONIA-N","mg/L",0.01
"01/24/1985","S65E","AMMONIA-N","mg/L",-0.01
"02/20/1985","S65E","AMMONIA-N","mg/L",0.03
"02/26/1985","S65E","AMMONIA-N","mg/L",-0.01
"03/20/1985","S65E","AMMONIA-N","mg/L",0.04
"03/26/1985","S65E","AMMONIA-N","mg/L",0.03
"04/17/1985","S65E","AMMONIA-N","mg/L",-0.00333333333333333
"04/23/1985","S65E","AMMONIA-N","mg/L",0.03
"05/06/1985","S65E","AMMONIA-N","mg/L",-0.01
"05/16/1985","S65E","AMMONIA-N","mg/L",-0.01
"05/20/1985","S65E","AMMONIA-N","mg/L",-0.01
"06/19/1985","S65E","AMMONIA-N","mg/L",0.01
"06/26/1985","S65E","AMMONIA-N","mg/L",0.05
"07/02/1985","S65E","AMMONIA-N","mg/L",0.01
"07/23/1985","S65E","AMMONIA-N","mg/L",0.37
"07/30/1985","S65E","AMMONIA-N","mg/L",0.02
"08/21/1985","S65E","AMMONIA-N","mg/L",0.11
"08/27/1985","S65E","AMMONIA-N","mg/L",0.27
"09/09/1985","S65E","AMMONIA-N","mg/L",0.07
"09/19/1985","S65E","AMMONIA-N","mg/L",0.15
"09/24/1985","S65E","AMMONIA-N","mg/L",0.11
"10/08/1985","S65E","AMMONIA-N","mg/L",0.08
"10/17/1985","S65E","AMMONIA-N","mg/L",0.0833333333333333
"10/22/1985","S65E","AMMONIA-N","mg/L",0.24
"11/05/1985","S65E","AMMONIA-N","mg/L",0.03
"11/14/1985","S65E","AMMONIA-N","mg/L",0.03
"12/03/1985","S65E","AMMONIA-N","mg/L",0.08
"12/12/1985","S65E","AMMONIA-N","mg/L",-0.01
"01/14/1986","S65E","AMMONIA-N","mg/L",0.05
"01/16/1986","S65E","AMMONIA-N","mg/L",0.21
"01/28/1986","S65E","AMMONIA-N","mg/L",0.06
"02/12/1986","S65E","AMMONIA-N","mg/L",-0.01
"02/18/1986","S65E","AMMONIA-N","mg/L",-0.01
"02/25/1986","S65E","AMMONIA-N","mg/L",-0.01
"03/18/1986","S65E","AMMONIA-N","mg/L",0.04
"03/25/1986","S65E","AMMONIA-N","mg/L",0.05
"04/08/1986","S65E","AMMONIA-N","mg/L",-0.01
"04/15/1986","S65E","AMMONIA-N","mg/L",-0.01
"04/22/1986","S65E","AMMONIA-N","mg/L",-0.01
"05/06/1986","S65E","AMMONIA-N","mg/L",0.04
"05/14/1986","S65E","AMMONIA-N","mg/L",0.04
"05/20/1986","S65E","AMMONIA-N","mg/L",-0.01
"06/04/1986","S65E","AMMONIA-N","mg/L",-0.01
"06/19/1986","S65E","AMMONIA-N","mg/L",-0.01
"07/01/1986","S65E","AMMONIA-N","mg/L",0.36
"07/15/1986","S65E","AMMONIA-N","mg/L",0.11
"07/17/1986","S65E","AMMONIA-N","mg/L",0.17
"07/29/1986","S65E","AMMONIA-N","mg/L",0.18
"08/14/1986","S65E","AMMONIA-N","mg/L",0.22
"08/26/1986","S65E","AMMONIA-N","mg/L",0.08
"09/09/1986","S65E","AMMONIA-N","mg/L",-0.01
"09/10/1986","S65E","AMMONIA-N","mg/L",0.09
"09/23/1986","S65E","AMMONIA-N","mg/L",0.07
"10/07/1986","S65E","AMMONIA-N","mg/L",0.05
"10/09/1986","S65E","AMMONIA-N","mg/L",0.13
"10/21/1986","S65E","AMMONIA-N","mg/L",-0.01
"11/04/1986","S65E","AMMONIA-N","mg/L",0.19
"11/06/1986","S65E","AMMONIA-N","mg/L",-0.01
"11/18/1986","S65E","AMMONIA-N","mg/L",-0.01
"12/03/1986","S65E","AMMONIA-N","mg/L",0.02
"12/04/1986","S65E","AMMONIA-N","mg/L",-0.01
"12/18/1986","S65E","AMMONIA-N","mg/L",-0.01
"01/07/1987","S65E","AMMONIA-N","mg/L",0.03
"01/08/1987","S65E","AMMONIA-N","mg/L",0.02
"01/15/1987","S65E","AMMONIA-N","mg/L",-0.01
"01/22/1987","S65E","AMMONIA-N","mg/L",-0.01
"01/29/1987","S65E","AMMONIA-N","mg/L",-0.01
"02/03/1987","S65E","AMMONIA-N","mg/L",-0.01
"02/05/1987","S65E","AMMONIA-N","mg/L",-0.01
"02/12/1987","S65E","AMMONIA-N","mg/L",-0.01
"02/18/1987","S65E","AMMONIA-N","mg/L",-0.01
"02/19/1987","S65E","AMMONIA-N","mg/L",-0.01
"02/26/1987","S65E","AMMONIA-N","mg/L",0.15
"03/03/1987","S65E","AMMONIA-N","mg/L",0.03
"03/05/1987","S65E","AMMONIA-N","mg/L",0.05
"03/12/1987","S65E","AMMONIA-N","mg/L",0.03
"03/17/1987","S65E","AMMONIA-N","mg/L",-0.01
"03/19/1987","S65E","AMMONIA-N","mg/L",-0.01
"03/26/1987","S65E","AMMONIA-N","mg/L",0.07
"03/31/1987","S65E","AMMONIA-N","mg/L",0.1
"04/14/1987","S65E","AMMONIA-N","mg/L",-0.01
"04/22/1987","S65E","AMMONIA-N","mg/L",-0.01
"04/28/1987","S65E","AMMONIA-N","mg/L",-0.01
"05/11/1987","S65E","AMMONIA-N","mg/L",0.07
"05/13/1987","S65E","AMMONIA-N","mg/L",0.12
"05/20/1987","S65E","AMMONIA-N","mg/L",0.14
"05/26/1987","S65E","AMMONIA-N","mg/L",0.09
"06/01/1987","S65E","AMMONIA-N","mg/L",-0.01
"06/17/1987","S65E","AMMONIA-N","mg/L",-0.01
"06/24/1987","S65E","AMMONIA-N","mg/L",-0.01
"07/01/1987","S65E","AMMONIA-N","mg/L",-0.01
"07/08/1987","S65E","AMMONIA-N","mg/L",-0.01
"07/16/1987","S65E","AMMONIA-N","mg/L",-0.01
"07/21/1987","S65E","AMMONIA-N","mg/L",-0.01
"07/30/1987","S65E","AMMONIA-N","mg/L",-0.01
"08/04/1987","S65E","AMMONIA-N","mg/L",0.04
"08/12/1987","S65E","AMMONIA-N","mg/L",-0.01
"08/18/1987","S65E","AMMONIA-N","mg/L",0.13
"08/28/1987","S65E","AMMONIA-N","mg/L",0.01
"09/09/1987","S65E","AMMONIA-N","mg/L",-0.01
"09/24/1987","S65E","AMMONIA-N","mg/L",0.05
"09/29/1987","S65E","AMMONIA-N","mg/L",0.18
"10/07/1987","S65E","AMMONIA-N","mg/L",0.12
"10/13/1987","S65E","AMMONIA-N","mg/L",0.17
"10/21/1987","S65E","AMMONIA-N","mg/L",0.06
"10/28/1987","S65E","AMMONIA-N","mg/L",0.08
"11/04/1987","S65E","AMMONIA-N","mg/L",0.05
"11/10/1987","S65E","AMMONIA-N","mg/L",0.07
"11/18/1987","S65E","AMMONIA-N","mg/L",-0.01
"11/24/1987","S65E","AMMONIA-N","mg/L",0.04
"12/03/1987","S65E","AMMONIA-N","mg/L",-0.01
"12/08/1987","S65E","AMMONIA-N","mg/L",0.04
"12/17/1987","S65E","AMMONIA-N","mg/L",0.04
"12/22/1987","S65E","AMMONIA-N","mg/L",-0.01
"12/28/1987","S65E","AMMONIA-N","mg/L",0.09
"12/30/1987","S65E","AMMONIA-N","mg/L",0.09
"01/01/1988","S65E","AMMONIA-N","mg/L",0.1
"01/03/1988","S65E","AMMONIA-N","mg/L",0.07
"01/05/1988","S65E","AMMONIA-N","mg/L",0.06
"01/06/1988","S65E","AMMONIA-N","mg/L",0.135
"01/07/1988","S65E","AMMONIA-N","mg/L",0.12
"01/09/1988","S65E","AMMONIA-N","mg/L",0.06
"01/10/1988","S65E","AMMONIA-N","mg/L",0.06
"01/12/1988","S65E","AMMONIA-N","mg/L",0.05
"01/13/1988","S65E","AMMONIA-N","mg/L",0.06
"01/14/1988","S65E","AMMONIA-N","mg/L",0.05
"01/15/1988","S65E","AMMONIA-N","mg/L",0.04
"01/19/1988","S65E","AMMONIA-N","mg/L",0.0666666666666667
"01/21/1988","S65E","AMMONIA-N","mg/L",0.07
"01/22/1988","S65E","AMMONIA-N","mg/L",0.03
"01/23/1988","S65E","AMMONIA-N","mg/L",-0.01
"01/25/1988","S65E","AMMONIA-N","mg/L",0.06
"01/26/1988","S65E","AMMONIA-N","mg/L",0.04
"01/27/1988","S65E","AMMONIA-N","mg/L",-0.01
"01/29/1988","S65E","AMMONIA-N","mg/L",0.03
"02/01/1988","S65E","AMMONIA-N","mg/L",0.005
"02/02/1988","S65E","AMMONIA-N","mg/L",-0.01
"02/04/1988","S65E","AMMONIA-N","mg/L",-0.01
"02/06/1988","S65E","AMMONIA-N","mg/L",0.03
"02/08/1988","S65E","AMMONIA-N","mg/L",0.04
"02/11/1988","S65E","AMMONIA-N","mg/L",0.07
"02/14/1988","S65E","AMMONIA-N","mg/L",0.06
"02/16/1988","S65E","AMMONIA-N","mg/L",-0.01
"02/17/1988","S65E","AMMONIA-N","mg/L",0.02
"02/18/1988","S65E","AMMONIA-N","mg/L",0.035
"02/20/1988","S65E","AMMONIA-N","mg/L",0.02
"02/22/1988","S65E","AMMONIA-N","mg/L",0.01
"02/23/1988","S65E","AMMONIA-N","mg/L",0.11
"02/25/1988","S65E","AMMONIA-N","mg/L",0.03
"02/26/1988","S65E","AMMONIA-N","mg/L",-0.01
"02/27/1988","S65E","AMMONIA-N","mg/L",0.03
"02/29/1988","S65E","AMMONIA-N","mg/L",0.03
"03/01/1988","S65E","AMMONIA-N","mg/L",0.005
"03/03/1988","S65E","AMMONIA-N","mg/L",0.02
"03/05/1988","S65E","AMMONIA-N","mg/L",-0.01
"03/06/1988","S65E","AMMONIA-N","mg/L",-0.01
"03/07/1988","S65E","AMMONIA-N","mg/L",0.03
"03/08/1988","S65E","AMMONIA-N","mg/L",0.07
"03/10/1988","S65E","AMMONIA-N","mg/L",0.04
"03/13/1988","S65E","AMMONIA-N","mg/L",0.03
"03/14/1988","S65E","AMMONIA-N","mg/L",0.005
"03/15/1988","S65E","AMMONIA-N","mg/L",-0.01
"03/16/1988","S65E","AMMONIA-N","mg/L",0.01
"03/17/1988","S65E","AMMONIA-N","mg/L",0.03
"03/19/1988","S65E","AMMONIA-N","mg/L",0.03
"03/20/1988","S65E","AMMONIA-N","mg/L",-0.01
"03/21/1988","S65E","AMMONIA-N","mg/L",0.055
"03/22/1988","S65E","AMMONIA-N","mg/L",-0.01
"03/23/1988","S65E","AMMONIA-N","mg/L",0.05
"03/28/1988","S65E","AMMONIA-N","mg/L",-0.01
"03/29/1988","S65E","AMMONIA-N","mg/L",-0.01
"03/30/1988","S65E","AMMONIA-N","mg/L",-0.01
"04/01/1988","S65E","AMMONIA-N","mg/L",-0.01
"04/02/1988","S65E","AMMONIA-N","mg/L",-0.01
"04/03/1988","S65E","AMMONIA-N","mg/L",0.03
"04/04/1988","S65E","AMMONIA-N","mg/L",0.06
"04/06/1988","S65E","AMMONIA-N","mg/L",-0.01
"04/07/1988","S65E","AMMONIA-N","mg/L",-0.01
"04/08/1988","S65E","AMMONIA-N","mg/L",-0.01
"04/09/1988","S65E","AMMONIA-N","mg/L",-0.01
"04/10/1988","S65E","AMMONIA-N","mg/L",-0.01
"04/11/1988","S65E","AMMONIA-N","mg/L",0.03
"04/12/1988","S65E","AMMONIA-N","mg/L",0.06
"04/13/1988","S65E","AMMONIA-N","mg/L",0.24
"04/14/1988","S65E","AMMONIA-N","mg/L",0.065
"04/18/1988","S65E","AMMONIA-N","mg/L",0.02
"04/19/1988","S65E","AMMONIA-N","mg/L",0.04
"04/20/1988","S65E","AMMONIA-N","mg/L",0.06
"04/21/1988","S65E","AMMONIA-N","mg/L",0.12
"04/22/1988","S65E","AMMONIA-N","mg/L",0.1
"04/23/1988","S65E","AMMONIA-N","mg/L",-0.01
"04/24/1988","S65E","AMMONIA-N","mg/L",0.09
"04/25/1988","S65E","AMMONIA-N","mg/L",-0.01
"04/26/1988","S65E","AMMONIA-N","mg/L",-0.01
"04/28/1988","S65E","AMMONIA-N","mg/L",0.11
"04/29/1988","S65E","AMMONIA-N","mg/L",-0.01
"04/30/1988","S65E","AMMONIA-N","mg/L",0.02
"05/01/1988","S65E","AMMONIA-N","mg/L",-0.01
"05/02/1988","S65E","AMMONIA-N","mg/L",0.02
"05/03/1988","S65E","AMMONIA-N","mg/L",-0.01
"05/04/1988","S65E","AMMONIA-N","mg/L",0.03
"05/05/1988","S65E","AMMONIA-N","mg/L",0.07
"05/06/1988","S65E","AMMONIA-N","mg/L",0.04
"05/08/1988","S65E","AMMONIA-N","mg/L",-0.01
"05/09/1988","S65E","AMMONIA-N","mg/L",0.045
"05/10/1988","S65E","AMMONIA-N","mg/L",0.01
"05/11/1988","S65E","AMMONIA-N","mg/L",0.12
"05/12/1988","S65E","AMMONIA-N","mg/L",0.05
"05/13/1988","S65E","AMMONIA-N","mg/L",0.09
"05/14/1988","S65E","AMMONIA-N","mg/L",0.15
"05/17/1988","S65E","AMMONIA-N","mg/L",0
"05/18/1988","S65E","AMMONIA-N","mg/L",0.12
"05/22/1988","S65E","AMMONIA-N","mg/L",0.05
"05/23/1988","S65E","AMMONIA-N","mg/L",-0.01
"05/24/1988","S65E","AMMONIA-N","mg/L",0.005
"05/25/1988","S65E","AMMONIA-N","mg/L",-0.01
"05/26/1988","S65E","AMMONIA-N","mg/L",-0.01
"05/28/1988","S65E","AMMONIA-N","mg/L",-0.01
"05/29/1988","S65E","AMMONIA-N","mg/L",0.06
"05/31/1988","S65E","AMMONIA-N","mg/L",-0.01
"06/01/1988","S65E","AMMONIA-N","mg/L",0.02
"06/02/1988","S65E","AMMONIA-N","mg/L",0.06
"06/03/1988","S65E","AMMONIA-N","mg/L",0.07
"06/04/1988","S65E","AMMONIA-N","mg/L",0.09
"06/05/1988","S65E","AMMONIA-N","mg/L",0.05
"06/06/1988","S65E","AMMONIA-N","mg/L",0.04
"06/07/1988","S65E","AMMONIA-N","mg/L",0.01
"06/08/1988","S65E","AMMONIA-N","mg/L",-0.01
"06/09/1988","S65E","AMMONIA-N","mg/L",0.035
"06/10/1988","S65E","AMMONIA-N","mg/L",0.04
"06/11/1988","S65E","AMMONIA-N","mg/L",-0.01
"06/12/1988","S65E","AMMONIA-N","mg/L",0.03
"06/14/1988","S65E","AMMONIA-N","mg/L",0.02
"06/15/1988","S65E","AMMONIA-N","mg/L",-0.01
"06/16/1988","S65E","AMMONIA-N","mg/L",-0.01
"06/17/1988","S65E","AMMONIA-N","mg/L",0.02
"06/18/1988","S65E","AMMONIA-N","mg/L",-0.01
"06/19/1988","S65E","AMMONIA-N","mg/L",-0.01
"06/20/1988","S65E","AMMONIA-N","mg/L",0.005
"06/21/1988","S65E","AMMONIA-N","mg/L",-0.01
"06/28/1988","S65E","AMMONIA-N","mg/L",-0.01
"06/29/1988","S65E","AMMONIA-N","mg/L",0.06
"06/30/1988","S65E","AMMONIA-N","mg/L",0.55
"07/01/1988","S65E","AMMONIA-N","mg/L",0.1
"07/02/1988","S65E","AMMONIA-N","mg/L",0.01
"07/03/1988","S65E","AMMONIA-N","mg/L",0.12
"07/05/1988","S65E","AMMONIA-N","mg/L",-0.01
"07/06/1988","S65E","AMMONIA-N","mg/L",0.03
"07/07/1988","S65E","AMMONIA-N","mg/L",0.05
"07/08/1988","S65E","AMMONIA-N","mg/L",-0.01
"07/09/1988","S65E","AMMONIA-N","mg/L",0.025
"07/12/1988","S65E","AMMONIA-N","mg/L",0.015
"07/13/1988","S65E","AMMONIA-N","mg/L",-0.01
"07/14/1988","S65E","AMMONIA-N","mg/L",0.05
"07/15/1988","S65E","AMMONIA-N","mg/L",0.03
"07/16/1988","S65E","AMMONIA-N","mg/L",0.04
"07/17/1988","S65E","AMMONIA-N","mg/L",0.02
"07/18/1988","S65E","AMMONIA-N","mg/L",-0.01
"07/19/1988","S65E","AMMONIA-N","mg/L",0
"07/25/1988","S65E","AMMONIA-N","mg/L",-0.01
"07/26/1988","S65E","AMMONIA-N","mg/L",0.17
"07/27/1988","S65E","AMMONIA-N","mg/L",0.15
"08/02/1988","S65E","AMMONIA-N","mg/L",0.12
"08/03/1988","S65E","AMMONIA-N","mg/L",-0.01
"08/09/1988","S65E","AMMONIA-N","mg/L",0.07
"08/15/1988","S65E","AMMONIA-N","mg/L",-0.01
"08/16/1988","S65E","AMMONIA-N","mg/L",0.08
"08/17/1988","S65E","AMMONIA-N","mg/L",0.11
"08/18/1988","S65E","AMMONIA-N","mg/L",0.29
"08/19/1988","S65E","AMMONIA-N","mg/L",-0.01
"08/20/1988","S65E","AMMONIA-N","mg/L",0.15
"08/22/1988","S65E","AMMONIA-N","mg/L",0.07
"08/23/1988","S65E","AMMONIA-N","mg/L",0.095
"08/25/1988","S65E","AMMONIA-N","mg/L",0.04
"08/27/1988","S65E","AMMONIA-N","mg/L",0.1
"08/28/1988","S65E","AMMONIA-N","mg/L",0.03
"08/29/1988","S65E","AMMONIA-N","mg/L",0.12
"08/30/1988","S65E","AMMONIA-N","mg/L",0.165
"08/31/1988","S65E","AMMONIA-N","mg/L",0.03
"09/01/1988","S65E","AMMONIA-N","mg/L",-0.01
"09/02/1988","S65E","AMMONIA-N","mg/L",-0.01
"09/04/1988","S65E","AMMONIA-N","mg/L",-0.01
"09/05/1988","S65E","AMMONIA-N","mg/L",0.05
"09/07/1988","S65E","AMMONIA-N","mg/L",0.21
"09/12/1988","S65E","AMMONIA-N","mg/L",0.07
"09/13/1988","S65E","AMMONIA-N","mg/L",0.06
"09/19/1988","S65E","AMMONIA-N","mg/L",0.04
"09/26/1988","S65E","AMMONIA-N","mg/L",0.01
"09/27/1988","S65E","AMMONIA-N","mg/L",-0.01
"09/29/1988","S65E","AMMONIA-N","mg/L",-0.01
"10/03/1988","S65E","AMMONIA-N","mg/L",0.11
"10/10/1988","S65E","AMMONIA-N","mg/L",0.16
"10/11/1988","S65E","AMMONIA-N","mg/L",0.14
"10/17/1988","S65E","AMMONIA-N","mg/L",-0.01
"10/19/1988","S65E","AMMONIA-N","mg/L",-0.01
"10/21/1988","S65E","AMMONIA-N","mg/L",-0.01
"10/23/1988","S65E","AMMONIA-N","mg/L",-0.01
"10/24/1988","S65E","AMMONIA-N","mg/L",-0.01
"10/25/1988","S65E","AMMONIA-N","mg/L",0
"10/31/1988","S65E","AMMONIA-N","mg/L",-0.01
"11/07/1988","S65E","AMMONIA-N","mg/L",0.01
"11/21/1988","S65E","AMMONIA-N","mg/L",0.02
"11/22/1988","S65E","AMMONIA-N","mg/L",0.04
"12/05/1988","S65E","AMMONIA-N","mg/L",-0.01
"12/19/1988","S65E","AMMONIA-N","mg/L",0.04
"12/28/1988","S65E","AMMONIA-N","mg/L",-0.01
"12/30/1988","S65E","AMMONIA-N","mg/L",-0.01
"01/01/1989","S65E","AMMONIA-N","mg/L",-0.01
"01/03/1989","S65E","AMMONIA-N","mg/L",-0.01
"01/11/1989","S65E","AMMONIA-N","mg/L",0.02
"01/13/1989","S65E","AMMONIA-N","mg/L",0.03
"01/15/1989","S65E","AMMONIA-N","mg/L",-0.01
"01/17/1989","S65E","AMMONIA-N","mg/L",-0.01
"01/23/1989","S65E","AMMONIA-N","mg/L",-0.01
"01/24/1989","S65E","AMMONIA-N","mg/L",-0.01
"01/26/1989","S65E","AMMONIA-N","mg/L",-0.01
"01/29/1989","S65E","AMMONIA-N","mg/L",-0.01
"01/30/1989","S65E","AMMONIA-N","mg/L",0.02
"01/31/1989","S65E","AMMONIA-N","mg/L",-0.01
"02/06/1989","S65E","AMMONIA-N","mg/L",-0.01
"02/08/1989","S65E","AMMONIA-N","mg/L",-0.01
"02/10/1989","S65E","AMMONIA-N","mg/L",-0.01
"02/12/1989","S65E","AMMONIA-N","mg/L",-0.01
"02/13/1989","S65E","AMMONIA-N","mg/L",-0.01
"02/14/1989","S65E","AMMONIA-N","mg/L",0.07
"02/18/1989","S65E","AMMONIA-N","mg/L",0.02
"02/20/1989","S65E","AMMONIA-N","mg/L",0.02
"02/22/1989","S65E","AMMONIA-N","mg/L",0
"02/27/1989","S65E","AMMONIA-N","mg/L",0.03
"02/28/1989","S65E","AMMONIA-N","mg/L",0.05
"03/04/1989","S65E","AMMONIA-N","mg/L",0.05
"03/06/1989","S65E","AMMONIA-N","mg/L",0.04
"03/09/1989","S65E","AMMONIA-N","mg/L",0.015
"03/10/1989","S65E","AMMONIA-N","mg/L",0.02
"03/13/1989","S65E","AMMONIA-N","mg/L",-0.01
"03/15/1989","S65E","AMMONIA-N","mg/L",-0.01
"03/16/1989","S65E","AMMONIA-N","mg/L",0.025
"03/17/1989","S65E","AMMONIA-N","mg/L",0.01
"03/19/1989","S65E","AMMONIA-N","mg/L",-0.01
"03/21/1989","S65E","AMMONIA-N","mg/L",0.005
"03/22/1989","S65E","AMMONIA-N","mg/L",-0.01
"03/24/1989","S65E","AMMONIA-N","mg/L",-0.01
"03/27/1989","S65E","AMMONIA-N","mg/L",0.02
"03/28/1989","S65E","AMMONIA-N","mg/L",0.03
"03/29/1989","S65E","AMMONIA-N","mg/L",0.07
"04/07/1989","S65E","AMMONIA-N","mg/L",-0.01
"04/08/1989","S65E","AMMONIA-N","mg/L",-0.01
"04/09/1989","S65E","AMMONIA-N","mg/L",-0.01
"04/10/1989","S65E","AMMONIA-N","mg/L",0
"04/11/1989","S65E","AMMONIA-N","mg/L",0.045
"04/13/1989","S65E","AMMONIA-N","mg/L",-0.01
"04/16/1989","S65E","AMMONIA-N","mg/L",-0.01
"04/17/1989","S65E","AMMONIA-N","mg/L",0.11
"04/20/1989","S65E","AMMONIA-N","mg/L",-0.01
"04/22/1989","S65E","AMMONIA-N","mg/L",-0.01
"04/23/1989","S65E","AMMONIA-N","mg/L",0.09
"04/24/1989","S65E","AMMONIA-N","mg/L",-0.01
"04/25/1989","S65E","AMMONIA-N","mg/L",0.01
"04/26/1989","S65E","AMMONIA-N","mg/L",0
"04/29/1989","S65E","AMMONIA-N","mg/L",-0.01
"05/01/1989","S65E","AMMONIA-N","mg/L",-0.01
"05/03/1989","S65E","AMMONIA-N","mg/L",-0.01
"05/06/1989","S65E","AMMONIA-N","mg/L",-0.01
"05/08/1989","S65E","AMMONIA-N","mg/L",0.03
"05/10/1989","S65E","AMMONIA-N","mg/L",-0.01
"05/13/1989","S65E","AMMONIA-N","mg/L",0.03
"05/14/1989","S65E","AMMONIA-N","mg/L",0.03
"05/16/1989","S65E","AMMONIA-N","mg/L",0.035
"05/17/1989","S65E","AMMONIA-N","mg/L",0.03
"05/20/1989","S65E","AMMONIA-N","mg/L",0.02
"05/22/1989","S65E","AMMONIA-N","mg/L",0.045
"05/24/1989","S65E","AMMONIA-N","mg/L",-0.01
"05/26/1989","S65E","AMMONIA-N","mg/L",0.18
"05/28/1989","S65E","AMMONIA-N","mg/L",0.45
"05/30/1989","S65E","AMMONIA-N","mg/L",-0.01
"06/01/1989","S65E","AMMONIA-N","mg/L",0.07
"06/03/1989","S65E","AMMONIA-N","mg/L",0.02
"06/05/1989","S65E","AMMONIA-N","mg/L",0.0433333333333333
"06/07/1989","S65E","AMMONIA-N","mg/L",-0.01
"06/09/1989","S65E","AMMONIA-N","mg/L",-0.01
"06/11/1989","S65E","AMMONIA-N","mg/L",-0.01
"06/12/1989","S65E","AMMONIA-N","mg/L",-0.01
"06/13/1989","S65E","AMMONIA-N","mg/L",-0.01
"06/16/1989","S65E","AMMONIA-N","mg/L",-0.01
"06/19/1989","S65E","AMMONIA-N","mg/L",-0.005
"06/20/1989","S65E","AMMONIA-N","mg/L",-0.01
"06/21/1989","S65E","AMMONIA-N","mg/L",0.02
"06/22/1989","S65E","AMMONIA-N","mg/L",0.02
"06/26/1989","S65E","AMMONIA-N","mg/L",-0.01
"07/03/1989","S65E","AMMONIA-N","mg/L",-0.01
"07/05/1989","S65E","AMMONIA-N","mg/L",-0.01
"07/11/1989","S65E","AMMONIA-N","mg/L",-0.01
"07/17/1989","S65E","AMMONIA-N","mg/L",-0.01
"07/18/1989","S65E","AMMONIA-N","mg/L",-0.01
"07/19/1989","S65E","AMMONIA-N","mg/L",-0.01
"07/25/1989","S65E","AMMONIA-N","mg/L",0.05
"07/26/1989","S65E","AMMONIA-N","mg/L",-0.01
"07/27/1989","S65E","AMMONIA-N","mg/L",-0.01
"07/28/1989","S65E","AMMONIA-N","mg/L",-0.01
"07/31/1989","S65E","AMMONIA-N","mg/L",-0.01
"08/01/1989","S65E","AMMONIA-N","mg/L",-0.01
"08/02/1989","S65E","AMMONIA-N","mg/L",0.01
"08/03/1989","S65E","AMMONIA-N","mg/L",-0.01
"08/06/1989","S65E","AMMONIA-N","mg/L",-0.01
"08/07/1989","S65E","AMMONIA-N","mg/L",-0.01
"08/08/1989","S65E","AMMONIA-N","mg/L",-0.01
"08/09/1989","S65E","AMMONIA-N","mg/L",0.03
"08/12/1989","S65E","AMMONIA-N","mg/L",0.04
"08/14/1989","S65E","AMMONIA-N","mg/L",0.05
"08/15/1989","S65E","AMMONIA-N","mg/L",0.005
"08/16/1989","S65E","AMMONIA-N","mg/L",0.08
"08/18/1989","S65E","AMMONIA-N","mg/L",0.11
"08/19/1989","S65E","AMMONIA-N","mg/L",0.07
"08/21/1989","S65E","AMMONIA-N","mg/L",0.12
"08/22/1989","S65E","AMMONIA-N","mg/L",0.22
"08/23/1989","S65E","AMMONIA-N","mg/L",0.14
"08/26/1989","S65E","AMMONIA-N","mg/L",0.06
"08/27/1989","S65E","AMMONIA-N","mg/L",0.04
"08/28/1989","S65E","AMMONIA-N","mg/L",0.02
"08/29/1989","S65E","AMMONIA-N","mg/L",0.045
"08/30/1989","S65E","AMMONIA-N","mg/L",0.05
"09/01/1989","S65E","AMMONIA-N","mg/L",0.1
"09/04/1989","S65E","AMMONIA-N","mg/L",0.1
"09/05/1989","S65E","AMMONIA-N","mg/L",0.19
"09/06/1989","S65E","AMMONIA-N","mg/L",0.13
"09/07/1989","S65E","AMMONIA-N","mg/L",0.1
"09/08/1989","S65E","AMMONIA-N","mg/L",0.08
"09/09/1989","S65E","AMMONIA-N","mg/L",0.11
"09/11/1989","S65E","AMMONIA-N","mg/L",0.175
"09/12/1989","S65E","AMMONIA-N","mg/L",0.17
"09/13/1989","S65E","AMMONIA-N","mg/L",0.07
"09/14/1989","S65E","AMMONIA-N","mg/L",0.23
"09/17/1989","S65E","AMMONIA-N","mg/L",0.08
"09/19/1989","S65E","AMMONIA-N","mg/L",0.05
"09/20/1989","S65E","AMMONIA-N","mg/L",0.2
"09/23/1989","S65E","AMMONIA-N","mg/L",0.25
"09/25/1989","S65E","AMMONIA-N","mg/L",0.245
"09/27/1989","S65E","AMMONIA-N","mg/L",0.263333333333333
"09/29/1989","S65E","AMMONIA-N","mg/L",0.15
"10/02/1989","S65E","AMMONIA-N","mg/L",0.1
"10/03/1989","S65E","AMMONIA-N","mg/L",0.15
"10/06/1989","S65E","AMMONIA-N","mg/L",0.06
"10/09/1989","S65E","AMMONIA-N","mg/L",0.163333333333333
"10/11/1989","S65E","AMMONIA-N","mg/L",0.15
"10/14/1989","S65E","AMMONIA-N","mg/L",0.1
"10/16/1989","S65E","AMMONIA-N","mg/L",0.12
"10/17/1989","S65E","AMMONIA-N","mg/L",0.06
"10/18/1989","S65E","AMMONIA-N","mg/L",0.05
"10/21/1989","S65E","AMMONIA-N","mg/L",0.05
"10/22/1989","S65E","AMMONIA-N","mg/L",0.05
"10/23/1989","S65E","AMMONIA-N","mg/L",0.103333333333333
"10/24/1989","S65E","AMMONIA-N","mg/L",0.11
"10/26/1989","S65E","AMMONIA-N","mg/L",0.1
"10/29/1989","S65E","AMMONIA-N","mg/L",-0.01
"10/30/1989","S65E","AMMONIA-N","mg/L",0.13
"10/31/1989","S65E","AMMONIA-N","mg/L",0.03
"11/03/1989","S65E","AMMONIA-N","mg/L",0.02
"11/05/1989","S65E","AMMONIA-N","mg/L",0.01
"11/06/1989","S65E","AMMONIA-N","mg/L",0.065
"11/08/1989","S65E","AMMONIA-N","mg/L",0.06
"11/13/1989","S65E","AMMONIA-N","mg/L",0.05
"11/14/1989","S65E","AMMONIA-N","mg/L",0.03
"11/16/1989","S65E","AMMONIA-N","mg/L",0.03
"11/17/1989","S65E","AMMONIA-N","mg/L",0.04
"11/20/1989","S65E","AMMONIA-N","mg/L",0.05
"11/22/1989","S65E","AMMONIA-N","mg/L",0.04
"11/23/1989","S65E","AMMONIA-N","mg/L",0.07
"11/25/1989","S65E","AMMONIA-N","mg/L",-0.01
"11/27/1989","S65E","AMMONIA-N","mg/L",0.04
"11/28/1989","S65E","AMMONIA-N","mg/L",0.01
"12/02/1989","S65E","AMMONIA-N","mg/L",0.02
"12/04/1989","S65E","AMMONIA-N","mg/L",0.03
"12/11/1989","S65E","AMMONIA-N","mg/L",0.06
"12/18/1989","S65E","AMMONIA-N","mg/L",0.01
"12/19/1989","S65E","AMMONIA-N","mg/L",0.05
"12/20/1989","S65E","AMMONIA-N","mg/L",0.03
"12/21/1989","S65E","AMMONIA-N","mg/L",0.03
"12/22/1989","S65E","AMMONIA-N","mg/L",0.03
"12/23/1989","S65E","AMMONIA-N","mg/L",0.02
"12/24/1989","S65E","AMMONIA-N","mg/L",0.02
"12/26/1989","S65E","AMMONIA-N","mg/L",0.02
"12/27/1989","S65E","AMMONIA-N","mg/L",0.02
"12/28/1989","S65E","AMMONIA-N","mg/L",0.03
"12/29/1989","S65E","AMMONIA-N","mg/L",0.03
"12/30/1989","S65E","AMMONIA-N","mg/L",0.02
"12/31/1989","S65E","AMMONIA-N","mg/L",0.02
"01/01/1990","S65E","AMMONIA-N","mg/L",0.02
"01/02/1990","S65E","AMMONIA-N","mg/L",0.015
"01/03/1990","S65E","AMMONIA-N","mg/L",0.0133333333333333
"01/06/1990","S65E","AMMONIA-N","mg/L",0.03
"01/07/1990","S65E","AMMONIA-N","mg/L",0.01
"01/09/1990","S65E","AMMONIA-N","mg/L",0.12
"01/10/1990","S65E","AMMONIA-N","mg/L",0.04
"01/12/1990","S65E","AMMONIA-N","mg/L",0.04
"01/14/1990","S65E","AMMONIA-N","mg/L",0.02
"01/16/1990","S65E","AMMONIA-N","mg/L",-0.01
"01/18/1990","S65E","AMMONIA-N","mg/L",0.05
"01/20/1990","S65E","AMMONIA-N","mg/L",0.06
"01/23/1990","S65E","AMMONIA-N","mg/L",0.01
"01/30/1990","S65E","AMMONIA-N","mg/L",-0.01
"01/31/1990","S65E","AMMONIA-N","mg/L",-0.01
"02/06/1990","S65E","AMMONIA-N","mg/L",-0.01
"02/13/1990","S65E","AMMONIA-N","mg/L",-0.01
"02/14/1990","S65E","AMMONIA-N","mg/L",0.01
"02/16/1990","S65E","AMMONIA-N","mg/L",0.01
"02/18/1990","S65E","AMMONIA-N","mg/L",-0.01
"02/20/1990","S65E","AMMONIA-N","mg/L",-0.01
"02/22/1990","S65E","AMMONIA-N","mg/L",0.04
"02/24/1990","S65E","AMMONIA-N","mg/L",0.03
"02/26/1990","S65E","AMMONIA-N","mg/L",0.04
"02/27/1990","S65E","AMMONIA-N","mg/L",0.08
"02/28/1990","S65E","AMMONIA-N","mg/L",0.02
"03/02/1990","S65E","AMMONIA-N","mg/L",0.07
"03/04/1990","S65E","AMMONIA-N","mg/L",0.07
"03/06/1990","S65E","AMMONIA-N","mg/L",0.04
"03/08/1990","S65E","AMMONIA-N","mg/L",0.05
"03/10/1990","S65E","AMMONIA-N","mg/L",0.13
"03/12/1990","S65E","AMMONIA-N","mg/L",0.04
"03/16/1990","S65E","AMMONIA-N","mg/L",0.07
"03/26/1990","S65E","AMMONIA-N","mg/L",0.05
"03/27/1990","S65E","AMMONIA-N","mg/L",0.04
"04/03/1990","S65E","AMMONIA-N","mg/L",-0.01
"04/05/1990","S65E","AMMONIA-N","mg/L",0.03
"04/07/1990","S65E","AMMONIA-N","mg/L",0.03
"04/09/1990","S65E","AMMONIA-N","mg/L",0.03
"04/10/1990","S65E","AMMONIA-N","mg/L",0.05
"04/11/1990","S65E","AMMONIA-N","mg/L",0.04
"04/17/1990","S65E","AMMONIA-N","mg/L",0.01
"04/23/1990","S65E","AMMONIA-N","mg/L",-0.01
"04/24/1990","S65E","AMMONIA-N","mg/L",-0.01
"04/26/1990","S65E","AMMONIA-N","mg/L",0.04
"04/28/1990","S65E","AMMONIA-N","mg/L",0.03
"04/30/1990","S65E","AMMONIA-N","mg/L",0.035
"05/07/1990","S65E","AMMONIA-N","mg/L",0
"05/09/1990","S65E","AMMONIA-N","mg/L",0.11
"05/11/1990","S65E","AMMONIA-N","mg/L",-0.01
"05/13/1990","S65E","AMMONIA-N","mg/L",0.02
"05/14/1990","S65E","AMMONIA-N","mg/L",0.02
"05/16/1990","S65E","AMMONIA-N","mg/L",-0.01
"05/18/1990","S65E","AMMONIA-N","mg/L",0.01
"05/20/1990","S65E","AMMONIA-N","mg/L",0.02
"05/21/1990","S65E","AMMONIA-N","mg/L",0
"05/29/1990","S65E","AMMONIA-N","mg/L",-0.01
"06/04/1990","S65E","AMMONIA-N","mg/L",0.02
"06/05/1990","S65E","AMMONIA-N","mg/L",-0.01
"06/12/1990","S65E","AMMONIA-N","mg/L",-0.01
"06/18/1990","S65E","AMMONIA-N","mg/L",-0.01
"06/25/1990","S65E","AMMONIA-N","mg/L",-0.01
"07/02/1990","S65E","AMMONIA-N","mg/L",-0.01
"07/03/1990","S65E","AMMONIA-N","mg/L",0.03
"07/09/1990","S65E","AMMONIA-N","mg/L",-0.01
"07/16/1990","S65E","AMMONIA-N","mg/L",0.15
"07/23/1990","S65E","AMMONIA-N","mg/L",0.17
"07/30/1990","S65E","AMMONIA-N","mg/L",0.025
"08/06/1990","S65E","AMMONIA-N","mg/L",0.08
"08/13/1990","S65E","AMMONIA-N","mg/L",0.14
"08/20/1990","S65E","AMMONIA-N","mg/L",0.05
"08/27/1990","S65E","AMMONIA-N","mg/L",0.16
"09/04/1990","S65E","AMMONIA-N","mg/L",0.21
"09/10/1990","S65E","AMMONIA-N","mg/L",0.22
"09/17/1990","S65E","AMMONIA-N","mg/L",0.18
"09/24/1990","S65E","AMMONIA-N","mg/L",0.21
"10/01/1990","S65E","AMMONIA-N","mg/L",0.24
"10/08/1990","S65E","AMMONIA-N","mg/L",0.17
"10/09/1990","S65E","AMMONIA-N","mg/L",0.15
"10/16/1990","S65E","AMMONIA-N","mg/L",0.08
"10/22/1990","S65E","AMMONIA-N","mg/L",0.095
"10/31/1990","S65E","AMMONIA-N","mg/L",0.14
"11/05/1990","S65E","AMMONIA-N","mg/L",0.13
"11/06/1990","S65E","AMMONIA-N","mg/L",0.15
"11/13/1990","S65E","AMMONIA-N","mg/L",0.12
"11/19/1990","S65E","AMMONIA-N","mg/L",0.07
"11/20/1990","S65E","AMMONIA-N","mg/L",0.08
"11/26/1990","S65E","AMMONIA-N","mg/L",-0.01
"12/03/1990","S65E","AMMONIA-N","mg/L",0.02
"12/10/1990","S65E","AMMONIA-N","mg/L",0.08
"12/17/1990","S65E","AMMONIA-N","mg/L",0.04
"12/18/1990","S65E","AMMONIA-N","mg/L",0.03
"12/26/1990","S65E","AMMONIA-N","mg/L",0.03
"12/31/1990","S65E","AMMONIA-N","mg/L",0.05
"01/07/1991","S65E","AMMONIA-N","mg/L",0.03
"01/14/1991","S65E","AMMONIA-N","mg/L",0.035
"01/17/1991","S65E","AMMONIA-N","mg/L",0.04
"01/22/1991","S65E","AMMONIA-N","mg/L",0.05
"01/28/1991","S65E","AMMONIA-N","mg/L",0.015
"02/04/1991","S65E","AMMONIA-N","mg/L",-0.01
"02/11/1991","S65E","AMMONIA-N","mg/L",0.02
"02/19/1991","S65E","AMMONIA-N","mg/L",0.01
"02/25/1991","S65E","AMMONIA-N","mg/L",0.02
"02/26/1991","S65E","AMMONIA-N","mg/L",0.04
"03/04/1991","S65E","AMMONIA-N","mg/L",0.02
"03/11/1991","S65E","AMMONIA-N","mg/L",0.01
"03/18/1991","S65E","AMMONIA-N","mg/L",0.03
"03/25/1991","S65E","AMMONIA-N","mg/L",0.07
"04/01/1991","S65E","AMMONIA-N","mg/L",0.05
"04/08/1991","S65E","AMMONIA-N","mg/L",0.04
"04/15/1991","S65E","AMMONIA-N","mg/L",0.01
"04/22/1991","S65E","AMMONIA-N","mg/L",0.03
"04/29/1991","S65E","AMMONIA-N","mg/L",-0.01
"05/06/1991","S65E","AMMONIA-N","mg/L",-0.01
"05/13/1991","S65E","AMMONIA-N","mg/L",-0.01
"05/20/1991","S65E","AMMONIA-N","mg/L",-0.01
"05/28/1991","S65E","AMMONIA-N","mg/L",-0.01
"06/03/1991","S65E","AMMONIA-N","mg/L",-0.01
"06/10/1991","S65E","AMMONIA-N","mg/L",0.1
"06/17/1991","S65E","AMMONIA-N","mg/L",0.07
"06/18/1991","S65E","AMMONIA-N","mg/L",-0.01
"06/24/1991","S65E","AMMONIA-N","mg/L",0.02
"07/01/1991","S65E","AMMONIA-N","mg/L",0.065
"07/08/1991","S65E","AMMONIA-N","mg/L",-0.01
"07/15/1991","S65E","AMMONIA-N","mg/L",0.135
"07/22/1991","S65E","AMMONIA-N","mg/L",0.07
"07/29/1991","S65E","AMMONIA-N","mg/L",-0.01
"08/05/1991","S65E","AMMONIA-N","mg/L",0.02
"08/12/1991","S65E","AMMONIA-N","mg/L",0.105
"08/19/1991","S65E","AMMONIA-N","mg/L",0.07
"08/26/1991","S65E","AMMONIA-N","mg/L",0.095
"08/28/1991","S65E","AMMONIA-N","mg/L",0.08
"09/03/1991","S65E","AMMONIA-N","mg/L",0.08
"09/09/1991","S65E","AMMONIA-N","mg/L",0.1
"09/17/1991","S65E","AMMONIA-N","mg/L",0.09
"09/23/1991","S65E","AMMONIA-N","mg/L",0.125
"09/30/1991","S65E","AMMONIA-N","mg/L",0.16
"10/07/1991","S65E","AMMONIA-N","mg/L",0.11
"10/14/1991","S65E","AMMONIA-N","mg/L",0.09
"10/21/1991","S65E","AMMONIA-N","mg/L",0.045
"10/28/1991","S65E","AMMONIA-N","mg/L",0.05
"11/04/1991","S65E","AMMONIA-N","mg/L",0.08
"11/18/1991","S65E","AMMONIA-N","mg/L",0.03
"11/20/1991","S65E","AMMONIA-N","mg/L",0.04
"11/25/1991","S65E","AMMONIA-N","mg/L",0.02
"12/02/1991","S65E","AMMONIA-N","mg/L",-0.01
"12/09/1991","S65E","AMMONIA-N","mg/L",-0.01
"12/16/1991","S65E","AMMONIA-N","mg/L",-0.01
"12/23/1991","S65E","AMMONIA-N","mg/L",0.03
"12/30/1991","S65E","AMMONIA-N","mg/L",-0.01
"01/06/1992","S65E","AMMONIA-N","mg/L",-0.01
"01/13/1992","S65E","AMMONIA-N","mg/L",-0.01
"01/21/1992","S65E","AMMONIA-N","mg/L",-0.01
"01/27/1992","S65E","AMMONIA-N","mg/L",0.005
"02/03/1992","S65E","AMMONIA-N","mg/L",-0.01
"02/10/1992","S65E","AMMONIA-N","mg/L",-0.01
"02/11/1992","S65E","AMMONIA-N","mg/L",-0.01
"02/19/1992","S65E","AMMONIA-N","mg/L",-0.01
"02/24/1992","S65E","AMMONIA-N","mg/L",-0.01
"02/27/1992","S65E","AMMONIA-N","mg/L",-0.01
"03/02/1992","S65E","AMMONIA-N","mg/L",0.01
"03/09/1992","S65E","AMMONIA-N","mg/L",-0.01
"03/11/1992","S65E","AMMONIA-N","mg/L",-0.01
"03/16/1992","S65E","AMMONIA-N","mg/L",-0.01
"03/23/1992","S65E","AMMONIA-N","mg/L",-0.01
"03/26/1992","S65E","AMMONIA-N","mg/L",-0.01
"03/30/1992","S65E","AMMONIA-N","mg/L",-0.01
"04/06/1992","S65E","AMMONIA-N","mg/L",-0.01
"04/07/1992","S65E","AMMONIA-N","mg/L",-0.01
"04/13/1992","S65E","AMMONIA-N","mg/L",-0.01
"04/20/1992","S65E","AMMONIA-N","mg/L",-0.01
"04/21/1992","S65E","AMMONIA-N","mg/L",-0.01
"04/27/1992","S65E","AMMONIA-N","mg/L",-0.01
"05/04/1992","S65E","AMMONIA-N","mg/L",-0.01
"05/05/1992","S65E","AMMONIA-N","mg/L",-0.01
"05/11/1992","S65E","AMMONIA-N","mg/L",-0.01
"05/18/1992","S65E","AMMONIA-N","mg/L",-0.01
"05/19/1992","S65E","AMMONIA-N","mg/L",-0.01
"05/26/1992","S65E","AMMONIA-N","mg/L",-0.01
"06/01/1992","S65E","AMMONIA-N","mg/L",-0.01
"06/02/1992","S65E","AMMONIA-N","mg/L",-0.01
"06/08/1992","S65E","AMMONIA-N","mg/L",-0.01
"06/15/1992","S65E","AMMONIA-N","mg/L",-0.01
"06/16/1992","S65E","AMMONIA-N","mg/L",-0.01
"06/22/1992","S65E","AMMONIA-N","mg/L",-0.01
"06/29/1992","S65E","AMMONIA-N","mg/L",0.15
"06/30/1992","S65E","AMMONIA-N","mg/L",0.08
"07/06/1992","S65E","AMMONIA-N","mg/L",-0.01
"07/08/1992","S65E","AMMONIA-N","mg/L",-0.01
"07/13/1992","S65E","AMMONIA-N","mg/L",0.12
"07/14/1992","S65E","AMMONIA-N","mg/L",0.05
"07/21/1992","S65E","AMMONIA-N","mg/L",0.15
"07/27/1992","S65E","AMMONIA-N","mg/L",0.18
"07/28/1992","S65E","AMMONIA-N","mg/L",0.12
"08/03/1992","S65E","AMMONIA-N","mg/L",0.18
"08/11/1992","S65E","AMMONIA-N","mg/L",0.24
"08/17/1992","S65E","AMMONIA-N","mg/L",0.18
"08/25/1992","S65E","AMMONIA-N","mg/L",0.06
"08/26/1992","S65E","AMMONIA-N","mg/L",-0.01
"08/31/1992","S65E","AMMONIA-N","mg/L",-0.01
"09/08/1992","S65E","AMMONIA-N","mg/L",0.08
"09/10/1992","S65E","AMMONIA-N","mg/L",0.08
"09/15/1992","S65E","AMMONIA-N","mg/L",0.07
"09/21/1992","S65E","AMMONIA-N","mg/L",-0.01
"09/22/1992","S65E","AMMONIA-N","mg/L",-0.01
"09/28/1992","S65E","AMMONIA-N","mg/L",0.09
"10/06/1992","S65E","AMMONIA-N","mg/L",0.204285714285714
"10/13/1992","S65E","AMMONIA-N","mg/L",0.13
"10/20/1992","S65E","AMMONIA-N","mg/L",0.177142857142857
"10/27/1992","S65E","AMMONIA-N","mg/L",0.04
"11/03/1992","S65E","AMMONIA-N","mg/L",0.158571428571429
"11/10/1992","S65E","AMMONIA-N","mg/L",0.09
"11/17/1992","S65E","AMMONIA-N","mg/L",0.06
"11/18/1992","S65E","AMMONIA-N","mg/L",0.055
"11/23/1992","S65E","AMMONIA-N","mg/L",0.01
"12/02/1992","S65E","AMMONIA-N","mg/L",0.02
"12/03/1992","S65E","AMMONIA-N","mg/L",0.123333333333333
"12/08/1992","S65E","AMMONIA-N","mg/L",0.02
"12/15/1992","S65E","AMMONIA-N","mg/L",0.02
"12/22/1992","S65E","AMMONIA-N","mg/L",-0.01
"12/29/1992","S65E","AMMONIA-N","mg/L",-0.01
"12/30/1992","S65E","AMMONIA-N","mg/L",-0.01
"01/06/1993","S65E","AMMONIA-N","mg/L",-0.01
"01/11/1993","S65E","AMMONIA-N","mg/L",-0.01
"01/13/1993","S65E","AMMONIA-N","mg/L",-0.01
"01/21/1993","S65E","AMMONIA-N","mg/L",-0.01
"01/27/1993","S65E","AMMONIA-N","mg/L",-0.01
"02/03/1993","S65E","AMMONIA-N","mg/L",-0.01
"02/08/1993","S65E","AMMONIA-N","mg/L",-0.01
"02/10/1993","S65E","AMMONIA-N","mg/L",-0.01
"02/18/1993","S65E","AMMONIA-N","mg/L",0.101666666666667
"02/23/1993","S65E","AMMONIA-N","mg/L",-0.01
"02/24/1993","S65E","AMMONIA-N","mg/L",-0.01
"03/03/1993","S65E","AMMONIA-N","mg/L",0.01
"03/08/1993","S65E","AMMONIA-N","mg/L",0.0966666666666667
"03/10/1993","S65E","AMMONIA-N","mg/L",-0.01
"03/17/1993","S65E","AMMONIA-N","mg/L",0.05
"03/23/1993","S65E","AMMONIA-N","mg/L",0.0425
"03/25/1993","S65E","AMMONIA-N","mg/L",-0.01
"03/30/1993","S65E","AMMONIA-N","mg/L",-0.01
"04/06/1993","S65E","AMMONIA-N","mg/L",0.108333333333333
"04/20/1993","S65E","AMMONIA-N","mg/L",-0.01
"05/04/1993","S65E","AMMONIA-N","mg/L",0.085
"05/18/1993","S65E","AMMONIA-N","mg/L",-0.01
"05/20/1993","S65E","AMMONIA-N","mg/L",-0.01
"06/01/1993","S65E","AMMONIA-N","mg/L",0.04
"06/02/1993","S65E","AMMONIA-N","mg/L",0.105
"06/15/1993","S65E","AMMONIA-N","mg/L",-0.01
"06/26/1993","S65E","AMMONIA-N","mg/L",-0.01
"06/29/1993","S65E","AMMONIA-N","mg/L",-0.01
"07/13/1993","S65E","AMMONIA-N","mg/L",-0.01
"07/27/1993","S65E","AMMONIA-N","mg/L",-0.01
"08/10/1993","S65E","AMMONIA-N","mg/L",-0.01
"08/17/1993","S65E","AMMONIA-N","mg/L",-0.01
"08/24/1993","S65E","AMMONIA-N","mg/L",0.01
"09/07/1993","S65E","AMMONIA-N","mg/L",0.01
"09/21/1993","S65E","AMMONIA-N","mg/L",0.09
"10/05/1993","S65E","AMMONIA-N","mg/L",0.17
"10/19/1993","S65E","AMMONIA-N","mg/L",0.17
"11/02/1993","S65E","AMMONIA-N","mg/L",0.23
"11/16/1993","S65E","AMMONIA-N","mg/L",0.075
"12/01/1993","S65E","AMMONIA-N","mg/L",0.005
"12/14/1993","S65E","AMMONIA-N","mg/L",0.028
"12/28/1993","S65E","AMMONIA-N","mg/L",-0.01
"01/11/1994","S65E","AMMONIA-N","mg/L",-0.01
"01/19/1994","S65E","AMMONIA-N","mg/L",-0.01
"01/25/1994","S65E","AMMONIA-N","mg/L",0.02
"02/08/1994","S65E","AMMONIA-N","mg/L",-0.01
"02/15/1994","S65E","AMMONIA-N","mg/L",-0.01
"02/22/1994","S65E","AMMONIA-N","mg/L",0.03
"03/08/1994","S65E","AMMONIA-N","mg/L",0.03
"03/15/1994","S65E","AMMONIA-N","mg/L",-0.01
"03/22/1994","S65E","AMMONIA-N","mg/L",-0.01
"04/05/1994","S65E","AMMONIA-N","mg/L",-0.01
"04/12/1994","S65E","AMMONIA-N","mg/L",-0.01
"04/19/1994","S65E","AMMONIA-N","mg/L",-0.01
"05/03/1994","S65E","AMMONIA-N","mg/L",-0.01
"05/17/1994","S65E","AMMONIA-N","mg/L",-0.01
"05/31/1994","S65E","AMMONIA-N","mg/L",-0.01
"06/14/1994","S65E","AMMONIA-N","mg/L",0.0025
"06/28/1994","S65E","AMMONIA-N","mg/L",0.0175
"07/12/1994","S65E","AMMONIA-N","mg/L",0.101
"07/19/1994","S65E","AMMONIA-N","mg/L",0.075
"07/26/1994","S65E","AMMONIA-N","mg/L",0.083
"08/03/1994","S65E","AMMONIA-N","mg/L",-0.01
"08/09/1994","S65E","AMMONIA-N","mg/L",0.01
"08/23/1994","S65E","AMMONIA-N","mg/L",0.072
"09/20/1994","S65E","AMMONIA-N","mg/L",0.054
"10/04/1994","S65E","AMMONIA-N","mg/L",0.057
"10/18/1994","S65E","AMMONIA-N","mg/L",0.036
"11/01/1994","S65E","AMMONIA-N","mg/L",0.052
"11/15/1994","S65E","AMMONIA-N","mg/L",0.063
"11/29/1994","S65E","AMMONIA-N","mg/L",-0.01
"12/13/1994","S65E","AMMONIA-N","mg/L",0.038
"12/27/1994","S65E","AMMONIA-N","mg/L",0.022
"01/10/1995","S65E","AMMONIA-N","mg/L",0.067
"01/24/1995","S65E","AMMONIA-N","mg/L",0.022
"02/21/1995","S65E","AMMONIA-N","mg/L",-0.01
"03/07/1995","S65E","AMMONIA-N","mg/L",0.03
"03/21/1995","S65E","AMMONIA-N","mg/L",0.043
"04/04/1995","S65E","AMMONIA-N","mg/L",0.081
"04/18/1995","S65E","AMMONIA-N","mg/L",-0.01
"05/02/1995","S65E","AMMONIA-N","mg/L",0.015
"05/16/1995","S65E","AMMONIA-N","mg/L",-0.01
"05/30/1995","S65E","AMMONIA-N","mg/L",-0.01
"06/13/1995","S65E","AMMONIA-N","mg/L",-0.01
"06/27/1995","S65E","AMMONIA-N","mg/L",-0.01
"07/11/1995","S65E","AMMONIA-N","mg/L",0.02
"07/25/1995","S65E","AMMONIA-N","mg/L",0.02
"08/08/1995","S65E","AMMONIA-N","mg/L",-0.01
"08/22/1995","S65E","AMMONIA-N","mg/L",0.051
"09/05/1995","S65E","AMMONIA-N","mg/L",0.029
"09/19/1995","S65E","AMMONIA-N","mg/L",0.027
"10/03/1995","S65E","AMMONIA-N","mg/L",0.11
"10/17/1995","S65E","AMMONIA-N","mg/L",0.064
"10/31/1995","S65E","AMMONIA-N","mg/L",0.045
"11/14/1995","S65E","AMMONIA-N","mg/L",0.049
"11/28/1995","S65E","AMMONIA-N","mg/L",0.067
"12/12/1995","S65E","AMMONIA-N","mg/L",0.081
"12/26/1995","S65E","AMMONIA-N","mg/L",0.045
"01/09/1996","S65E","AMMONIA-N","mg/L",0.061
"01/23/1996","S65E","AMMONIA-N","mg/L",0.044
"02/06/1996","S65E","AMMONIA-N","mg/L",0.04525
"02/20/1996","S65E","AMMONIA-N","mg/L",0.04075
"03/05/1996","S65E","AMMONIA-N","mg/L",0.57925
"03/19/1996","S65E","AMMONIA-N","mg/L",0.579
"04/02/1996","S65E","AMMONIA-N","mg/L",0.1565
"04/16/1996","S65E","AMMONIA-N","mg/L",0.0905
"04/30/1996","S65E","AMMONIA-N","mg/L",0.0362
"05/14/1996","S65E","AMMONIA-N","mg/L",0.03275
"05/20/1996","S65E","AMMONIA-N","mg/L",0.044
"05/28/1996","S65E","AMMONIA-N","mg/L",-0.015
"06/11/1996","S65E","AMMONIA-N","mg/L",0.00075
"06/25/1996","S65E","AMMONIA-N","mg/L",0.01375
"07/09/1996","S65E","AMMONIA-N","mg/L",0.061
"07/23/1996","S65E","AMMONIA-N","mg/L",0.0035
"08/06/1996","S65E","AMMONIA-N","mg/L",0.052
"08/20/1996","S65E","AMMONIA-N","mg/L",0.0665
"09/03/1996","S65E","AMMONIA-N","mg/L",0.0375
"09/17/1996","S65E","AMMONIA-N","mg/L",0.059
"10/01/1996","S65E","AMMONIA-N","mg/L",0.076
"10/15/1996","S65E","AMMONIA-N","mg/L",0.0635
"10/29/1996","S65E","AMMONIA-N","mg/L",0.0355
"11/04/1996","S65E","AMMONIA-N","mg/L",0.098
"11/12/1996","S65E","AMMONIA-N","mg/L",0.0406
"11/26/1996","S65E","AMMONIA-N","mg/L",0.0098
"12/10/1996","S65E","AMMONIA-N","mg/L",0.017
"12/26/1996","S65E","AMMONIA-N","mg/L",6e-04
"01/07/1997","S65E","AMMONIA-N","mg/L",-0.009
"01/21/1997","S65E","AMMONIA-N","mg/L",0.0436
"02/05/1997","S65E","AMMONIA-N","mg/L",0.014
"02/18/1997","S65E","AMMONIA-N","mg/L",0.0232
"02/24/1997","S65E","AMMONIA-N","mg/L",0.013
"03/04/1997","S65E","AMMONIA-N","mg/L",-0.009
"03/18/1997","S65E","AMMONIA-N","mg/L",0.058
"04/01/1997","S65E","AMMONIA-N","mg/L",0.0015
"04/15/1997","S65E","AMMONIA-N","mg/L",0.069
"04/29/1997","S65E","AMMONIA-N","mg/L",0.038
"05/13/1997","S65E","AMMONIA-N","mg/L",0.033
"05/19/1997","S65E","AMMONIA-N","mg/L",-0.009
"05/27/1997","S65E","AMMONIA-N","mg/L",0.028
"06/10/1997","S65E","AMMONIA-N","mg/L",0.028
"06/24/1997","S65E","AMMONIA-N","mg/L",0.007
"07/08/1997","S65E","AMMONIA-N","mg/L",-0.009
"07/22/1997","S65E","AMMONIA-N","mg/L",0.027
"08/05/1997","S65E","AMMONIA-N","mg/L",0.354
"08/19/1997","S65E","AMMONIA-N","mg/L",0.07
"08/28/1997","S65E","AMMONIA-N","mg/L",0.017
"09/02/1997","S65E","AMMONIA-N","mg/L",0.026
"09/16/1997","S65E","AMMONIA-N","mg/L",0.184
"09/30/1997","S65E","AMMONIA-N","mg/L",0.229
"10/14/1997","S65E","AMMONIA-N","mg/L",0.156
"10/28/1997","S65E","AMMONIA-N","mg/L",0.165
"11/12/1997","S65E","AMMONIA-N","mg/L",0.101
"11/17/1997","S65E","AMMONIA-N","mg/L",0.047
"11/25/1997","S65E","AMMONIA-N","mg/L",0.046
"12/09/1997","S65E","AMMONIA-N","mg/L",0.079
"12/23/1997","S65E","AMMONIA-N","mg/L",0.028
"01/06/1998","S65E","AMMONIA-N","mg/L",0.035
"01/20/1998","S65E","AMMONIA-N","mg/L",0.025
"02/03/1998","S65E","AMMONIA-N","mg/L",0.049
"02/17/1998","S65E","AMMONIA-N","mg/L",0.061
"02/18/1998","S65E","AMMONIA-N","mg/L",0.053
"03/03/1998","S65E","AMMONIA-N","mg/L",0.018
"03/17/1998","S65E","AMMONIA-N","mg/L",-0.009
"03/31/1998","S65E","AMMONIA-N","mg/L",0.022
"04/14/1998","S65E","AMMONIA-N","mg/L",0.012
"04/28/1998","S65E","AMMONIA-N","mg/L",0.076
"05/12/1998","S65E","AMMONIA-N","mg/L",0.053
"05/18/1998","S65E","AMMONIA-N","mg/L",0.095
"05/26/1998","S65E","AMMONIA-N","mg/L",0.072
"06/09/1998","S65E","AMMONIA-N","mg/L",0.088
"06/23/1998","S65E","AMMONIA-N","mg/L",0.024
"07/07/1998","S65E","AMMONIA-N","mg/L",0.077
"07/21/1998","S65E","AMMONIA-N","mg/L",0.057
"08/04/1998","S65E","AMMONIA-N","mg/L",0.011
"08/18/1998","S65E","AMMONIA-N","mg/L",0.121
"08/24/1998","S65E","AMMONIA-N","mg/L",0.112
"09/01/1998","S65E","AMMONIA-N","mg/L",0.125
"09/10/1998","S65E","AMMONIA-N","mg/L",-0.01
"09/15/1998","S65E","AMMONIA-N","mg/L",0.192
"09/29/1998","S65E","AMMONIA-N","mg/L",0.079
"10/13/1998","S65E","AMMONIA-N","mg/L",0.142
"10/27/1998","S65E","AMMONIA-N","mg/L",0.18
"11/09/1998","S65E","AMMONIA-N","mg/L",0.112
"11/24/1998","S65E","AMMONIA-N","mg/L",0.12
"12/08/1998","S65E","AMMONIA-N","mg/L",0.123
"12/22/1998","S65E","AMMONIA-N","mg/L",0.091
"01/05/1999","S65E","AMMONIA-N","mg/L",-0.009
"01/19/1999","S65E","AMMONIA-N","mg/L",0.022
"01/25/1999","S65E","AMMONIA-N","mg/L",0.014
"02/02/1999","S65E","AMMONIA-N","mg/L",0.018
"02/16/1999","S65E","AMMONIA-N","mg/L",0.018
"03/02/1999","S65E","AMMONIA-N","mg/L",0.0175
"03/16/1999","S65E","AMMONIA-N","mg/L",0.0172
"03/30/1999","S65E","AMMONIA-N","mg/L",0.027
"04/13/1999","S65E","AMMONIA-N","mg/L",-0.009
"04/19/1999","S65E","AMMONIA-N","mg/L",0.033
"04/27/1999","S65E","AMMONIA-N","mg/L",0.052
"05/11/1999","S65E","AMMONIA-N","mg/L",0.013
"05/25/1999","S65E","AMMONIA-N","mg/L",-0.009
"06/08/1999","S65E","AMMONIA-N","mg/L",0.011
"06/22/1999","S65E","AMMONIA-N","mg/L",-0.009
"07/06/1999","S65E","AMMONIA-N","mg/L",0.0815
"07/20/1999","S65E","AMMONIA-N","mg/L",0.073
"07/26/1999","S65E","AMMONIA-N","mg/L",0.11
"08/03/1999","S65E","AMMONIA-N","mg/L",0.053
"08/17/1999","S65E","AMMONIA-N","mg/L",0.232
"08/31/1999","S65E","AMMONIA-N","mg/L",-0.009
"09/16/1999","S65E","AMMONIA-N","mg/L",0.075
"09/28/1999","S65E","AMMONIA-N","mg/L",0.0525
"10/12/1999","S65E","AMMONIA-N","mg/L",0.087
"10/18/1999","S65E","AMMONIA-N","mg/L",0.032
"10/26/1999","S65E","AMMONIA-N","mg/L",0.034
"11/09/1999","S65E","AMMONIA-N","mg/L",0.086
"11/23/1999","S65E","AMMONIA-N","mg/L",0.082
"12/07/1999","S65E","AMMONIA-N","mg/L",0.0065
"12/21/1999","S65E","AMMONIA-N","mg/L",0.0125
"01/04/2000","S65E","AMMONIA-N","mg/L",0.0154
"01/18/2000","S65E","AMMONIA-N","mg/L",0.0185
"01/24/2000","S65E","AMMONIA-N","mg/L",0.036
"02/01/2000","S65E","AMMONIA-N","mg/L",0.025
"02/15/2000","S65E","AMMONIA-N","mg/L",0.01
"02/29/2000","S65E","AMMONIA-N","mg/L",-0.009
"03/14/2000","S65E","AMMONIA-N","mg/L",0.036
"03/28/2000","S65E","AMMONIA-N","mg/L",0.019
"04/11/2000","S65E","AMMONIA-N","mg/L",0.009
"04/17/2000","S65E","AMMONIA-N","mg/L",-0.009
"04/24/2000","S65E","AMMONIA-N","mg/L",-0.009
"05/09/2000","S65E","AMMONIA-N","mg/L",0.102
"05/23/2000","S65E","AMMONIA-N","mg/L",-0.009
"06/06/2000","S65E","AMMONIA-N","mg/L",-0.009
"06/20/2000","S65E","AMMONIA-N","mg/L",0.032
"07/05/2000","S65E","AMMONIA-N","mg/L",0.009
"07/18/2000","S65E","AMMONIA-N","mg/L",-0.009
"07/25/2000","S65E","AMMONIA-N","mg/L",-0.009
"08/01/2000","S65E","AMMONIA-N","mg/L",0.0168
"08/15/2000","S65E","AMMONIA-N","mg/L",0.009
"08/29/2000","S65E","AMMONIA-N","mg/L",0.014
"09/12/2000","S65E","AMMONIA-N","mg/L",0.028
"09/26/2000","S65E","AMMONIA-N","mg/L",0.211
"10/10/2000","S65E","AMMONIA-N","mg/L",0.0995
"10/16/2000","S65E","AMMONIA-N","mg/L",0.055
"10/24/2000","S65E","AMMONIA-N","mg/L",0.04
"11/07/2000","S65E","AMMONIA-N","mg/L",0.033
"11/21/2000","S65E","AMMONIA-N","mg/L",0.047
"12/05/2000","S65E","AMMONIA-N","mg/L",0.018
"12/19/2000","S65E","AMMONIA-N","mg/L",0.013
"01/02/2001","S65E","AMMONIA-N","mg/L",0.0075
"01/16/2001","S65E","AMMONIA-N","mg/L",0.012
"01/22/2001","S65E","AMMONIA-N","mg/L",0.019
"01/30/2001","S65E","AMMONIA-N","mg/L",0.02
"02/13/2001","S65E","AMMONIA-N","mg/L",0.027
"02/27/2001","S65E","AMMONIA-N","mg/L",0.018
"03/13/2001","S65E","AMMONIA-N","mg/L",0.019
"03/27/2001","S65E","AMMONIA-N","mg/L",0.013
"04/10/2001","S65E","AMMONIA-N","mg/L",0.019
"04/16/2001","S65E","AMMONIA-N","mg/L",0.0025
"04/24/2001","S65E","AMMONIA-N","mg/L",0.0035
"05/08/2001","S65E","AMMONIA-N","mg/L",0.0055
"05/22/2001","S65E","AMMONIA-N","mg/L",0.01
"06/05/2001","S65E","AMMONIA-N","mg/L",0.039
"06/19/2001","S65E","AMMONIA-N","mg/L",0.01
"07/03/2001","S65E","AMMONIA-N","mg/L",0.0186
"07/16/2001","S65E","AMMONIA-N","mg/L",0.076
"07/17/2001","S65E","AMMONIA-N","mg/L",0.064
"07/31/2001","S65E","AMMONIA-N","mg/L",0.149
"08/14/2001","S65E","AMMONIA-N","mg/L",0.044
"08/28/2001","S65E","AMMONIA-N","mg/L",0.032
"09/11/2001","S65E","AMMONIA-N","mg/L",0.0756
"09/25/2001","S65E","AMMONIA-N","mg/L",0.043
"10/08/2001","S65E","AMMONIA-N","mg/L",0.068
"10/09/2001","S65E","AMMONIA-N","mg/L",0.072
"11/06/2001","S65E","AMMONIA-N","mg/L",0.0355
"11/20/2001","S65E","AMMONIA-N","mg/L",0.03
"12/04/2001","S65E","AMMONIA-N","mg/L",0.044
"12/18/2001","S65E","AMMONIA-N","mg/L",0.039
"01/02/2002","S65E","AMMONIA-N","mg/L",0.0125
"01/15/2002","S65E","AMMONIA-N","mg/L",0.009
"01/29/2002","S65E","AMMONIA-N","mg/L",0.0195
"02/12/2002","S65E","AMMONIA-N","mg/L",0.0115
"02/26/2002","S65E","AMMONIA-N","mg/L",0.029
"03/12/2002","S65E","AMMONIA-N","mg/L",0.046
"03/18/2002","S65E","AMMONIA-N","mg/L",0.0125
"03/26/2002","S65E","AMMONIA-N","mg/L",0.041
"04/09/2002","S65E","AMMONIA-N","mg/L",0.0275
"04/23/2002","S65E","AMMONIA-N","mg/L",-0.009
"05/07/2002","S65E","AMMONIA-N","mg/L",-0.009
"05/21/2002","S65E","AMMONIA-N","mg/L",-0.009
"06/04/2002","S65E","AMMONIA-N","mg/L",-0.009
"06/18/2002","S65E","AMMONIA-N","mg/L",-0.009
"06/24/2002","S65E","AMMONIA-N","mg/L",0.016
"07/02/2002","S65E","AMMONIA-N","mg/L",0.184
"07/16/2002","S65E","AMMONIA-N","mg/L",0.01
"07/30/2002","S65E","AMMONIA-N","mg/L",0.023
"08/13/2002","S65E","AMMONIA-N","mg/L",0.113
"08/27/2002","S65E","AMMONIA-N","mg/L",0.0365
"09/10/2002","S65E","AMMONIA-N","mg/L",0.033
"09/16/2002","S65E","AMMONIA-N","mg/L",0.0815
"09/24/2002","S65E","AMMONIA-N","mg/L",0.0325
"10/08/2002","S65E","AMMONIA-N","mg/L",0.063
"10/22/2002","S65E","AMMONIA-N","mg/L",0.107
"11/05/2002","S65E","AMMONIA-N","mg/L",0.113
"11/19/2002","S65E","AMMONIA-N","mg/L",0.11
"12/03/2002","S65E","AMMONIA-N","mg/L",0.048
"12/17/2002","S65E","AMMONIA-N","mg/L",0.0208
"12/30/2002","S65E","AMMONIA-N","mg/L",0.064
"12/31/2002","S65E","AMMONIA-N","mg/L",0.025
"01/14/2003","S65E","AMMONIA-N","mg/L",0.039
"01/28/2003","S65E","AMMONIA-N","mg/L",0.042
"02/11/2003","S65E","AMMONIA-N","mg/L",0.075
"02/25/2003","S65E","AMMONIA-N","mg/L",0.092
"03/11/2003","S65E","AMMONIA-N","mg/L",0.046
"03/24/2003","S65E","AMMONIA-N","mg/L",0.107
"03/25/2003","S65E","AMMONIA-N","mg/L",0.084
"04/08/2003","S65E","AMMONIA-N","mg/L",0.021
"04/22/2003","S65E","AMMONIA-N","mg/L",0.013
"05/06/2003","S65E","AMMONIA-N","mg/L",0.008
"05/20/2003","S65E","AMMONIA-N","mg/L",0.05
"06/03/2003","S65E","AMMONIA-N","mg/L",0.0065
"06/16/2003","S65E","AMMONIA-N","mg/L",0.0155
"06/17/2003","S65E","AMMONIA-N","mg/L",0
"07/01/2003","S65E","AMMONIA-N","mg/L",0.039
"07/15/2003","S65E","AMMONIA-N","mg/L",0.012
"07/29/2003","S65E","AMMONIA-N","mg/L",0.017
"08/12/2003","S65E","AMMONIA-N","mg/L",0.06
"08/26/2003","S65E","AMMONIA-N","mg/L",0.043
"09/09/2003","S65E","AMMONIA-N","mg/L",0.015
"09/15/2003","S65E","AMMONIA-N","mg/L",0.029
"09/23/2003","S65E","AMMONIA-N","mg/L",0.102
"10/07/2003","S65E","AMMONIA-N","mg/L",0.0375
"10/21/2003","S65E","AMMONIA-N","mg/L",0.128
"11/04/2003","S65E","AMMONIA-N","mg/L",0.098
"11/18/2003","S65E","AMMONIA-N","mg/L",0.035
"12/02/2003","S65E","AMMONIA-N","mg/L",0.04
"12/15/2003","S65E","AMMONIA-N","mg/L",-0.004
"12/16/2003","S65E","AMMONIA-N","mg/L",0.022
"12/30/2003","S65E","AMMONIA-N","mg/L",0.007
"01/13/2004","S65E","AMMONIA-N","mg/L",0.038
"01/27/2004","S65E","AMMONIA-N","mg/L",0.038
"02/10/2004","S65E","AMMONIA-N","mg/L",0.0245
"02/24/2004","S65E","AMMONIA-N","mg/L",0.026
"03/09/2004","S65E","AMMONIA-N","mg/L",0.011
"03/15/2004","S65E","AMMONIA-N","mg/L",0.049
"03/23/2004","S65E","AMMONIA-N","mg/L",0.029
"04/06/2004","S65E","AMMONIA-N","mg/L",0.021
"04/20/2004","S65E","AMMONIA-N","mg/L",0.085
"05/04/2004","S65E","AMMONIA-N","mg/L",0.007
"05/17/2004","S65E","AMMONIA-N","mg/L",0.0125
"05/18/2004","S65E","AMMONIA-N","mg/L",0.022
"06/08/2004","S65E","AMMONIA-N","mg/L",0.04
"06/22/2004","S65E","AMMONIA-N","mg/L",-0.009
"07/06/2004","S65E","AMMONIA-N","mg/L",-0.009
"07/20/2004","S65E","AMMONIA-N","mg/L",0.005
"08/03/2004","S65E","AMMONIA-N","mg/L",0.037
"08/17/2004","S65E","AMMONIA-N","mg/L",0.078
"08/23/2004","S65E","AMMONIA-N","mg/L",0.0805
"08/31/2004","S65E","AMMONIA-N","mg/L",0.228
"09/14/2004","S65E","AMMONIA-N","mg/L",0.031
"09/29/2004","S65E","AMMONIA-N","mg/L",0.108
"10/12/2004","S65E","AMMONIA-N","mg/L",0.075
"10/26/2004","S65E","AMMONIA-N","mg/L",0.0143333333333333
"11/09/2004","S65E","AMMONIA-N","mg/L",-0.009
"11/22/2004","S65E","AMMONIA-N","mg/L",0.09
"12/07/2004","S65E","AMMONIA-N","mg/L",0.051
"12/21/2004","S65E","AMMONIA-N","mg/L",0.021
"01/04/2005","S65E","AMMONIA-N","mg/L",0.07
"01/18/2005","S65E","AMMONIA-N","mg/L",0.039
"02/01/2005","S65E","AMMONIA-N","mg/L",0.038
"02/03/2005","S65E","AMMONIA-N","mg/L",0.022
"02/14/2005","S65E","AMMONIA-N","mg/L",0.018
"02/15/2005","S65E","AMMONIA-N","mg/L",0.014
"03/01/2005","S65E","AMMONIA-N","mg/L",0.024
"03/15/2005","S65E","AMMONIA-N","mg/L",0.017
"03/29/2005","S65E","AMMONIA-N","mg/L",0.023
"04/12/2005","S65E","AMMONIA-N","mg/L",0.017
"04/26/2005","S65E","AMMONIA-N","mg/L",0.018
"05/10/2005","S65E","AMMONIA-N","mg/L",0.072
"05/16/2005","S65E","AMMONIA-N","mg/L",0.0135
"05/24/2005","S65E","AMMONIA-N","mg/L",0.027
"06/07/2005","S65E","AMMONIA-N","mg/L",0.00466666666666667
"06/21/2005","S65E","AMMONIA-N","mg/L",0.061
"07/05/2005","S65E","AMMONIA-N","mg/L",0.0085
"07/19/2005","S65E","AMMONIA-N","mg/L",0.005
"08/02/2005","S65E","AMMONIA-N","mg/L",0.0235
"08/16/2005","S65E","AMMONIA-N","mg/L",0.052
"08/22/2005","S65E","AMMONIA-N","mg/L",0.042
"08/30/2005","S65E","AMMONIA-N","mg/L",0.046
"09/12/2005","S65E","AMMONIA-N","mg/L",0.015
"10/11/2005","S65E","AMMONIA-N","mg/L",0.042
"11/08/2005","S65E","AMMONIA-N","mg/L",0.0075
"11/14/2005","S65E","AMMONIA-N","mg/L",0.03
"11/16/2005","S65E","AMMONIA-N","mg/L",0.031
"12/06/2005","S65E","AMMONIA-N","mg/L",0.044
"12/20/2005","S65E","AMMONIA-N","mg/L",0.036
"01/03/2006","S65E","AMMONIA-N","mg/L",0.018
"01/17/2006","S65E","AMMONIA-N","mg/L",0.033
"01/30/2006","S65E","AMMONIA-N","mg/L",0.046
"02/13/2006","S65E","AMMONIA-N","mg/L",0.0235
"02/21/2006","S65E","AMMONIA-N","mg/L",-0.009
"02/28/2006","S65E","AMMONIA-N","mg/L",0.033
"03/13/2006","S65E","AMMONIA-N","mg/L",0.021
"03/28/2006","S65E","AMMONIA-N","mg/L",0.044
"04/11/2006","S65E","AMMONIA-N","mg/L",0.031
"04/24/2006","S65E","AMMONIA-N","mg/L",0.027
"05/08/2006","S65E","AMMONIA-N","mg/L",0.015
"05/22/2006","S65E","AMMONIA-N","mg/L",0.025
"05/23/2006","S65E","AMMONIA-N","mg/L",-0.009
"06/06/2006","S65E","AMMONIA-N","mg/L",-0.0052
"06/19/2006","S65E","AMMONIA-N","mg/L",0.0095
"07/18/2006","S65E","AMMONIA-N","mg/L",0.009
"07/31/2006","S65E","AMMONIA-N","mg/L",0.0175
"08/14/2006","S65E","AMMONIA-N","mg/L",-0.009
"08/21/2006","S65E","AMMONIA-N","mg/L",0.036
"08/31/2006","S65E","AMMONIA-N","mg/L",0.066
"09/11/2006","S65E","AMMONIA-N","mg/L",0.044
"09/25/2006","S65E","AMMONIA-N","mg/L",0.358
"10/10/2006","S65E","AMMONIA-N","mg/L",0.438
"10/24/2006","S65E","AMMONIA-N","mg/L",0.541
"11/07/2006","S65E","AMMONIA-N","mg/L",0.024
"11/21/2006","S65E","AMMONIA-N","mg/L",0.023
"11/27/2006","S65E","AMMONIA-N","mg/L",0.02
"12/05/2006","S65E","AMMONIA-N","mg/L",0.0115
"12/19/2006","S65E","AMMONIA-N","mg/L",0.029
"01/02/2007","S65E","AMMONIA-N","mg/L",5e-04
"01/16/2007","S65E","AMMONIA-N","mg/L",0.022
"01/30/2007","S65E","AMMONIA-N","mg/L",0.02
"02/13/2007","S65E","AMMONIA-N","mg/L",0.018
"02/26/2007","S65E","AMMONIA-N","mg/L",0.018
"02/27/2007","S65E","AMMONIA-N","mg/L",0.015
"03/13/2007","S65E","AMMONIA-N","mg/L",0.019
"03/27/2007","S65E","AMMONIA-N","mg/L",0.009
"04/10/2007","S65E","AMMONIA-N","mg/L",0.028
"04/24/2007","S65E","AMMONIA-N","mg/L",0.018
"05/08/2007","S65E","AMMONIA-N","mg/L",0.011
"05/21/2007","S65E","AMMONIA-N","mg/L",0.023
"05/22/2007","S65E","AMMONIA-N","mg/L",0.025
"06/05/2007","S65E","AMMONIA-N","mg/L",0.0102
"06/19/2007","S65E","AMMONIA-N","mg/L",0.046
"07/02/2007","S65E","AMMONIA-N","mg/L",0.032
"07/17/2007","S65E","AMMONIA-N","mg/L",0.046
"08/06/2007","S65E","AMMONIA-N","mg/L",0.077
"08/20/2007","S65E","AMMONIA-N","mg/L",0.19875
"08/21/2007","S65E","AMMONIA-N","mg/L",0.301
"09/04/2007","S65E","AMMONIA-N","mg/L",0.1405
"09/17/2007","S65E","AMMONIA-N","mg/L",0.067
"10/01/2007","S65E","AMMONIA-N","mg/L",0.054
"10/15/2007","S65E","AMMONIA-N","mg/L",0.0275
"10/29/2007","S65E","AMMONIA-N","mg/L",0.04
"11/05/2007","S65E","AMMONIA-N","mg/L",0.027
"11/20/2007","S65E","AMMONIA-N","mg/L",0.036
"11/26/2007","S65E","AMMONIA-N","mg/L",0.026
"12/03/2007","S65E","AMMONIA-N","mg/L",0.0186
"12/18/2007","S65E","AMMONIA-N","mg/L",0.035
"01/17/2008","S65E","AMMONIA-N","mg/L",0.036
"01/29/2008","S65E","AMMONIA-N","mg/L",0.0065
"02/04/2008","S65E","AMMONIA-N","mg/L",0.019
"02/19/2008","S65E","AMMONIA-N","mg/L",0.018
"02/20/2008","S65E","AMMONIA-N","mg/L",0.014
"03/03/2008","S65E","AMMONIA-N","mg/L",0.0086
"03/17/2008","S65E","AMMONIA-N","mg/L",0.004
"04/07/2008","S65E","AMMONIA-N","mg/L",0.025
"04/21/2008","S65E","AMMONIA-N","mg/L",0.023
"05/06/2008","S65E","AMMONIA-N","mg/L",0.014
"05/19/2008","S65E","AMMONIA-N","mg/L",0.001
"05/28/2008","S65E","AMMONIA-N","mg/L",0.063
"06/03/2008","S65E","AMMONIA-N","mg/L",0.0024
"06/17/2008","S65E","AMMONIA-N","mg/L",0.012
"07/01/2008","S65E","AMMONIA-N","mg/L",0.0035
"07/16/2008","S65E","AMMONIA-N","mg/L",0.1315
"08/06/2008","S65E","AMMONIA-N","mg/L",0.167
"08/26/2008","S65E","AMMONIA-N","mg/L",0.079
"08/28/2008","S65E","AMMONIA-N","mg/L",0.07
"09/08/2008","S65E","AMMONIA-N","mg/L",0.0636
"09/22/2008","S65E","AMMONIA-N","mg/L",0.162
"10/06/2008","S65E","AMMONIA-N","mg/L",0.0315
"10/20/2008","S65E","AMMONIA-N","mg/L",0.007
"11/13/2008","S65E","AMMONIA-N","mg/L",0.012
"11/19/2008","S65E","AMMONIA-N","mg/L",0.021
"11/24/2008","S65E","AMMONIA-N","mg/L",0.025
"12/10/2008","S65E","AMMONIA-N","mg/L",0.0095
"12/23/2008","S65E","AMMONIA-N","mg/L",0.007
"01/14/2009","S65E","AMMONIA-N","mg/L",0.0125
"01/27/2009","S65E","AMMONIA-N","mg/L",0.019
"02/02/2009","S65E","AMMONIA-N","mg/L",0.031
"02/17/2009","S65E","AMMONIA-N","mg/L",0.018
"02/18/2009","S65E","AMMONIA-N","mg/L",0.019
"03/03/2009","S65E","AMMONIA-N","mg/L",0.0074
"03/17/2009","S65E","AMMONIA-N","mg/L",0.009
"03/31/2009","S65E","AMMONIA-N","mg/L",0.0115
"04/14/2009","S65E","AMMONIA-N","mg/L",0.0145
"04/29/2009","S65E","AMMONIA-N","mg/L",0.027
"05/13/2009","S65E","AMMONIA-N","mg/L",0.0035
"05/20/2009","S65E","AMMONIA-N","mg/L",0.019
"05/27/2009","S65E","AMMONIA-N","mg/L",0.03
"06/02/2009","S65E","AMMONIA-N","mg/L",0.0265
"06/16/2009","S65E","AMMONIA-N","mg/L",0.0126666666666667
"07/07/2009","S65E","AMMONIA-N","mg/L",0.056
"07/20/2009","S65E","AMMONIA-N","mg/L",0.141
"08/04/2009","S65E","AMMONIA-N","mg/L",0.07
"08/18/2009","S65E","AMMONIA-N","mg/L",0.062
"08/26/2009","S65E","AMMONIA-N","mg/L",0.159
"09/08/2009","S65E","AMMONIA-N","mg/L",0.042
"09/22/2009","S65E","AMMONIA-N","mg/L",0.0412
"10/07/2009","S65E","AMMONIA-N","mg/L",0.0505
"10/21/2009","S65E","AMMONIA-N","mg/L",0.024
"11/09/2009","S65E","AMMONIA-N","mg/L",0.022
"11/18/2009","S65E","AMMONIA-N","mg/L",0.01
"11/30/2009","S65E","AMMONIA-N","mg/L",0.008
"12/16/2009","S65E","AMMONIA-N","mg/L",0.011
"12/28/2009","S65E","AMMONIA-N","mg/L",0.009
"01/11/2010","S65E","AMMONIA-N","mg/L",0.034
"01/25/2010","S65E","AMMONIA-N","mg/L",0.078
"02/08/2010","S65E","AMMONIA-N","mg/L",0.106
"02/17/2010","S65E","AMMONIA-N","mg/L",0.071
"02/24/2010","S65E","AMMONIA-N","mg/L",0.02
"03/15/2010","S65E","AMMONIA-N","mg/L",0.0506
"03/29/2010","S65E","AMMONIA-N","mg/L",0.08
"04/12/2010","S65E","AMMONIA-N","mg/L",0.0325
"04/26/2010","S65E","AMMONIA-N","mg/L",0.05
"05/10/2010","S65E","AMMONIA-N","mg/L",0.0205
"05/24/2010","S65E","AMMONIA-N","mg/L",0.043
"05/26/2010","S65E","AMMONIA-N","mg/L",0.028
"06/07/2010","S65E","AMMONIA-N","mg/L",0.02225
"06/21/2010","S65E","AMMONIA-N","mg/L",0.059
"07/08/2010","S65E","AMMONIA-N","mg/L",0.03
"07/19/2010","S65E","AMMONIA-N","mg/L",0.188
"08/02/2010","S65E","AMMONIA-N","mg/L",0.13
"08/16/2010","S65E","AMMONIA-N","mg/L",0.163
"08/18/2010","S65E","AMMONIA-N","mg/L",0.113
"09/14/2010","S65E","AMMONIA-N","mg/L",0.0966666666666667
"09/27/2010","S65E","AMMONIA-N","mg/L",0.159
"10/11/2010","S65E","AMMONIA-N","mg/L",0.036
"10/26/2010","S65E","AMMONIA-N","mg/L",0.019
"11/09/2010","S65E","AMMONIA-N","mg/L",0.048
"11/17/2010","S65E","AMMONIA-N","mg/L",0.016
"11/29/2010","S65E","AMMONIA-N","mg/L",0.027
"12/09/2010","S65E","AMMONIA-N","mg/L",0.013
"12/22/2010","S65E","AMMONIA-N","mg/L",0.015
"01/10/2011","S65E","AMMONIA-N","mg/L",0.051
"01/24/2011","S65E","AMMONIA-N","mg/L",0.037
"02/07/2011","S65E","AMMONIA-N","mg/L",0.006
"02/17/2011","S65E","AMMONIA-N","mg/L",0.031
"02/23/2011","S65E","AMMONIA-N","mg/L",0.01
"03/09/2011","S65E","AMMONIA-N","mg/L",0.0273333333333333
"03/23/2011","S65E","AMMONIA-N","mg/L",0.015
"04/13/2011","S65E","AMMONIA-N","mg/L",0.015
"04/27/2011","S65E","AMMONIA-N","mg/L",0.005
"05/11/2011","S65E","AMMONIA-N","mg/L",0.01
"05/18/2011","S65E","AMMONIA-N","mg/L",0.005
"05/25/2011","S65E","AMMONIA-N","mg/L",0.008
"06/08/2011","S65E","AMMONIA-N","mg/L",0.006
"06/20/2011","S65E","AMMONIA-N","mg/L",-0.005
"07/06/2011","S65E","AMMONIA-N","mg/L",0.008
"07/20/2011","S65E","AMMONIA-N","mg/L",0.202
"08/03/2011","S65E","AMMONIA-N","mg/L",0.217
"08/17/2011","S65E","AMMONIA-N","mg/L",0.308
"08/24/2011","S65E","AMMONIA-N","mg/L",0.216
"08/31/2011","S65E","AMMONIA-N","mg/L",0.165
"09/14/2011","S65E","AMMONIA-N","mg/L",0.0463333333333333
"09/28/2011","S65E","AMMONIA-N","mg/L",0.206
"10/12/2011","S65E","AMMONIA-N","mg/L",0.086
"10/26/2011","S65E","AMMONIA-N","mg/L",0.032
"11/07/2011","S65E","AMMONIA-N","mg/L",0.07
"11/16/2011","S65E","AMMONIA-N","mg/L",0.064
"11/22/2011","S65E","AMMONIA-N","mg/L",0.086
"12/07/2011","S65E","AMMONIA-N","mg/L",0.055
"12/21/2011","S65E","AMMONIA-N","mg/L",0.037
"01/04/2012","S65E","AMMONIA-N","mg/L",0.039
"01/18/2012","S65E","AMMONIA-N","mg/L",0.054
"02/01/2012","S65E","AMMONIA-N","mg/L",0.064
"02/15/2012","S65E","AMMONIA-N","mg/L",0.03
"02/22/2012","S65E","AMMONIA-N","mg/L",0.017
"02/29/2012","S65E","AMMONIA-N","mg/L",0.045
"03/14/2012","S65E","AMMONIA-N","mg/L",0.027
"03/28/2012","S65E","AMMONIA-N","mg/L",0.071
"04/11/2012","S65E","AMMONIA-N","mg/L",0.034
"04/25/2012","S65E","AMMONIA-N","mg/L",0.015
"05/09/2012","S65E","AMMONIA-N","mg/L",0.011
"05/16/2012","S65E","AMMONIA-N","mg/L",0.01
"05/23/2012","S65E","AMMONIA-N","mg/L",0.015
"06/06/2012","S65E","AMMONIA-N","mg/L",0.01
"06/20/2012","S65E","AMMONIA-N","mg/L",0.019
"07/11/2012","S65E","AMMONIA-N","mg/L",0.15
"07/25/2012","S65E","AMMONIA-N","mg/L",0.2
"08/08/2012","S65E","AMMONIA-N","mg/L",0.0895
"08/22/2012","S65E","AMMONIA-N","mg/L",0.096
"09/05/2012","S65E","AMMONIA-N","mg/L",0.102
"09/19/2012","S65E","AMMONIA-N","mg/L",0.144
"10/03/2012","S65E","AMMONIA-N","mg/L",0.106
"10/17/2012","S65E","AMMONIA-N","mg/L",0.105
"10/31/2012","S65E","AMMONIA-N","mg/L",0.251
"11/14/2012","S65E","AMMONIA-N","mg/L",0.13
"11/28/2012","S65E","AMMONIA-N","mg/L",0.067
"12/05/2012","S65E","AMMONIA-N","mg/L",0.052
"12/19/2012","S65E","AMMONIA-N","mg/L",0.104
"01/02/2013","S65E","AMMONIA-N","mg/L",0.088
"01/16/2013","S65E","AMMONIA-N","mg/L",0.024
"01/30/2013","S65E","AMMONIA-N","mg/L",0.036
"02/06/2013","S65E","AMMONIA-N","mg/L",0.032
"02/13/2013","S65E","AMMONIA-N","mg/L",0.017
"02/27/2013","S65E","AMMONIA-N","mg/L",0.013
"03/13/2013","S65E","AMMONIA-N","mg/L",0.041
"03/27/2013","S65E","AMMONIA-N","mg/L",0.011
"04/10/2013","S65E","AMMONIA-N","mg/L",0.02
"04/24/2013","S65E","AMMONIA-N","mg/L",0.01
"05/08/2013","S65E","AMMONIA-N","mg/L",0.0105
"05/22/2013","S65E","AMMONIA-N","mg/L",0.009
"06/05/2013","S65E","AMMONIA-N","mg/L",0.011
"06/19/2013","S65E","AMMONIA-N","mg/L",0.157
"07/02/2013","S65E","AMMONIA-N","mg/L",0.129
"07/17/2013","S65E","AMMONIA-N","mg/L",0.092
"07/31/2013","S65E","AMMONIA-N","mg/L",0.073
"08/07/2013","S65E","AMMONIA-N","mg/L",0.065
"08/14/2013","S65E","AMMONIA-N","mg/L",0.066
"08/28/2013","S65E","AMMONIA-N","mg/L",0.128
"09/11/2013","S65E","AMMONIA-N","mg/L",0.11
"09/25/2013","S65E","AMMONIA-N","mg/L",0.152
"10/09/2013","S65E","AMMONIA-N","mg/L",0.113
"10/23/2013","S65E","AMMONIA-N","mg/L",0.084
"11/04/2013","S65E","AMMONIA-N","mg/L",0.042
"11/06/2013","S65E","AMMONIA-N","mg/L",0.022
"11/20/2013","S65E","AMMONIA-N","mg/L",0.018
"12/04/2013","S65E","AMMONIA-N","mg/L",0.032
"12/18/2013","S65E","AMMONIA-N","mg/L",0.033
"12/30/2013","S65E","AMMONIA-N","mg/L",0.021
"01/15/2014","S65E","AMMONIA-N","mg/L",0.014
"01/29/2014","S65E","AMMONIA-N","mg/L",0.006
"02/03/2014","S65E","AMMONIA-N","mg/L",0.022
"02/12/2014","S65E","AMMONIA-N","mg/L",0.02
"02/26/2014","S65E","AMMONIA-N","mg/L",0.019
"03/12/2014","S65E","AMMONIA-N","mg/L",0.038
"03/26/2014","S65E","AMMONIA-N","mg/L",0.064
"04/09/2014","S65E","AMMONIA-N","mg/L",0.023
"04/23/2014","S65E","AMMONIA-N","mg/L",0.015
"05/05/2014","S65E","AMMONIA-N","mg/L",0.015
"05/07/2014","S65E","AMMONIA-N","mg/L",0.014
"05/21/2014","S65E","AMMONIA-N","mg/L",0.008
"06/04/2014","S65E","AMMONIA-N","mg/L",0.036
"06/18/2014","S65E","AMMONIA-N","mg/L",0.077
"07/01/2014","S65E","AMMONIA-N","mg/L",0.208
"07/16/2014","S65E","AMMONIA-N","mg/L",0.155
"07/30/2014","S65E","AMMONIA-N","mg/L",0.113
"08/13/2014","S65E","AMMONIA-N","mg/L",0.108
"08/18/2014","S65E","AMMONIA-N","mg/L",0.1
"08/27/2014","S65E","AMMONIA-N","mg/L",0.122
"09/10/2014","S65E","AMMONIA-N","mg/L",0.293
"09/24/2014","S65E","AMMONIA-N","mg/L",0.214
"10/08/2014","S65E","AMMONIA-N","mg/L",0.054
"10/22/2014","S65E","AMMONIA-N","mg/L",0.187
"11/03/2014","S65E","AMMONIA-N","mg/L",0.032
"11/05/2014","S65E","AMMONIA-N","mg/L",0.027
"11/19/2014","S65E","AMMONIA-N","mg/L",0.063
"12/03/2014","S65E","AMMONIA-N","mg/L",0.048
"12/17/2014","S65E","AMMONIA-N","mg/L",0.037
"12/30/2014","S65E","AMMONIA-N","mg/L",0.035
"01/14/2015","S65E","AMMONIA-N","mg/L",0.057
"01/28/2015","S65E","AMMONIA-N","mg/L",0.037
"02/02/2015","S65E","AMMONIA-N","mg/L",0.016
"02/11/2015","S65E","AMMONIA-N","mg/L",0.025
"02/25/2015","S65E","AMMONIA-N","mg/L",0.025
"03/11/2015","S65E","AMMONIA-N","mg/L",0.036
"03/25/2015","S65E","AMMONIA-N","mg/L",0.09
"04/08/2015","S65E","AMMONIA-N","mg/L",0.057
"04/22/2015","S65E","AMMONIA-N","mg/L",0.076
"05/04/2015","S65E","AMMONIA-N","mg/L",0.03
"05/06/2015","S65E","AMMONIA-N","mg/L",0.019
"05/20/2015","S65E","AMMONIA-N","mg/L",0.031
"06/03/2015","S65E","AMMONIA-N","mg/L",0.087
"06/17/2015","S65E","AMMONIA-N","mg/L",0.013
"07/01/2015","S65E","AMMONIA-N","mg/L",0.036
"07/15/2015","S65E","AMMONIA-N","mg/L",0.016
"07/29/2015","S65E","AMMONIA-N","mg/L",0.124
"08/03/2015","S65E","AMMONIA-N","mg/L",0.096
"08/12/2015","S65E","AMMONIA-N","mg/L",0.0556666666666667
"08/26/2015","S65E","AMMONIA-N","mg/L",0.063
"09/09/2015","S65E","AMMONIA-N","mg/L",0.064
"09/23/2015","S65E","AMMONIA-N","mg/L",0.058
"10/07/2015","S65E","AMMONIA-N","mg/L",0.107
"10/21/2015","S65E","AMMONIA-N","mg/L",0.103
"10/26/2015","S65E","AMMONIA-N","mg/L",0.056
"11/04/2015","S65E","AMMONIA-N","mg/L",0.044
"11/18/2015","S65E","AMMONIA-N","mg/L",0.134
"12/02/2015","S65E","AMMONIA-N","mg/L",0.042
"12/21/2015","S65E","AMMONIA-N","mg/L",0.108
"01/04/2016","S65E","AMMONIA-N","mg/L",0.048
"01/20/2016","S65E","AMMONIA-N","mg/L",0.078
"02/01/2016","S65E","AMMONIA-N","mg/L",0.071
"02/15/2016","S65E","AMMONIA-N","mg/L",0.027
"02/29/2016","S65E","AMMONIA-N","mg/L",0.045
"03/14/2016","S65E","AMMONIA-N","mg/L",0.044
"03/28/2016","S65E","AMMONIA-N","mg/L",0.077
"04/11/2016","S65E","AMMONIA-N","mg/L",0.033
"04/25/2016","S65E","AMMONIA-N","mg/L",0.023
"05/09/2016","S65E","AMMONIA-N","mg/L",0.052
"05/23/2016","S65E","AMMONIA-N","mg/L",0.065
"06/06/2016","S65E","AMMONIA-N","mg/L",0.08
"06/20/2016","S65E","AMMONIA-N","mg/L",0.118
"07/06/2016","S65E","AMMONIA-N","mg/L",0.05
"07/18/2016","S65E","AMMONIA-N","mg/L",0.199
"08/01/2016","S65E","AMMONIA-N","mg/L",0.067
"08/15/2016","S65E","AMMONIA-N","mg/L",0.061
"08/29/2016","S65E","AMMONIA-N","mg/L",0.159
"09/12/2016","S65E","AMMONIA-N","mg/L",0.106
"09/26/2016","S65E","AMMONIA-N","mg/L",0.08
"10/10/2016","S65E","AMMONIA-N","mg/L",0.106
"10/24/2016","S65E","AMMONIA-N","mg/L",0.088
"11/07/2016","S65E","AMMONIA-N","mg/L",0.142
"11/21/2016","S65E","AMMONIA-N","mg/L",0.078
"12/19/2016","S65E","AMMONIA-N","mg/L",0.056
"01/09/2017","S65E","AMMONIA-N","mg/L",0.062
"01/23/2017","S65E","AMMONIA-N","mg/L",0.018
"02/06/2017","S65E","AMMONIA-N","mg/L",0.009
"02/20/2017","S65E","AMMONIA-N","mg/L",0.014
"03/06/2017","S65E","AMMONIA-N","mg/L",0.015
"03/13/2017","S65E","AMMONIA-N","mg/L",0.015
"03/20/2017","S65E","AMMONIA-N","mg/L",0.014
"04/17/2017","S65E","AMMONIA-N","mg/L",0.128
"04/24/2017","S65E","AMMONIA-N","mg/L",0.043
"05/01/2017","S65E","AMMONIA-N","mg/L",0.062
"05/08/2017","S65E","AMMONIA-N","mg/L",0.01
"06/05/2017","S65E","AMMONIA-N","mg/L",0.02
"06/12/2017","S65E","AMMONIA-N","mg/L",0.009
"06/19/2017","S65E","AMMONIA-N","mg/L",0.267
"07/05/2017","S65E","AMMONIA-N","mg/L",0.291
"07/17/2017","S65E","AMMONIA-N","mg/L",0.179
"08/01/2017","S65E","AMMONIA-N","mg/L",0.211
"08/14/2017","S65E","AMMONIA-N","mg/L",0.072
"08/28/2017","S65E","AMMONIA-N","mg/L",0.097
"09/13/2017","S65E","AMMONIA-N","mg/L",0.068
"09/25/2017","S65E","AMMONIA-N","mg/L",0.09
"10/09/2017","S65E","AMMONIA-N","mg/L",0.131
"10/23/2017","S65E","AMMONIA-N","mg/L",0.11
"11/06/2017","S65E","AMMONIA-N","mg/L",0.08
"11/20/2017","S65E","AMMONIA-N","mg/L",0.118
"12/04/2017","S65E","AMMONIA-N","mg/L",0.114
"12/18/2017","S65E","AMMONIA-N","mg/L",0.075
"01/16/2018","S65E","AMMONIA-N","mg/L",0.073
"02/12/2018","S65E","AMMONIA-N","mg/L",0.098
"03/12/2018","S65E","AMMONIA-N","mg/L",0.018
"03/26/2018","S65E","AMMONIA-N","mg/L",0.015
"04/09/2018","S65E","AMMONIA-N","mg/L",0.01
"04/23/2018","S65E","AMMONIA-N","mg/L",0.018
"05/07/2018","S65E","AMMONIA-N","mg/L",0.012
"05/21/2018","S65E","AMMONIA-N","mg/L",0.087
"06/04/2018","S65E","AMMONIA-N","mg/L",0.052
"06/18/2018","S65E","AMMONIA-N","mg/L",0.12
"07/02/2018","S65E","AMMONIA-N","mg/L",0.156
"07/16/2018","S65E","AMMONIA-N","mg/L",0.056
"07/30/2018","S65E","AMMONIA-N","mg/L",0.076
"08/06/2018","S65E","AMMONIA-N","mg/L",0.024
"08/20/2018","S65E","AMMONIA-N","mg/L",0.13
"09/04/2018","S65E","AMMONIA-N","mg/L",0.126
"09/17/2018","S65E","AMMONIA-N","mg/L",0.124
"10/01/2018","S65E","AMMONIA-N","mg/L",0.111
"10/04/2018","S65E","AMMONIA-N","mg/L",0.04
"10/15/2018","S65E","AMMONIA-N","mg/L",0.093
"10/29/2018","S65E","AMMONIA-N","mg/L",0.109
"11/13/2018","S65E","AMMONIA-N","mg/L",0.044
"11/26/2018","S65E","AMMONIA-N","mg/L",0.0286666666666667
"12/11/2018","S65E","AMMONIA-N","mg/L",0.037
"12/26/2018","S65E","AMMONIA-N","mg/L",0.034
"01/07/2019","S65E","AMMONIA-N","mg/L",0.029
"01/22/2019","S65E","AMMONIA-N","mg/L",0.02
"02/04/2019","S65E","AMMONIA-N","mg/L",0.013
"02/18/2019","S65E","AMMONIA-N","mg/L",0.08
"03/04/2019","S65E","AMMONIA-N","mg/L",0.121666666666667
"03/06/2019","S65E","AMMONIA-N","mg/L",0.143
"03/18/2019","S65E","AMMONIA-N","mg/L",0.053
"04/08/2019","S65E","AMMONIA-N","mg/L",0.069
"04/22/2019","S65E","AMMONIA-N","mg/L",0.053
"05/06/2019","S65E","AMMONIA-N","mg/L",0.012
"05/20/2019","S65E","AMMONIA-N","mg/L",0.007
"06/03/2019","S65E","AMMONIA-N","mg/L",0.012
"06/17/2019","S65E","AMMONIA-N","mg/L",0.094
"06/20/2019","S65E","AMMONIA-N","mg/L",0.127
"07/01/2019","S65E","AMMONIA-N","mg/L",0.366
"07/15/2019","S65E","AMMONIA-N","mg/L",0.311
"07/29/2019","S65E","AMMONIA-N","mg/L",0.02
"08/12/2019","S65E","AMMONIA-N","mg/L",0.154
"08/26/2019","S65E","AMMONIA-N","mg/L",0.497
"09/09/2019","S65E","AMMONIA-N","mg/L",0.108
"09/23/2019","S65E","AMMONIA-N","mg/L",0.054
"10/08/2019","S65E","AMMONIA-N","mg/L",0.262
"10/21/2019","S65E","AMMONIA-N","mg/L",0.062
"11/04/2019","S65E","AMMONIA-N","mg/L",0.029
"11/18/2019","S65E","AMMONIA-N","mg/L",0.029
"12/02/2019","S65E","AMMONIA-N","mg/L",0.028
"12/16/2019","S65E","AMMONIA-N","mg/L",0.06
"12/30/2019","S65E","AMMONIA-N","mg/L",0.023
"01/13/2020","S65E","AMMONIA-N","mg/L",0.036
"01/27/2020","S65E","AMMONIA-N","mg/L",0.036
"02/10/2020","S65E","AMMONIA-N","mg/L",0.018
"02/24/2020","S65E","AMMONIA-N","mg/L",0.064
"03/09/2020","S65E","AMMONIA-N","mg/L",0.026
"03/23/2020","S65E","AMMONIA-N","mg/L",0.013
"04/06/2020","S65E","AMMONIA-N","mg/L",0.016
"04/20/2020","S65E","AMMONIA-N","mg/L",0.01
"05/04/2020","S65E","AMMONIA-N","mg/L",0.008
"05/18/2020","S65E","AMMONIA-N","mg/L",0.009
"06/01/2020","S65E","AMMONIA-N","mg/L",0.009
"06/15/2020","S65E","AMMONIA-N","mg/L",0.24
"06/29/2020","S65E","AMMONIA-N","mg/L",0.072
"07/13/2020","S65E","AMMONIA-N","mg/L",0.132
"07/27/2020","S65E","AMMONIA-N","mg/L",0.078
"08/10/2020","S65E","AMMONIA-N","mg/L",0.077
"08/24/2020","S65E","AMMONIA-N","mg/L",0.094
"09/08/2020","S65E","AMMONIA-N","mg/L",0.091
"09/21/2020","S65E","AMMONIA-N","mg/L",0.082
"10/05/2020","S65E","AMMONIA-N","mg/L",0.064
"10/19/2020","S65E","AMMONIA-N","mg/L",0.107
"11/02/2020","S65E","AMMONIA-N","mg/L",0.215
"11/16/2020","S65E","AMMONIA-N","mg/L",0.13
"11/30/2020","S65E","AMMONIA-N","mg/L",0.04
"12/14/2020","S65E","AMMONIA-N","mg/L",0.009
"12/28/2020","S65E","AMMONIA-N","mg/L",0.04
"01/11/2021","S65E","AMMONIA-N","mg/L",0.021
"01/25/2021","S65E","AMMONIA-N","mg/L",0.017
"02/08/2021","S65E","AMMONIA-N","mg/L",0.006
"02/22/2021","S65E","AMMONIA-N","mg/L",0.09
"03/08/2021","S65E","AMMONIA-N","mg/L",0.056
"03/22/2021","S65E","AMMONIA-N","mg/L",0.083
"04/05/2021","S65E","AMMONIA-N","mg/L",0.063
"04/19/2021","S65E","AMMONIA-N","mg/L",0.005
"05/03/2021","S65E","AMMONIA-N","mg/L",0.013
"05/17/2021","S65E","AMMONIA-N","mg/L",0.034
"06/01/2021","S65E","AMMONIA-N","mg/L",0.007
"06/14/2021","S65E","AMMONIA-N","mg/L",0.007
"06/28/2021","S65E","AMMONIA-N","mg/L",0.054
"07/12/2021","S65E","AMMONIA-N","mg/L",0.097
"07/26/2021","S65E","AMMONIA-N","mg/L",0.028
"08/09/2021","S65E","AMMONIA-N","mg/L",0.087
"08/23/2021","S65E","AMMONIA-N","mg/L",0.115
"09/07/2021","S65E","AMMONIA-N","mg/L",0.02
"09/20/2021","S65E","AMMONIA-N","mg/L",0.104
"10/04/2021","S65E","AMMONIA-N","mg/L",0.103
"10/18/2021","S65E","AMMONIA-N","mg/L",0.118
"11/01/2021","S65E","AMMONIA-N","mg/L",0.093
"11/15/2021","S65E","AMMONIA-N","mg/L",0.086
"11/29/2021","S65E","AMMONIA-N","mg/L",0.246
"12/13/2021","S65E","AMMONIA-N","mg/L",0.02
"12/27/2021","S65E","AMMONIA-N","mg/L",0.018
"01/10/2022","S65E","AMMONIA-N","mg/L",0.115
"01/24/2022","S65E","AMMONIA-N","mg/L",0.038
"02/07/2022","S65E","AMMONIA-N","mg/L",0.012
"02/21/2022","S65E","AMMONIA-N","mg/L",0.016
"03/07/2022","S65E","AMMONIA-N","mg/L",0.077
"03/21/2022","S65E","AMMONIA-N","mg/L",0.009
"04/04/2022","S65E","AMMONIA-N","mg/L",0.017
"04/18/2022","S65E","AMMONIA-N","mg/L",-0.005
"05/02/2022","S65E","AMMONIA-N","mg/L",0.068
"05/16/2022","S65E","AMMONIA-N","mg/L",0.005
"05/31/2022","S65E","AMMONIA-N","mg/L",-0.005
"06/13/2022","S65E","AMMONIA-N","mg/L",0.006
"06/27/2022","S65E","AMMONIA-N","mg/L",0.011
"07/11/2022","S65E","AMMONIA-N","mg/L",0.026
"07/25/2022","S65E","AMMONIA-N","mg/L",0.03
"08/08/2022","S65E","AMMONIA-N","mg/L",0.069
"08/22/2022","S65E","AMMONIA-N","mg/L",0.251
"09/06/2022","S65E","AMMONIA-N","mg/L",0.111
"09/19/2022","S65E","AMMONIA-N","mg/L",0.129
"10/03/2022","S65E","AMMONIA-N","mg/L",0.021
"10/17/2022","S65E","AMMONIA-N","mg/L",0.078
"10/31/2022","S65E","AMMONIA-N","mg/L",0.09
"11/14/2022","S65E","AMMONIA-N","mg/L",0.118
"11/28/2022","S65E","AMMONIA-N","mg/L",0.085
"12/12/2022","S65E","AMMONIA-N","mg/L",0.094
"12/27/2022","S65E","AMMONIA-N","mg/L",0.08
"01/09/2023","S65E","AMMONIA-N","mg/L",0.065
"01/23/2023","S65E","AMMONIA-N","mg/L",0.046
"02/06/2023","S65E","AMMONIA-N","mg/L",0.069
"02/20/2023","S65E","AMMONIA-N","mg/L",0.034
"03/06/2023","S65E","AMMONIA-N","mg/L",0.031
"03/20/2023","S65E","AMMONIA-N","mg/L",0.023
"04/03/2023","S65E","AMMONIA-N","mg/L",0.016
"04/17/2023","S65E","AMMONIA-N","mg/L",0.016
"05/01/2023","S65E","AMMONIA-N","mg/L",0.011
"05/14/1979","S65E","ARSENIC, TOTAL","ug/L",9
"06/11/1979","S65E","ARSENIC, TOTAL","ug/L",6
"05/13/1980","S65E","ARSENIC, TOTAL","ug/L",5
"06/09/1980","S65E","ARSENIC, TOTAL","ug/L",-2
"07/08/1980","S65E","ARSENIC, TOTAL","ug/L",5
"08/04/1980","S65E","ARSENIC, TOTAL","ug/L",-1
"09/03/1980","S65E","ARSENIC, TOTAL","ug/L",3
"02/23/1984","S65E","ARSENIC, TOTAL","ug/L",-0.858
"02/29/1984","S65E","ARSENIC, TOTAL","ug/L",-1.058
"08/13/1984","S65E","ARSENIC, TOTAL","ug/L",-0.681
"08/22/1984","S65E","ARSENIC, TOTAL","ug/L",0.871
"02/20/1985","S65E","ARSENIC, TOTAL","ug/L",-1.5
"02/26/1985","S65E","ARSENIC, TOTAL","ug/L",-1.5
"09/19/1985","S65E","ARSENIC, TOTAL","ug/L",-1.7
"09/24/1985","S65E","ARSENIC, TOTAL","ug/L",-1.7
"02/12/1986","S65E","ARSENIC, TOTAL","ug/L",1.28
"02/18/1986","S65E","ARSENIC, TOTAL","ug/L",-0.6
"08/14/1986","S65E","ARSENIC, TOTAL","ug/L",-1.4
"09/23/1986","S65E","ARSENIC, TOTAL","ug/L",-1.1
"02/18/1987","S65E","ARSENIC, TOTAL","ug/L",-1
"02/19/1987","S65E","ARSENIC, TOTAL","ug/L",-1
"07/30/1987","S65E","ARSENIC, TOTAL","ug/L",-1.4
"08/18/1987","S65E","ARSENIC, TOTAL","ug/L",-1.4
"02/04/1988","S65E","ARSENIC, TOTAL","ug/L",0.77
"02/16/1988","S65E","ARSENIC, TOTAL","ug/L",-2
"05/24/1988","S65E","ARSENIC, TOTAL","ug/L",-0.8
"08/15/1988","S65E","ARSENIC, TOTAL","ug/L",-1.4
"11/22/1988","S65E","ARSENIC, TOTAL","ug/L",-1
"02/13/1989","S65E","ARSENIC, TOTAL","ug/L",-1
"02/28/1989","S65E","ARSENIC, TOTAL","ug/L",1.56
"05/24/1989","S65E","ARSENIC, TOTAL","ug/L",1.17
"08/28/1989","S65E","ARSENIC, TOTAL","ug/L",-1
"08/29/1989","S65E","ARSENIC, TOTAL","ug/L",-1
"11/20/1989","S65E","ARSENIC, TOTAL","ug/L",-1
"02/20/1990","S65E","ARSENIC, TOTAL","ug/L",1.55
"02/28/1990","S65E","ARSENIC, TOTAL","ug/L",-1
"08/27/1990","S65E","ARSENIC, TOTAL","ug/L",-1
"11/20/1990","S65E","ARSENIC, TOTAL","ug/L",-1
"02/26/1991","S65E","ARSENIC, TOTAL","ug/L",-1
"08/12/1991","S65E","ARSENIC, TOTAL","ug/L",-1
"08/28/1991","S65E","ARSENIC, TOTAL","ug/L",-1
"11/20/1991","S65E","ARSENIC, TOTAL","ug/L",-1
"02/11/1992","S65E","ARSENIC, TOTAL","ug/L",-1
"05/19/1992","S65E","ARSENIC, TOTAL","ug/L",-1
"07/08/1992","S65E","ARSENIC, TOTAL","ug/L",1.74
"08/26/1992","S65E","ARSENIC, TOTAL","ug/L",-1
"11/18/1992","S65E","ARSENIC, TOTAL","ug/L",-1
"02/23/1993","S65E","ARSENIC, TOTAL","ug/L",-1
"05/20/1993","S65E","ARSENIC, TOTAL","ug/L",-1
"10/05/1993","S65E","ARSENIC, TOTAL","ug/L",-1.5
"11/16/1993","S65E","ARSENIC, TOTAL","ug/L",-1.5
"02/08/1994","S65E","ARSENIC, TOTAL","ug/L",-1.5
"02/15/1994","S65E","ARSENIC, TOTAL","ug/L",-1.5
"05/17/1994","S65E","ARSENIC, TOTAL","ug/L",-1.5
"08/23/1994","S65E","ARSENIC, TOTAL","ug/L",-1.5
"02/21/1995","S65E","ARSENIC, TOTAL","ug/L",-1.5
"08/08/1995","S65E","ARSENIC, TOTAL","ug/L",-1.5
"02/06/1996","S65E","ARSENIC, TOTAL","ug/L",-1.5
"05/20/1996","S65E","ARSENIC, TOTAL","ug/L",-1.5
"09/17/1996","S65E","ARSENIC, TOTAL","ug/L",-1.5
"11/04/1996","S65E","ARSENIC, TOTAL","ug/L",-1.5
"01/07/1997","S65E","ARSENIC, TOTAL","ug/L",-1
"01/21/1997","S65E","ARSENIC, TOTAL","ug/L",-1
"02/24/1997","S65E","ARSENIC, TOTAL","ug/L",-1.5
"03/18/1997","S65E","ARSENIC, TOTAL","ug/L",-1.5
"05/19/1997","S65E","ARSENIC, TOTAL","ug/L",-1.5
"08/28/1997","S65E","ARSENIC, TOTAL","ug/L",-1.5
"09/16/1997","S65E","ARSENIC, TOTAL","ug/L",-1.5
"11/17/1997","S65E","ARSENIC, TOTAL","ug/L",-1.5
"12/23/1997","S65E","ARSENIC, TOTAL","ug/L",-1.5
"02/18/1998","S65E","ARSENIC, TOTAL","ug/L",-1.5
"03/17/1998","S65E","ARSENIC, TOTAL","ug/L",-1.5
"05/18/1998","S65E","ARSENIC, TOTAL","ug/L",-1.5
"06/23/1998","S65E","ARSENIC, TOTAL","ug/L",-1.5
"08/24/1998","S65E","ARSENIC, TOTAL","ug/L",-1.5
"09/15/1998","S65E","ARSENIC, TOTAL","ug/L",-1.5
"09/29/1998","S65E","ARSENIC, TOTAL","ug/L",-1.5
"12/08/1998","S65E","ARSENIC, TOTAL","ug/L",-1.5
"01/25/1999","S65E","ARSENIC, TOTAL","ug/L",-1.5
"03/30/1999","S65E","ARSENIC, TOTAL","ug/L",-1.5
"04/19/1999","S65E","ARSENIC, TOTAL","ug/L",-1.5
"07/26/1999","S65E","ARSENIC, TOTAL","ug/L",-1.5
"10/18/1999","S65E","ARSENIC, TOTAL","ug/L",-1.5
"01/24/2000","S65E","ARSENIC, TOTAL","ug/L",-1.5
"04/17/2000","S65E","ARSENIC, TOTAL","ug/L",-1.5
"07/25/2000","S65E","ARSENIC, TOTAL","ug/L",-1.5
"10/16/2000","S65E","ARSENIC, TOTAL","ug/L",-1.5
"07/25/1978","S65E","CADMIUM, DISSOLVED","ug/L",-1
"02/20/1979","S65E","CADMIUM, DISSOLVED","ug/L",-1
"05/14/1979","S65E","CADMIUM, DISSOLVED","ug/L",9
"06/11/1979","S65E","CADMIUM, DISSOLVED","ug/L",2
"07/09/1979","S65E","CADMIUM, DISSOLVED","ug/L",4
"07/17/1979","S65E","CADMIUM, DISSOLVED","ug/L",-1
"08/06/1979","S65E","CADMIUM, DISSOLVED","ug/L",2
"09/05/1979","S65E","CADMIUM, DISSOLVED","ug/L",3
"02/19/1980","S65E","CADMIUM, DISSOLVED","ug/L",-1
"08/04/1980","S65E","CADMIUM, DISSOLVED","ug/L",-1
"08/20/1980","S65E","CADMIUM, DISSOLVED","ug/L",-1
"02/11/1981","S65E","CADMIUM, DISSOLVED","ug/L",0.046
"07/28/1981","S65E","CADMIUM, DISSOLVED","ug/L",0.408
"08/31/1981","S65E","CADMIUM, DISSOLVED","ug/L",0.103
"02/16/1982","S65E","CADMIUM, DISSOLVED","ug/L",0.127
"05/13/1980","S65E","CADMIUM, TOTAL","ug/L",3
"06/09/1980","S65E","CADMIUM, TOTAL","ug/L",1
"07/08/1980","S65E","CADMIUM, TOTAL","ug/L",2
"08/04/1980","S65E","CADMIUM, TOTAL","ug/L",3
"09/03/1980","S65E","CADMIUM, TOTAL","ug/L",-1
"02/23/1984","S65E","CADMIUM, TOTAL","ug/L",0.106
"02/29/1984","S65E","CADMIUM, TOTAL","ug/L",0.05
"08/13/1984","S65E","CADMIUM, TOTAL","ug/L",1.68
"08/22/1984","S65E","CADMIUM, TOTAL","ug/L",-0.183
"02/20/1985","S65E","CADMIUM, TOTAL","ug/L",-0.2
"02/26/1985","S65E","CADMIUM, TOTAL","ug/L",-0.2
"09/19/1985","S65E","CADMIUM, TOTAL","ug/L",-0.1
"09/24/1985","S65E","CADMIUM, TOTAL","ug/L",0.35
"02/12/1986","S65E","CADMIUM, TOTAL","ug/L",0.67
"02/18/1986","S65E","CADMIUM, TOTAL","ug/L",-0.4
"08/14/1986","S65E","CADMIUM, TOTAL","ug/L",-0.4
"09/23/1986","S65E","CADMIUM, TOTAL","ug/L",-0.5
"02/18/1987","S65E","CADMIUM, TOTAL","ug/L",-0.3
"02/19/1987","S65E","CADMIUM, TOTAL","ug/L",-0.3
"07/30/1987","S65E","CADMIUM, TOTAL","ug/L",-0.1
"08/18/1987","S65E","CADMIUM, TOTAL","ug/L",2.71
"02/04/1988","S65E","CADMIUM, TOTAL","ug/L",0.23
"02/16/1988","S65E","CADMIUM, TOTAL","ug/L",1.13
"05/24/1988","S65E","CADMIUM, TOTAL","ug/L",-0.4
"08/15/1988","S65E","CADMIUM, TOTAL","ug/L",-0.1
"11/22/1988","S65E","CADMIUM, TOTAL","ug/L",1.07
"02/13/1989","S65E","CADMIUM, TOTAL","ug/L",-0.1
"02/28/1989","S65E","CADMIUM, TOTAL","ug/L",-0.1
"05/24/1989","S65E","CADMIUM, TOTAL","ug/L",0.01
"08/28/1989","S65E","CADMIUM, TOTAL","ug/L",0.43
"08/29/1989","S65E","CADMIUM, TOTAL","ug/L",0.24
"11/20/1989","S65E","CADMIUM, TOTAL","ug/L",-0.1
"02/20/1990","S65E","CADMIUM, TOTAL","ug/L",0.5
"02/28/1990","S65E","CADMIUM, TOTAL","ug/L",-0.1
"08/27/1990","S65E","CADMIUM, TOTAL","ug/L",-0.1
"11/20/1990","S65E","CADMIUM, TOTAL","ug/L",-0.1
"02/26/1991","S65E","CADMIUM, TOTAL","ug/L",0.61
"08/12/1991","S65E","CADMIUM, TOTAL","ug/L",-0.1
"08/28/1991","S65E","CADMIUM, TOTAL","ug/L",-0.1
"11/20/1991","S65E","CADMIUM, TOTAL","ug/L",0.14
"02/11/1992","S65E","CADMIUM, TOTAL","ug/L",0.16
"05/19/1992","S65E","CADMIUM, TOTAL","ug/L",0.21
"07/08/1992","S65E","CADMIUM, TOTAL","ug/L",0.31
"08/26/1992","S65E","CADMIUM, TOTAL","ug/L",0.47
"11/18/1992","S65E","CADMIUM, TOTAL","ug/L",-0.1
"02/23/1993","S65E","CADMIUM, TOTAL","ug/L",0.126
"05/20/1993","S65E","CADMIUM, TOTAL","ug/L",0.148
"10/05/1993","S65E","CADMIUM, TOTAL","ug/L",-0.1
"11/16/1993","S65E","CADMIUM, TOTAL","ug/L",-0.1
"02/08/1994","S65E","CADMIUM, TOTAL","ug/L",0.12
"02/15/1994","S65E","CADMIUM, TOTAL","ug/L",-0.1
"05/17/1994","S65E","CADMIUM, TOTAL","ug/L",0.005
"08/23/1994","S65E","CADMIUM, TOTAL","ug/L",-0.1
"02/21/1995","S65E","CADMIUM, TOTAL","ug/L",-0.1
"08/08/1995","S65E","CADMIUM, TOTAL","ug/L",-0.3
"02/06/1996","S65E","CADMIUM, TOTAL","ug/L",0.02
"05/20/1996","S65E","CADMIUM, TOTAL","ug/L",-0.3
"09/17/1996","S65E","CADMIUM, TOTAL","ug/L",-0.3
"11/04/1996","S65E","CADMIUM, TOTAL","ug/L",-0.3
"02/24/1997","S65E","CADMIUM, TOTAL","ug/L",-0.3
"03/18/1997","S65E","CADMIUM, TOTAL","ug/L",-0.3
"05/19/1997","S65E","CADMIUM, TOTAL","ug/L",-0.3
"08/28/1997","S65E","CADMIUM, TOTAL","ug/L",0.839
"09/16/1997","S65E","CADMIUM, TOTAL","ug/L",-0.3
"11/17/1997","S65E","CADMIUM, TOTAL","ug/L",0.329
"12/23/1997","S65E","CADMIUM, TOTAL","ug/L",-0.3
"02/18/1998","S65E","CADMIUM, TOTAL","ug/L",-0.3
"03/17/1998","S65E","CADMIUM, TOTAL","ug/L",-0.3
"05/18/1998","S65E","CADMIUM, TOTAL","ug/L",-0.3
"06/23/1998","S65E","CADMIUM, TOTAL","ug/L",-0.3
"08/24/1998","S65E","CADMIUM, TOTAL","ug/L",-0.3
"09/15/1998","S65E","CADMIUM, TOTAL","ug/L",-0.3
"09/29/1998","S65E","CADMIUM, TOTAL","ug/L",-0.3
"12/08/1998","S65E","CADMIUM, TOTAL","ug/L",0.323
"01/25/1999","S65E","CADMIUM, TOTAL","ug/L",-0.3
"03/30/1999","S65E","CADMIUM, TOTAL","ug/L",-0.3
"04/19/1999","S65E","CADMIUM, TOTAL","ug/L",1.46
"07/26/1999","S65E","CADMIUM, TOTAL","ug/L",-0.3
"10/18/1999","S65E","CADMIUM, TOTAL","ug/L",-0.3
"01/24/2000","S65E","CADMIUM, TOTAL","ug/L",-0.3
"04/17/2000","S65E","CADMIUM, TOTAL","ug/L",-0.3
"07/25/2000","S65E","CADMIUM, TOTAL","ug/L",-0.3
"10/16/2000","S65E","CADMIUM, TOTAL","ug/L",-0.3
"04/09/1973","S65E","CALCIUM","mg/L",51
"04/16/1973","S65E","CALCIUM","mg/L",9.6
"04/23/1973","S65E","CALCIUM","mg/L",19.6
"04/30/1973","S65E","CALCIUM","mg/L",13
"05/07/1973","S65E","CALCIUM","mg/L",13.9
"05/14/1973","S65E","CALCIUM","mg/L",13.8
"05/21/1973","S65E","CALCIUM","mg/L",8.1
"05/29/1973","S65E","CALCIUM","mg/L",13.5
"06/04/1973","S65E","CALCIUM","mg/L",12.9
"06/11/1973","S65E","CALCIUM","mg/L",15.8
"06/18/1973","S65E","CALCIUM","mg/L",14
"06/25/1973","S65E","CALCIUM","mg/L",13
"07/02/1973","S65E","CALCIUM","mg/L",15.4
"07/09/1973","S65E","CALCIUM","mg/L",16.3
"07/16/1973","S65E","CALCIUM","mg/L",15.3
"07/23/1973","S65E","CALCIUM","mg/L",15
"07/30/1973","S65E","CALCIUM","mg/L",14.5
"08/06/1973","S65E","CALCIUM","mg/L",12.2
"08/13/1973","S65E","CALCIUM","mg/L",9.1
"08/20/1973","S65E","CALCIUM","mg/L",10.2
"08/27/1973","S65E","CALCIUM","mg/L",7.5
"09/04/1973","S65E","CALCIUM","mg/L",9.7
"09/10/1973","S65E","CALCIUM","mg/L",7.3
"09/17/1973","S65E","CALCIUM","mg/L",5.6
"09/24/1973","S65E","CALCIUM","mg/L",8.7
"10/01/1973","S65E","CALCIUM","mg/L",9.4
"10/02/1973","S65E","CALCIUM","mg/L",7.75
"10/08/1973","S65E","CALCIUM","mg/L",9.6
"10/15/1973","S65E","CALCIUM","mg/L",10.1
"10/23/1973","S65E","CALCIUM","mg/L",11.2
"10/29/1973","S65E","CALCIUM","mg/L",11.8
"11/07/1973","S65E","CALCIUM","mg/L",15.2
"11/12/1973","S65E","CALCIUM","mg/L",10
"11/13/1973","S65E","CALCIUM","mg/L",20
"11/26/1973","S65E","CALCIUM","mg/L",16.8
"12/03/1973","S65E","CALCIUM","mg/L",22
"12/05/1973","S65E","CALCIUM","mg/L",20.07
"12/10/1973","S65E","CALCIUM","mg/L",11
"12/11/1973","S65E","CALCIUM","mg/L",31
"12/17/1973","S65E","CALCIUM","mg/L",23
"01/02/1974","S65E","CALCIUM","mg/L",14
"01/14/1974","S65E","CALCIUM","mg/L",13
"01/28/1974","S65E","CALCIUM","mg/L",17.3
"02/11/1974","S65E","CALCIUM","mg/L",15.8
"02/12/1974","S65E","CALCIUM","mg/L",24.8
"02/25/1974","S65E","CALCIUM","mg/L",13
"03/05/1974","S65E","CALCIUM","mg/L",14.6
"03/11/1974","S65E","CALCIUM","mg/L",108
"03/25/1974","S65E","CALCIUM","mg/L",15
"04/02/1974","S65E","CALCIUM","mg/L",14.9
"04/08/1974","S65E","CALCIUM","mg/L",16.2
"04/22/1974","S65E","CALCIUM","mg/L",19
"05/07/1974","S65E","CALCIUM","mg/L",12.8
"05/13/1974","S65E","CALCIUM","mg/L",13.4
"05/28/1974","S65E","CALCIUM","mg/L",15.4
"06/10/1974","S65E","CALCIUM","mg/L",19.6
"06/11/1974","S65E","CALCIUM","mg/L",13.9
"06/24/1974","S65E","CALCIUM","mg/L",16.4
"07/09/1974","S65E","CALCIUM","mg/L",8.6
"07/22/1974","S65E","CALCIUM","mg/L",10
"08/05/1974","S65E","CALCIUM","mg/L",8
"08/13/1974","S65E","CALCIUM","mg/L",8.9
"08/19/1974","S65E","CALCIUM","mg/L",10.6
"09/03/1974","S65E","CALCIUM","mg/L",5.4
"09/10/1974","S65E","CALCIUM","mg/L",7.7
"09/16/1974","S65E","CALCIUM","mg/L",9.4
"09/30/1974","S65E","CALCIUM","mg/L",7.9
"10/08/1974","S65E","CALCIUM","mg/L",7.7
"10/14/1974","S65E","CALCIUM","mg/L",5.4
"10/28/1974","S65E","CALCIUM","mg/L",12.6
"11/12/1974","S65E","CALCIUM","mg/L",17.1
"10/27/1975","S65E","CALCIUM","mg/L",11.65
"06/22/1976","S65E","CALCIUM","mg/L",12.92
"06/25/1976","S65E","CALCIUM","mg/L",13.6
"07/20/1976","S65E","CALCIUM","mg/L",15.79
"08/24/1976","S65E","CALCIUM","mg/L",9.045
"09/21/1976","S65E","CALCIUM","mg/L",9.47
"10/19/1976","S65E","CALCIUM","mg/L",11.3
"12/06/1976","S65E","CALCIUM","mg/L",17.035
"01/25/1977","S65E","CALCIUM","mg/L",7.555
"03/21/1977","S65E","CALCIUM","mg/L",11.43
"05/23/1977","S65E","CALCIUM","mg/L",18.1
"07/25/1977","S65E","CALCIUM","mg/L",25.08
"09/20/1977","S65E","CALCIUM","mg/L",20.625
"12/01/1977","S65E","CALCIUM","mg/L",19.81
"01/24/1978","S65E","CALCIUM","mg/L",12.72
"03/21/1978","S65E","CALCIUM","mg/L",10.44
"05/30/1978","S65E","CALCIUM","mg/L",13.16
"06/21/1978","S65E","CALCIUM","mg/L",16.175
"07/25/1978","S65E","CALCIUM","mg/L",8.7
"08/22/1978","S65E","CALCIUM","mg/L",9.305
"09/18/1978","S65E","CALCIUM","mg/L",10.845
"02/20/1979","S65E","CALCIUM","mg/L",9.665
"07/17/1979","S65E","CALCIUM","mg/L",15.285
"02/19/1980","S65E","CALCIUM","mg/L",10.72
"08/04/1980","S65E","CALCIUM","mg/L",11.305
"08/20/1980","S65E","CALCIUM","mg/L",16.34
"02/11/1981","S65E","CALCIUM","mg/L",23.22
"07/28/1981","S65E","CALCIUM","mg/L",27.67
"02/16/1982","S65E","CALCIUM","mg/L",24
"02/24/1982","S65E","CALCIUM","mg/L",29.1
"07/01/1982","S65E","CALCIUM","mg/L",11.7
"08/02/1982","S65E","CALCIUM","mg/L",12.5
"08/25/1982","S65E","CALCIUM","mg/L",10.2666666666667
"10/20/1982","S65E","CALCIUM","mg/L",10.7333333333333
"12/22/1982","S65E","CALCIUM","mg/L",15.3
"02/15/1983","S65E","CALCIUM","mg/L",11.2
"04/15/1983","S65E","CALCIUM","mg/L",8.8
"08/03/1983","S65E","CALCIUM","mg/L",9.2
"09/12/1983","S65E","CALCIUM","mg/L",13.2
"01/04/1984","S65E","CALCIUM","mg/L",8.4
"02/23/1984","S65E","CALCIUM","mg/L",10.9
"02/29/1984","S65E","CALCIUM","mg/L",11.8
"08/13/1984","S65E","CALCIUM","mg/L",9.4
"08/22/1984","S65E","CALCIUM","mg/L",11.8
"02/20/1985","S65E","CALCIUM","mg/L",24.9
"02/26/1985","S65E","CALCIUM","mg/L",21.1
"05/20/1985","S65E","CALCIUM","mg/L",15.2
"08/27/1985","S65E","CALCIUM","mg/L",13.3
"09/19/1985","S65E","CALCIUM","mg/L",11.4
"02/12/1986","S65E","CALCIUM","mg/L",12.7
"02/18/1986","S65E","CALCIUM","mg/L",12.6
"05/20/1986","S65E","CALCIUM","mg/L",14.5
"08/14/1986","S65E","CALCIUM","mg/L",15.6
"09/23/1986","S65E","CALCIUM","mg/L",11.8
"11/18/1986","S65E","CALCIUM","mg/L",15.4
"02/18/1987","S65E","CALCIUM","mg/L",15.8
"02/19/1987","S65E","CALCIUM","mg/L",15.1
"05/26/1987","S65E","CALCIUM","mg/L",16.6
"07/30/1987","S65E","CALCIUM","mg/L",15.7
"08/18/1987","S65E","CALCIUM","mg/L",17.5
"11/24/1987","S65E","CALCIUM","mg/L",10
"02/04/1988","S65E","CALCIUM","mg/L",12.4
"02/16/1988","S65E","CALCIUM","mg/L",12.2
"05/24/1988","S65E","CALCIUM","mg/L",13.5
"08/15/1988","S65E","CALCIUM","mg/L",16.8
"11/22/1988","S65E","CALCIUM","mg/L",17.4
"02/13/1989","S65E","CALCIUM","mg/L",14.1
"02/28/1989","S65E","CALCIUM","mg/L",14
"05/24/1989","S65E","CALCIUM","mg/L",14.4
"08/28/1989","S65E","CALCIUM","mg/L",18.1
"08/29/1989","S65E","CALCIUM","mg/L",18.2
"11/20/1989","S65E","CALCIUM","mg/L",15.7
"02/20/1990","S65E","CALCIUM","mg/L",14.1
"02/28/1990","S65E","CALCIUM","mg/L",14.1
"08/27/1990","S65E","CALCIUM","mg/L",14.6
"11/20/1990","S65E","CALCIUM","mg/L",14.6
"02/26/1991","S65E","CALCIUM","mg/L",18
"08/12/1991","S65E","CALCIUM","mg/L",12.2
"08/28/1991","S65E","CALCIUM","mg/L",11.2
"11/20/1991","S65E","CALCIUM","mg/L",14.8
"02/11/1992","S65E","CALCIUM","mg/L",15.6
"05/19/1992","S65E","CALCIUM","mg/L",14.2
"07/08/1992","S65E","CALCIUM","mg/L",50.7
"08/26/1992","S65E","CALCIUM","mg/L",13.1
"11/18/1992","S65E","CALCIUM","mg/L",15.9
"02/23/1993","S65E","CALCIUM","mg/L",14.4
"05/20/1993","S65E","CALCIUM","mg/L",13.1
"08/10/1993","S65E","CALCIUM","mg/L",16.4
"10/05/1993","S65E","CALCIUM","mg/L",16.6
"11/16/1993","S65E","CALCIUM","mg/L",17.2
"02/08/1994","S65E","CALCIUM","mg/L",20.9
"02/15/1994","S65E","CALCIUM","mg/L",20.2
"05/17/1994","S65E","CALCIUM","mg/L",12.45
"08/23/1994","S65E","CALCIUM","mg/L",11.5
"02/21/1995","S65E","CALCIUM","mg/L",10.9
"08/08/1995","S65E","CALCIUM","mg/L",10.1
"02/06/1996","S65E","CALCIUM","mg/L",9.4175
"05/20/1996","S65E","CALCIUM","mg/L",13.69
"09/17/1996","S65E","CALCIUM","mg/L",5.05
"11/04/1996","S65E","CALCIUM","mg/L",14.3
"02/24/1997","S65E","CALCIUM","mg/L",11.2
"03/18/1997","S65E","CALCIUM","mg/L",13.6
"05/19/1997","S65E","CALCIUM","mg/L",12
"09/16/1997","S65E","CALCIUM","mg/L",12
"12/23/1997","S65E","CALCIUM","mg/L",9.5
"02/18/1998","S65E","CALCIUM","mg/L",10.3
"03/17/1998","S65E","CALCIUM","mg/L",8.1
"05/18/1998","S65E","CALCIUM","mg/L",11.8
"06/23/1998","S65E","CALCIUM","mg/L",13.4
"08/24/1998","S65E","CALCIUM","mg/L",13.6
"09/15/1998","S65E","CALCIUM","mg/L",13.2
"09/29/1998","S65E","CALCIUM","mg/L",9.3
"12/08/1998","S65E","CALCIUM","mg/L",13
"01/25/1999","S65E","CALCIUM","mg/L",14.2
"03/30/1999","S65E","CALCIUM","mg/L",17.3
"04/19/1999","S65E","CALCIUM","mg/L",13
"06/22/1999","S65E","CALCIUM","mg/L",13.759
"07/26/1999","S65E","CALCIUM","mg/L",15.242
"09/16/1999","S65E","CALCIUM","mg/L",8.544
"10/18/1999","S65E","CALCIUM","mg/L",11.218
"12/07/1999","S65E","CALCIUM","mg/L",11.6865
"01/24/2000","S65E","CALCIUM","mg/L",17.049
"03/14/2000","S65E","CALCIUM","mg/L",17.726
"04/17/2000","S65E","CALCIUM","mg/L",18.5245
"06/06/2000","S65E","CALCIUM","mg/L",20.248
"07/25/2000","S65E","CALCIUM","mg/L",21.04
"09/12/2000","S65E","CALCIUM","mg/L",24.67
"10/16/2000","S65E","CALCIUM","mg/L",22.659
"12/05/2000","S65E","CALCIUM","mg/L",30.1
"01/22/2001","S65E","CALCIUM","mg/L",27.805
"03/27/2001","S65E","CALCIUM","mg/L",28.941
"04/16/2001","S65E","CALCIUM","mg/L",15.1445
"06/19/2001","S65E","CALCIUM","mg/L",15.6675
"07/16/2001","S65E","CALCIUM","mg/L",32.13
"09/11/2001","S65E","CALCIUM","mg/L",11.8606
"10/08/2001","S65E","CALCIUM","mg/L",16.802
"12/04/2001","S65E","CALCIUM","mg/L",9.391
"03/12/2002","S65E","CALCIUM","mg/L",19.639
"03/18/2002","S65E","CALCIUM","mg/L",9.6705
"06/18/2002","S65E","CALCIUM","mg/L",6.55566666666667
"06/24/2002","S65E","CALCIUM","mg/L",21.837
"08/13/2002","S65E","CALCIUM","mg/L",15.893
"09/16/2002","S65E","CALCIUM","mg/L",12.767
"09/24/2002","S65E","CALCIUM","mg/L",6.876
"12/17/2002","S65E","CALCIUM","mg/L",6.3188
"12/30/2002","S65E","CALCIUM","mg/L",11.476
"03/11/2003","S65E","CALCIUM","mg/L",17.085
"03/24/2003","S65E","CALCIUM","mg/L",17.6585
"06/16/2003","S65E","CALCIUM","mg/L",14.6285
"06/17/2003","S65E","CALCIUM","mg/L",7.086
"09/09/2003","S65E","CALCIUM","mg/L",5.5
"09/15/2003","S65E","CALCIUM","mg/L",10.6
"12/02/2003","S65E","CALCIUM","mg/L",13.4
"12/15/2003","S65E","CALCIUM","mg/L",8.13333333333333
"03/09/2004","S65E","CALCIUM","mg/L",13.6
"03/15/2004","S65E","CALCIUM","mg/L",13.3
"05/17/2004","S65E","CALCIUM","mg/L",16.75
"07/06/2004","S65E","CALCIUM","mg/L",8.1
"08/23/2004","S65E","CALCIUM","mg/L",7.95
"10/26/2004","S65E","CALCIUM","mg/L",3.2
"12/21/2004","S65E","CALCIUM","mg/L",5.5
"02/14/2005","S65E","CALCIUM","mg/L",11.9
"05/16/2005","S65E","CALCIUM","mg/L",5.9
"06/07/2005","S65E","CALCIUM","mg/L",3.43333333333333
"08/22/2005","S65E","CALCIUM","mg/L",10.4
"09/12/2005","S65E","CALCIUM","mg/L",4.7
"11/14/2005","S65E","CALCIUM","mg/L",8
"02/21/2006","S65E","CALCIUM","mg/L",5.45
"03/13/2006","S65E","CALCIUM","mg/L",5.35
"05/22/2006","S65E","CALCIUM","mg/L",11.7
"06/06/2006","S65E","CALCIUM","mg/L",6.64
"08/21/2006","S65E","CALCIUM","mg/L",16.7
"09/11/2006","S65E","CALCIUM","mg/L",4.3
"11/27/2006","S65E","CALCIUM","mg/L",17.5
"12/19/2006","S65E","CALCIUM","mg/L",13.875
"02/26/2007","S65E","CALCIUM","mg/L",21.8
"03/13/2007","S65E","CALCIUM","mg/L",17.9
"05/21/2007","S65E","CALCIUM","mg/L",28.8
"06/05/2007","S65E","CALCIUM","mg/L",17.48
"08/20/2007","S65E","CALCIUM","mg/L",13.425
"09/04/2007","S65E","CALCIUM","mg/L",8.75
"11/26/2007","S65E","CALCIUM","mg/L",16.7
"12/03/2007","S65E","CALCIUM","mg/L",10.2
"02/20/2008","S65E","CALCIUM","mg/L",19.4
"03/03/2008","S65E","CALCIUM","mg/L",12
"05/28/2008","S65E","CALCIUM","mg/L",19.8
"06/03/2008","S65E","CALCIUM","mg/L",11.98
"08/28/2008","S65E","CALCIUM","mg/L",10.2
"09/08/2008","S65E","CALCIUM","mg/L",7.56
"11/19/2008","S65E","CALCIUM","mg/L",23.3
"12/10/2008","S65E","CALCIUM","mg/L",13.3
"02/18/2009","S65E","CALCIUM","mg/L",21.8
"03/03/2009","S65E","CALCIUM","mg/L",13.8
"05/20/2009","S65E","CALCIUM","mg/L",26.2
"06/16/2009","S65E","CALCIUM","mg/L",6.96666666666667
"08/26/2009","S65E","CALCIUM","mg/L",18.1
"09/22/2009","S65E","CALCIUM","mg/L",9.32
"11/18/2009","S65E","CALCIUM","mg/L",9.15
"12/16/2009","S65E","CALCIUM","mg/L",9.5
"02/24/2010","S65E","CALCIUM","mg/L",14
"03/15/2010","S65E","CALCIUM","mg/L",9.04
"05/26/2010","S65E","CALCIUM","mg/L",13.4
"06/07/2010","S65E","CALCIUM","mg/L",10.1
"08/18/2010","S65E","CALCIUM","mg/L",18.3
"09/14/2010","S65E","CALCIUM","mg/L",15.7333333333333
"11/17/2010","S65E","CALCIUM","mg/L",16.9
"12/09/2010","S65E","CALCIUM","mg/L",17.6
"02/17/2011","S65E","CALCIUM","mg/L",18.8
"03/09/2011","S65E","CALCIUM","mg/L",18.8
"05/18/2011","S65E","CALCIUM","mg/L",15
"06/08/2011","S65E","CALCIUM","mg/L",16.5
"08/24/2011","S65E","CALCIUM","mg/L",18.5
"09/14/2011","S65E","CALCIUM","mg/L",14.3666666666667
"11/16/2011","S65E","CALCIUM","mg/L",12.7
"12/07/2011","S65E","CALCIUM","mg/L",14.4
"02/22/2012","S65E","CALCIUM","mg/L",12.1
"03/14/2012","S65E","CALCIUM","mg/L",13.3
"05/16/2012","S65E","CALCIUM","mg/L",15.7
"06/06/2012","S65E","CALCIUM","mg/L",15.3
"08/08/2012","S65E","CALCIUM","mg/L",19
"09/05/2012","S65E","CALCIUM","mg/L",11
"11/14/2012","S65E","CALCIUM","mg/L",16.4
"12/05/2012","S65E","CALCIUM","mg/L",18.2
"02/06/2013","S65E","CALCIUM","mg/L",18.9
"02/13/2013","S65E","CALCIUM","mg/L",18.6
"05/08/2013","S65E","CALCIUM","mg/L",17.15
"08/07/2013","S65E","CALCIUM","mg/L",13.7
"08/14/2013","S65E","CALCIUM","mg/L",13.5
"11/04/2013","S65E","CALCIUM","mg/L",16.6
"11/06/2013","S65E","CALCIUM","mg/L",18.1
"02/03/2014","S65E","CALCIUM","mg/L",17.2
"02/12/2014","S65E","CALCIUM","mg/L",18.9
"04/23/2014","S65E","CALCIUM","mg/L",15.7
"05/05/2014","S65E","CALCIUM","mg/L",16.1
"08/13/2014","S65E","CALCIUM","mg/L",14.3
"08/18/2014","S65E","CALCIUM","mg/L",12.1
"11/03/2014","S65E","CALCIUM","mg/L",15.2
"11/05/2014","S65E","CALCIUM","mg/L",14.7
"02/02/2015","S65E","CALCIUM","mg/L",11.6
"02/11/2015","S65E","CALCIUM","mg/L",12.4
"05/04/2015","S65E","CALCIUM","mg/L",12.3
"05/06/2015","S65E","CALCIUM","mg/L",13.2
"08/03/2015","S65E","CALCIUM","mg/L",14.5
"08/12/2015","S65E","CALCIUM","mg/L",14.6333333333333
"10/26/2015","S65E","CALCIUM","mg/L",11.7
"11/04/2015","S65E","CALCIUM","mg/L",12.5
"01/20/2016","S65E","CALCIUM","mg/L",14.8
"04/11/2016","S65E","CALCIUM","mg/L",13.3
"07/06/2016","S65E","CALCIUM","mg/L",12.2
"09/26/2016","S65E","CALCIUM","mg/L",10.8
"12/19/2016","S65E","CALCIUM","mg/L",11.6
"03/13/2017","S65E","CALCIUM","mg/L",18.8
"03/20/2017","S65E","CALCIUM","mg/L",13.8
"06/12/2017","S65E","CALCIUM","mg/L",18.8
"12/18/2017","S65E","CALCIUM","mg/L",16.9
"04/09/2018","S65E","CALCIUM","mg/L",15.5
"06/04/2018","S65E","CALCIUM","mg/L",20.9
"08/06/2018","S65E","CALCIUM","mg/L",14.3
"11/26/2018","S65E","CALCIUM","mg/L",15.9333333333333
"03/04/2019","S65E","CALCIUM","mg/L",13.9
"03/06/2019","S65E","CALCIUM","mg/L",13.8
"04/08/2019","S65E","CALCIUM","mg/L",16.2
"07/01/2019","S65E","CALCIUM","mg/L",15.1
"10/21/2019","S65E","CALCIUM","mg/L",17.7
"01/13/2020","S65E","CALCIUM","mg/L",20.6
"04/06/2020","S65E","CALCIUM","mg/L",13.2
"07/13/2020","S65E","CALCIUM","mg/L",16.4
"11/16/2020","S65E","CALCIUM","mg/L",15.2
"01/11/2021","S65E","CALCIUM","mg/L",13.9
"04/19/2021","S65E","CALCIUM","mg/L",14.4
"07/12/2021","S65E","CALCIUM","mg/L",17.2
"10/18/2021","S65E","CALCIUM","mg/L",14.6
"01/10/2022","S65E","CALCIUM","mg/L",16.9
"03/07/2022","S65E","CALCIUM","mg/L",15.3
"05/02/2022","S65E","CALCIUM","mg/L",16.9
"07/25/2022","S65E","CALCIUM","mg/L",22.9
"10/03/2022","S65E","CALCIUM","mg/L",12
"01/09/2023","S65E","CALCIUM","mg/L",12.5
"06/22/1976","S65E","CARBON, DISSOLVED ORGANIC","mg/L",24.1
"06/25/1976","S65E","CARBON, DISSOLVED ORGANIC","mg/L",26.9
"12/06/1976","S65E","CARBON, DISSOLVED ORGANIC","mg/L",16.1
"01/25/1977","S65E","CARBON, DISSOLVED ORGANIC","mg/L",20.15
"03/21/1977","S65E","CARBON, DISSOLVED ORGANIC","mg/L",21.35
"05/23/1977","S65E","CARBON, DISSOLVED ORGANIC","mg/L",43.75
"07/25/1977","S65E","CARBON, DISSOLVED ORGANIC","mg/L",9.65
"03/19/1996","S65E","CARBON, DISSOLVED ORGANIC","mg/L",16.3175
"04/02/1996","S65E","CARBON, DISSOLVED ORGANIC","mg/L",13.2675
"04/16/1996","S65E","CARBON, DISSOLVED ORGANIC","mg/L",12.975
"04/30/1996","S65E","CARBON, DISSOLVED ORGANIC","mg/L",9.51
"05/14/1996","S65E","CARBON, DISSOLVED ORGANIC","mg/L",13.0325
"05/28/1996","S65E","CARBON, DISSOLVED ORGANIC","mg/L",12.735
"06/11/1996","S65E","CARBON, DISSOLVED ORGANIC","mg/L",14.5675
"06/25/1996","S65E","CARBON, DISSOLVED ORGANIC","mg/L",15.55
"07/09/1996","S65E","CARBON, DISSOLVED ORGANIC","mg/L",23.92
"07/23/1996","S65E","CARBON, DISSOLVED ORGANIC","mg/L",10.495
"08/06/1996","S65E","CARBON, DISSOLVED ORGANIC","mg/L",9.52
"08/20/1996","S65E","CARBON, DISSOLVED ORGANIC","mg/L",8.84
"09/03/1996","S65E","CARBON, DISSOLVED ORGANIC","mg/L",8.165
"09/17/1996","S65E","CARBON, DISSOLVED ORGANIC","mg/L",9.3925
"10/01/1996","S65E","CARBON, DISSOLVED ORGANIC","mg/L",8.17
"10/15/1996","S65E","CARBON, DISSOLVED ORGANIC","mg/L",6.955
"10/29/1996","S65E","CARBON, DISSOLVED ORGANIC","mg/L",7.56
"11/12/1996","S65E","CARBON, DISSOLVED ORGANIC","mg/L",8.882
"11/26/1996","S65E","CARBON, DISSOLVED ORGANIC","mg/L",8.858
"12/10/1996","S65E","CARBON, DISSOLVED ORGANIC","mg/L",7.565
"12/26/1996","S65E","CARBON, DISSOLVED ORGANIC","mg/L",8.434
"01/07/1997","S65E","CARBON, DISSOLVED ORGANIC","mg/L",7.72
"01/21/1997","S65E","CARBON, DISSOLVED ORGANIC","mg/L",8.824
"02/05/1997","S65E","CARBON, DISSOLVED ORGANIC","mg/L",6.19
"02/18/1997","S65E","CARBON, DISSOLVED ORGANIC","mg/L",8.532
"03/04/1997","S65E","CARBON, DISSOLVED ORGANIC","mg/L",6.075
"03/18/1997","S65E","CARBON, DISSOLVED ORGANIC","mg/L",14.76
"04/01/1997","S65E","CARBON, DISSOLVED ORGANIC","mg/L",6.425
"04/15/1997","S65E","CARBON, DISSOLVED ORGANIC","mg/L",15.13
"04/29/1997","S65E","CARBON, DISSOLVED ORGANIC","mg/L",14.2
"05/13/1997","S65E","CARBON, DISSOLVED ORGANIC","mg/L",13.66
"05/27/1997","S65E","CARBON, DISSOLVED ORGANIC","mg/L",6.53
"06/10/1997","S65E","CARBON, DISSOLVED ORGANIC","mg/L",14.44
"06/24/1997","S65E","CARBON, DISSOLVED ORGANIC","mg/L",6.66
"07/08/1997","S65E","CARBON, DISSOLVED ORGANIC","mg/L",15.03
"07/22/1997","S65E","CARBON, DISSOLVED ORGANIC","mg/L",19.68
"08/05/1997","S65E","CARBON, DISSOLVED ORGANIC","mg/L",22.59
"08/19/1997","S65E","CARBON, DISSOLVED ORGANIC","mg/L",17.04
"09/02/1997","S65E","CARBON, DISSOLVED ORGANIC","mg/L",11.0118
"09/16/1997","S65E","CARBON, DISSOLVED ORGANIC","mg/L",20.25
"09/30/1997","S65E","CARBON, DISSOLVED ORGANIC","mg/L",21.16
"10/14/1997","S65E","CARBON, DISSOLVED ORGANIC","mg/L",22.17
"10/28/1997","S65E","CARBON, DISSOLVED ORGANIC","mg/L",23.38
"11/12/1997","S65E","CARBON, DISSOLVED ORGANIC","mg/L",26.58
"11/25/1997","S65E","CARBON, DISSOLVED ORGANIC","mg/L",23.44
"12/09/1997","S65E","CARBON, DISSOLVED ORGANIC","mg/L",15.33
"12/23/1997","S65E","CARBON, DISSOLVED ORGANIC","mg/L",15.07
"01/06/1998","S65E","CARBON, DISSOLVED ORGANIC","mg/L",17.03
"01/20/1998","S65E","CARBON, DISSOLVED ORGANIC","mg/L",16.68
"02/03/1998","S65E","CARBON, DISSOLVED ORGANIC","mg/L",19.26
"02/17/1998","S65E","CARBON, DISSOLVED ORGANIC","mg/L",17.93
"03/03/1998","S65E","CARBON, DISSOLVED ORGANIC","mg/L",19.28
"03/17/1998","S65E","CARBON, DISSOLVED ORGANIC","mg/L",20.17
"03/31/1998","S65E","CARBON, DISSOLVED ORGANIC","mg/L",17.01
"04/14/1998","S65E","CARBON, DISSOLVED ORGANIC","mg/L",18.79
"04/28/1998","S65E","CARBON, DISSOLVED ORGANIC","mg/L",18.63
"05/12/1998","S65E","CARBON, DISSOLVED ORGANIC","mg/L",18
"05/26/1998","S65E","CARBON, DISSOLVED ORGANIC","mg/L",18.24
"06/09/1998","S65E","CARBON, DISSOLVED ORGANIC","mg/L",16.72
"06/23/1998","S65E","CARBON, DISSOLVED ORGANIC","mg/L",17.63
"07/07/1998","S65E","CARBON, DISSOLVED ORGANIC","mg/L",17.75
"07/21/1998","S65E","CARBON, DISSOLVED ORGANIC","mg/L",21.91
"08/04/1998","S65E","CARBON, DISSOLVED ORGANIC","mg/L",22.24
"08/18/1998","S65E","CARBON, DISSOLVED ORGANIC","mg/L",24.12
"09/01/1998","S65E","CARBON, DISSOLVED ORGANIC","mg/L",22.99
"09/15/1998","S65E","CARBON, DISSOLVED ORGANIC","mg/L",28.03
"09/29/1998","S65E","CARBON, DISSOLVED ORGANIC","mg/L",28.09
"10/13/1998","S65E","CARBON, DISSOLVED ORGANIC","mg/L",26.04
"10/27/1998","S65E","CARBON, DISSOLVED ORGANIC","mg/L",25.5
"11/09/1998","S65E","CARBON, DISSOLVED ORGANIC","mg/L",23.75
"11/24/1998","S65E","CARBON, DISSOLVED ORGANIC","mg/L",22.18
"12/08/1998","S65E","CARBON, DISSOLVED ORGANIC","mg/L",22.83
"12/22/1998","S65E","CARBON, DISSOLVED ORGANIC","mg/L",21.57
"01/05/1999","S65E","CARBON, DISSOLVED ORGANIC","mg/L",21.48
"01/19/1999","S65E","CARBON, DISSOLVED ORGANIC","mg/L",20.93
"02/02/1999","S65E","CARBON, DISSOLVED ORGANIC","mg/L",20.38
"02/16/1999","S65E","CARBON, DISSOLVED ORGANIC","mg/L",19.56
"03/02/1999","S65E","CARBON, DISSOLVED ORGANIC","mg/L",9.125
"03/16/1999","S65E","CARBON, DISSOLVED ORGANIC","mg/L",11.04
"03/30/1999","S65E","CARBON, DISSOLVED ORGANIC","mg/L",16.83
"04/13/1999","S65E","CARBON, DISSOLVED ORGANIC","mg/L",14.98
"04/27/1999","S65E","CARBON, DISSOLVED ORGANIC","mg/L",14.93
"05/11/1999","S65E","CARBON, DISSOLVED ORGANIC","mg/L",14.96
"05/25/1999","S65E","CARBON, DISSOLVED ORGANIC","mg/L",15.6
"06/08/1999","S65E","CARBON, DISSOLVED ORGANIC","mg/L",14.42
"06/22/1999","S65E","CARBON, DISSOLVED ORGANIC","mg/L",14.93
"07/06/1999","S65E","CARBON, DISSOLVED ORGANIC","mg/L",13.17
"07/20/1999","S65E","CARBON, DISSOLVED ORGANIC","mg/L",10.29
"08/03/1999","S65E","CARBON, DISSOLVED ORGANIC","mg/L",15.67
"08/17/1999","S65E","CARBON, DISSOLVED ORGANIC","mg/L",28.64
"08/31/1999","S65E","CARBON, DISSOLVED ORGANIC","mg/L",25.49
"09/16/1999","S65E","CARBON, DISSOLVED ORGANIC","mg/L",12.8988
"09/28/1999","S65E","CARBON, DISSOLVED ORGANIC","mg/L",10.708
"10/12/1999","S65E","CARBON, DISSOLVED ORGANIC","mg/L",21.87
"10/26/1999","S65E","CARBON, DISSOLVED ORGANIC","mg/L",18.87
"11/09/1999","S65E","CARBON, DISSOLVED ORGANIC","mg/L",18.6
"11/23/1999","S65E","CARBON, DISSOLVED ORGANIC","mg/L",16.44
"12/07/1999","S65E","CARBON, DISSOLVED ORGANIC","mg/L",9.05
"12/21/1999","S65E","CARBON, DISSOLVED ORGANIC","mg/L",9.04
"01/04/2000","S65E","CARBON, DISSOLVED ORGANIC","mg/L",9.6
"01/18/2000","S65E","CARBON, DISSOLVED ORGANIC","mg/L",7.845
"02/01/2000","S65E","CARBON, DISSOLVED ORGANIC","mg/L",17.39
"02/15/2000","S65E","CARBON, DISSOLVED ORGANIC","mg/L",15.48
"02/29/2000","S65E","CARBON, DISSOLVED ORGANIC","mg/L",7.515
"03/14/2000","S65E","CARBON, DISSOLVED ORGANIC","mg/L",16.95
"03/28/2000","S65E","CARBON, DISSOLVED ORGANIC","mg/L",17.94
"04/11/2000","S65E","CARBON, DISSOLVED ORGANIC","mg/L",17.63
"04/24/2000","S65E","CARBON, DISSOLVED ORGANIC","mg/L",9.476
"05/09/2000","S65E","CARBON, DISSOLVED ORGANIC","mg/L",17.75
"05/23/2000","S65E","CARBON, DISSOLVED ORGANIC","mg/L",19.25
"06/06/2000","S65E","CARBON, DISSOLVED ORGANIC","mg/L",17.11
"06/20/2000","S65E","CARBON, DISSOLVED ORGANIC","mg/L",17.03
"07/05/2000","S65E","CARBON, DISSOLVED ORGANIC","mg/L",16.49
"07/18/2000","S65E","CARBON, DISSOLVED ORGANIC","mg/L",16.97
"08/01/2000","S65E","CARBON, DISSOLVED ORGANIC","mg/L",9.916
"08/15/2000","S65E","CARBON, DISSOLVED ORGANIC","mg/L",12.558
"08/29/2000","S65E","CARBON, DISSOLVED ORGANIC","mg/L",23.99
"09/12/2000","S65E","CARBON, DISSOLVED ORGANIC","mg/L",26.37
"09/26/2000","S65E","CARBON, DISSOLVED ORGANIC","mg/L",30.57
"10/10/2000","S65E","CARBON, DISSOLVED ORGANIC","mg/L",14.035
"10/24/2000","S65E","CARBON, DISSOLVED ORGANIC","mg/L",29.57
"11/07/2000","S65E","CARBON, DISSOLVED ORGANIC","mg/L",28.17
"11/21/2000","S65E","CARBON, DISSOLVED ORGANIC","mg/L",28.64
"12/05/2000","S65E","CARBON, DISSOLVED ORGANIC","mg/L",26.56
"12/19/2000","S65E","CARBON, DISSOLVED ORGANIC","mg/L",25.92
"01/02/2001","S65E","CARBON, DISSOLVED ORGANIC","mg/L",13.145
"01/16/2001","S65E","CARBON, DISSOLVED ORGANIC","mg/L",27.01
"01/30/2001","S65E","CARBON, DISSOLVED ORGANIC","mg/L",25.68
"02/13/2001","S65E","CARBON, DISSOLVED ORGANIC","mg/L",25.09
"02/27/2001","S65E","CARBON, DISSOLVED ORGANIC","mg/L",26.26
"03/13/2001","S65E","CARBON, DISSOLVED ORGANIC","mg/L",25.88
"03/27/2001","S65E","CARBON, DISSOLVED ORGANIC","mg/L",23.92
"04/10/2001","S65E","CARBON, DISSOLVED ORGANIC","mg/L",24.14
"04/24/2001","S65E","CARBON, DISSOLVED ORGANIC","mg/L",10.975
"05/08/2001","S65E","CARBON, DISSOLVED ORGANIC","mg/L",14.2485
"05/22/2001","S65E","CARBON, DISSOLVED ORGANIC","mg/L",23.81
"06/05/2001","S65E","CARBON, DISSOLVED ORGANIC","mg/L",23.2
"06/19/2001","S65E","CARBON, DISSOLVED ORGANIC","mg/L",10.84
"07/03/2001","S65E","CARBON, DISSOLVED ORGANIC","mg/L",13.447
"07/17/2001","S65E","CARBON, DISSOLVED ORGANIC","mg/L",25.03
"07/31/2001","S65E","CARBON, DISSOLVED ORGANIC","mg/L",33.71
"08/14/2001","S65E","CARBON, DISSOLVED ORGANIC","mg/L",32.35
"08/28/2001","S65E","CARBON, DISSOLVED ORGANIC","mg/L",26.86
"09/11/2001","S65E","CARBON, DISSOLVED ORGANIC","mg/L",13.55
"09/25/2001","S65E","CARBON, DISSOLVED ORGANIC","mg/L",22.23
"10/09/2001","S65E","CARBON, DISSOLVED ORGANIC","mg/L",20.61
"11/06/2001","S65E","CARBON, DISSOLVED ORGANIC","mg/L",11.09
"11/20/2001","S65E","CARBON, DISSOLVED ORGANIC","mg/L",11.06
"12/04/2001","S65E","CARBON, DISSOLVED ORGANIC","mg/L",10.4
"12/18/2001","S65E","CARBON, DISSOLVED ORGANIC","mg/L",20.89
"01/02/2002","S65E","CARBON, DISSOLVED ORGANIC","mg/L",9.595
"01/15/2002","S65E","CARBON, DISSOLVED ORGANIC","mg/L",10.26
"01/29/2002","S65E","CARBON, DISSOLVED ORGANIC","mg/L",11.722
"02/12/2002","S65E","CARBON, DISSOLVED ORGANIC","mg/L",10.5975
"02/26/2002","S65E","CARBON, DISSOLVED ORGANIC","mg/L",20.44
"03/12/2002","S65E","CARBON, DISSOLVED ORGANIC","mg/L",21.45
"03/26/2002","S65E","CARBON, DISSOLVED ORGANIC","mg/L",21.53
"04/09/2002","S65E","CARBON, DISSOLVED ORGANIC","mg/L",11.0685
"04/23/2002","S65E","CARBON, DISSOLVED ORGANIC","mg/L",20.11
"05/07/2002","S65E","CARBON, DISSOLVED ORGANIC","mg/L",19.65
"05/21/2002","S65E","CARBON, DISSOLVED ORGANIC","mg/L",20.4
"06/04/2002","S65E","CARBON, DISSOLVED ORGANIC","mg/L",20.13
"06/18/2002","S65E","CARBON, DISSOLVED ORGANIC","mg/L",5.79
"07/02/2002","S65E","CARBON, DISSOLVED ORGANIC","mg/L",39.68
"07/16/2002","S65E","CARBON, DISSOLVED ORGANIC","mg/L",15.903
"07/30/2002","S65E","CARBON, DISSOLVED ORGANIC","mg/L",13.072
"08/13/2002","S65E","CARBON, DISSOLVED ORGANIC","mg/L",23.33
"08/27/2002","S65E","CARBON, DISSOLVED ORGANIC","mg/L",9.875
"09/10/2002","S65E","CARBON, DISSOLVED ORGANIC","mg/L",9.985
"09/24/2002","S65E","CARBON, DISSOLVED ORGANIC","mg/L",10.035
"10/08/2002","S65E","CARBON, DISSOLVED ORGANIC","mg/L",21.65
"10/22/2002","S65E","CARBON, DISSOLVED ORGANIC","mg/L",22.3
"11/05/2002","S65E","CARBON, DISSOLVED ORGANIC","mg/L",21.27
"11/19/2002","S65E","CARBON, DISSOLVED ORGANIC","mg/L",20.4
"12/03/2002","S65E","CARBON, DISSOLVED ORGANIC","mg/L",21
"12/17/2002","S65E","CARBON, DISSOLVED ORGANIC","mg/L",12.942
"12/31/2002","S65E","CARBON, DISSOLVED ORGANIC","mg/L",21.6
"01/14/2003","S65E","CARBON, DISSOLVED ORGANIC","mg/L",23.3
"01/28/2003","S65E","CARBON, DISSOLVED ORGANIC","mg/L",24.4
"02/11/2003","S65E","CARBON, DISSOLVED ORGANIC","mg/L",24.32
"02/25/2003","S65E","CARBON, DISSOLVED ORGANIC","mg/L",22.8
"03/11/2003","S65E","CARBON, DISSOLVED ORGANIC","mg/L",23.49
"03/25/2003","S65E","CARBON, DISSOLVED ORGANIC","mg/L",23.1
"04/08/2003","S65E","CARBON, DISSOLVED ORGANIC","mg/L",22.46
"04/22/2003","S65E","CARBON, DISSOLVED ORGANIC","mg/L",20.88
"05/06/2003","S65E","CARBON, DISSOLVED ORGANIC","mg/L",12.3895
"05/20/2003","S65E","CARBON, DISSOLVED ORGANIC","mg/L",21.79
"06/03/2003","S65E","CARBON, DISSOLVED ORGANIC","mg/L",11.6805
"06/17/2003","S65E","CARBON, DISSOLVED ORGANIC","mg/L",11.725
"07/01/2003","S65E","CARBON, DISSOLVED ORGANIC","mg/L",22.85
"07/15/2003","S65E","CARBON, DISSOLVED ORGANIC","mg/L",21.6
"07/29/2003","S65E","CARBON, DISSOLVED ORGANIC","mg/L",19.67
"08/12/2003","S65E","CARBON, DISSOLVED ORGANIC","mg/L",19.8
"08/26/2003","S65E","CARBON, DISSOLVED ORGANIC","mg/L",20.9
"09/09/2003","S65E","CARBON, DISSOLVED ORGANIC","mg/L",8.5
"09/23/2003","S65E","CARBON, DISSOLVED ORGANIC","mg/L",19
"10/07/2003","S65E","CARBON, DISSOLVED ORGANIC","mg/L",9
"10/21/2003","S65E","CARBON, DISSOLVED ORGANIC","mg/L",20
"11/04/2003","S65E","CARBON, DISSOLVED ORGANIC","mg/L",18
"11/18/2003","S65E","CARBON, DISSOLVED ORGANIC","mg/L",18
"12/02/2003","S65E","CARBON, DISSOLVED ORGANIC","mg/L",18
"12/16/2003","S65E","CARBON, DISSOLVED ORGANIC","mg/L",17
"12/30/2003","S65E","CARBON, DISSOLVED ORGANIC","mg/L",9
"01/13/2004","S65E","CARBON, DISSOLVED ORGANIC","mg/L",18
"01/27/2004","S65E","CARBON, DISSOLVED ORGANIC","mg/L",16
"02/10/2004","S65E","CARBON, DISSOLVED ORGANIC","mg/L",8
"02/24/2004","S65E","CARBON, DISSOLVED ORGANIC","mg/L",17
"03/09/2004","S65E","CARBON, DISSOLVED ORGANIC","mg/L",17
"03/23/2004","S65E","CARBON, DISSOLVED ORGANIC","mg/L",16
"04/06/2004","S65E","CARBON, DISSOLVED ORGANIC","mg/L",17
"04/20/2004","S65E","CARBON, DISSOLVED ORGANIC","mg/L",16
"05/04/2004","S65E","CARBON, DISSOLVED ORGANIC","mg/L",7.5
"05/18/2004","S65E","CARBON, DISSOLVED ORGANIC","mg/L",17
"06/08/2004","S65E","CARBON, DISSOLVED ORGANIC","mg/L",16
"06/22/2004","S65E","CARBON, DISSOLVED ORGANIC","mg/L",16
"07/06/2004","S65E","CARBON, DISSOLVED ORGANIC","mg/L",7.5
"07/20/2004","S65E","CARBON, DISSOLVED ORGANIC","mg/L",7
"08/03/2004","S65E","CARBON, DISSOLVED ORGANIC","mg/L",17
"08/17/2004","S65E","CARBON, DISSOLVED ORGANIC","mg/L",16
"08/31/2004","S65E","CARBON, DISSOLVED ORGANIC","mg/L",27
"09/14/2004","S65E","CARBON, DISSOLVED ORGANIC","mg/L",18
"09/29/2004","S65E","CARBON, DISSOLVED ORGANIC","mg/L",18
"10/12/2004","S65E","CARBON, DISSOLVED ORGANIC","mg/L",18
"10/26/2004","S65E","CARBON, DISSOLVED ORGANIC","mg/L",5.33333333333333
"11/09/2004","S65E","CARBON, DISSOLVED ORGANIC","mg/L",18
"11/22/2004","S65E","CARBON, DISSOLVED ORGANIC","mg/L",17
"12/07/2004","S65E","CARBON, DISSOLVED ORGANIC","mg/L",18
"12/21/2004","S65E","CARBON, DISSOLVED ORGANIC","mg/L",8.5
"01/04/2005","S65E","CARBON, DISSOLVED ORGANIC","mg/L",19
"01/18/2005","S65E","CARBON, DISSOLVED ORGANIC","mg/L",19
"02/01/2005","S65E","CARBON, DISSOLVED ORGANIC","mg/L",18
"02/15/2005","S65E","CARBON, DISSOLVED ORGANIC","mg/L",18
"03/01/2005","S65E","CARBON, DISSOLVED ORGANIC","mg/L",8.5
"03/15/2005","S65E","CARBON, DISSOLVED ORGANIC","mg/L",18
"03/29/2005","S65E","CARBON, DISSOLVED ORGANIC","mg/L",18
"04/12/2005","S65E","CARBON, DISSOLVED ORGANIC","mg/L",17
"04/26/2005","S65E","CARBON, DISSOLVED ORGANIC","mg/L",16
"05/10/2005","S65E","CARBON, DISSOLVED ORGANIC","mg/L",18
"05/24/2005","S65E","CARBON, DISSOLVED ORGANIC","mg/L",18
"06/07/2005","S65E","CARBON, DISSOLVED ORGANIC","mg/L",6
"06/21/2005","S65E","CARBON, DISSOLVED ORGANIC","mg/L",20
"07/05/2005","S65E","CARBON, DISSOLVED ORGANIC","mg/L",8.5
"07/19/2005","S65E","CARBON, DISSOLVED ORGANIC","mg/L",7.5
"08/02/2005","S65E","CARBON, DISSOLVED ORGANIC","mg/L",7.5
"08/16/2005","S65E","CARBON, DISSOLVED ORGANIC","mg/L",15
"08/30/2005","S65E","CARBON, DISSOLVED ORGANIC","mg/L",15
"09/12/2005","S65E","CARBON, DISSOLVED ORGANIC","mg/L",9
"09/26/2005","S65E","CARBON, DISSOLVED ORGANIC","mg/L",16
"10/11/2005","S65E","CARBON, DISSOLVED ORGANIC","mg/L",14
"11/08/2005","S65E","CARBON, DISSOLVED ORGANIC","mg/L",7
"11/16/2005","S65E","CARBON, DISSOLVED ORGANIC","mg/L",14
"12/06/2005","S65E","CARBON, DISSOLVED ORGANIC","mg/L",14
"12/20/2005","S65E","CARBON, DISSOLVED ORGANIC","mg/L",14
"01/03/2006","S65E","CARBON, DISSOLVED ORGANIC","mg/L",13
"01/17/2006","S65E","CARBON, DISSOLVED ORGANIC","mg/L",13
"01/30/2006","S65E","CARBON, DISSOLVED ORGANIC","mg/L",15
"02/13/2006","S65E","CARBON, DISSOLVED ORGANIC","mg/L",7.5
"02/28/2006","S65E","CARBON, DISSOLVED ORGANIC","mg/L",15
"03/13/2006","S65E","CARBON, DISSOLVED ORGANIC","mg/L",8.5
"03/28/2006","S65E","CARBON, DISSOLVED ORGANIC","mg/L",15
"04/11/2006","S65E","CARBON, DISSOLVED ORGANIC","mg/L",7
"04/24/2006","S65E","CARBON, DISSOLVED ORGANIC","mg/L",14
"05/08/2006","S65E","CARBON, DISSOLVED ORGANIC","mg/L",15
"05/23/2006","S65E","CARBON, DISSOLVED ORGANIC","mg/L",8
"06/06/2006","S65E","CARBON, DISSOLVED ORGANIC","mg/L",8.8
"06/19/2006","S65E","CARBON, DISSOLVED ORGANIC","mg/L",8
"07/18/2006","S65E","CARBON, DISSOLVED ORGANIC","mg/L",13
"07/31/2006","S65E","CARBON, DISSOLVED ORGANIC","mg/L",6.5
"08/14/2006","S65E","CARBON, DISSOLVED ORGANIC","mg/L",15
"09/11/2006","S65E","CARBON, DISSOLVED ORGANIC","mg/L",9.33333333333333
"10/10/2006","S65E","CARBON, DISSOLVED ORGANIC","mg/L",26
"10/24/2006","S65E","CARBON, DISSOLVED ORGANIC","mg/L",26
"11/07/2006","S65E","CARBON, DISSOLVED ORGANIC","mg/L",26
"11/21/2006","S65E","CARBON, DISSOLVED ORGANIC","mg/L",26
"12/05/2006","S65E","CARBON, DISSOLVED ORGANIC","mg/L",14.1
"12/19/2006","S65E","CARBON, DISSOLVED ORGANIC","mg/L",17.25
"01/02/2007","S65E","CARBON, DISSOLVED ORGANIC","mg/L",10.5
"01/16/2007","S65E","CARBON, DISSOLVED ORGANIC","mg/L",22.8
"01/30/2007","S65E","CARBON, DISSOLVED ORGANIC","mg/L",12.35
"02/13/2007","S65E","CARBON, DISSOLVED ORGANIC","mg/L",22.6
"02/27/2007","S65E","CARBON, DISSOLVED ORGANIC","mg/L",22.2
"03/13/2007","S65E","CARBON, DISSOLVED ORGANIC","mg/L",18.05
"03/27/2007","S65E","CARBON, DISSOLVED ORGANIC","mg/L",21.4
"04/10/2007","S65E","CARBON, DISSOLVED ORGANIC","mg/L",21.7
"04/24/2007","S65E","CARBON, DISSOLVED ORGANIC","mg/L",20.9
"05/08/2007","S65E","CARBON, DISSOLVED ORGANIC","mg/L",6.05
"05/22/2007","S65E","CARBON, DISSOLVED ORGANIC","mg/L",19.9
"06/05/2007","S65E","CARBON, DISSOLVED ORGANIC","mg/L",11.72
"06/19/2007","S65E","CARBON, DISSOLVED ORGANIC","mg/L",19.1
"07/02/2007","S65E","CARBON, DISSOLVED ORGANIC","mg/L",19.9
"07/17/2007","S65E","CARBON, DISSOLVED ORGANIC","mg/L",19.9
"08/06/2007","S65E","CARBON, DISSOLVED ORGANIC","mg/L",12.55
"08/21/2007","S65E","CARBON, DISSOLVED ORGANIC","mg/L",28.8
"09/04/2007","S65E","CARBON, DISSOLVED ORGANIC","mg/L",11
"09/17/2007","S65E","CARBON, DISSOLVED ORGANIC","mg/L",16
"10/01/2007","S65E","CARBON, DISSOLVED ORGANIC","mg/L",17.7
"10/15/2007","S65E","CARBON, DISSOLVED ORGANIC","mg/L",9.3
"10/29/2007","S65E","CARBON, DISSOLVED ORGANIC","mg/L",21.8
"11/05/2007","S65E","CARBON, DISSOLVED ORGANIC","mg/L",23.2
"11/20/2007","S65E","CARBON, DISSOLVED ORGANIC","mg/L",20.7
"12/03/2007","S65E","CARBON, DISSOLVED ORGANIC","mg/L",10.6
"12/18/2007","S65E","CARBON, DISSOLVED ORGANIC","mg/L",17.2
"01/17/2008","S65E","CARBON, DISSOLVED ORGANIC","mg/L",15.2
"01/29/2008","S65E","CARBON, DISSOLVED ORGANIC","mg/L",6.15
"02/04/2008","S65E","CARBON, DISSOLVED ORGANIC","mg/L",12.6
"02/19/2008","S65E","CARBON, DISSOLVED ORGANIC","mg/L",14
"03/03/2008","S65E","CARBON, DISSOLVED ORGANIC","mg/L",9.8
"03/17/2008","S65E","CARBON, DISSOLVED ORGANIC","mg/L",6.3
"04/07/2008","S65E","CARBON, DISSOLVED ORGANIC","mg/L",16
"04/21/2008","S65E","CARBON, DISSOLVED ORGANIC","mg/L",18.2
"05/06/2008","S65E","CARBON, DISSOLVED ORGANIC","mg/L",14.5
"05/19/2008","S65E","CARBON, DISSOLVED ORGANIC","mg/L",6.95
"06/03/2008","S65E","CARBON, DISSOLVED ORGANIC","mg/L",8.94
"06/17/2008","S65E","CARBON, DISSOLVED ORGANIC","mg/L",16.4
"07/01/2008","S65E","CARBON, DISSOLVED ORGANIC","mg/L",6.7
"07/16/2008","S65E","CARBON, DISSOLVED ORGANIC","mg/L",10.85
"08/06/2008","S65E","CARBON, DISSOLVED ORGANIC","mg/L",28.7
"08/26/2008","S65E","CARBON, DISSOLVED ORGANIC","mg/L",18.8
"09/08/2008","S65E","CARBON, DISSOLVED ORGANIC","mg/L",10.06
"09/22/2008","S65E","CARBON, DISSOLVED ORGANIC","mg/L",18.8
"10/06/2008","S65E","CARBON, DISSOLVED ORGANIC","mg/L",8.35
"10/20/2008","S65E","CARBON, DISSOLVED ORGANIC","mg/L",12.15
"11/13/2008","S65E","CARBON, DISSOLVED ORGANIC","mg/L",8.45
"11/24/2008","S65E","CARBON, DISSOLVED ORGANIC","mg/L",18
"12/10/2008","S65E","CARBON, DISSOLVED ORGANIC","mg/L",10.1
"12/23/2008","S65E","CARBON, DISSOLVED ORGANIC","mg/L",7.4
"01/14/2009","S65E","CARBON, DISSOLVED ORGANIC","mg/L",8.85
"01/27/2009","S65E","CARBON, DISSOLVED ORGANIC","mg/L",15.7
"02/02/2009","S65E","CARBON, DISSOLVED ORGANIC","mg/L",17.5
"02/17/2009","S65E","CARBON, DISSOLVED ORGANIC","mg/L",17.8
"03/03/2009","S65E","CARBON, DISSOLVED ORGANIC","mg/L",10.12
"03/17/2009","S65E","CARBON, DISSOLVED ORGANIC","mg/L",16.7
"03/31/2009","S65E","CARBON, DISSOLVED ORGANIC","mg/L",7.2
"04/14/2009","S65E","CARBON, DISSOLVED ORGANIC","mg/L",7.15
"04/29/2009","S65E","CARBON, DISSOLVED ORGANIC","mg/L",17.5
"05/13/2009","S65E","CARBON, DISSOLVED ORGANIC","mg/L",7.75
"05/27/2009","S65E","CARBON, DISSOLVED ORGANIC","mg/L",16.9
"06/02/2009","S65E","CARBON, DISSOLVED ORGANIC","mg/L",8.95
"06/16/2009","S65E","CARBON, DISSOLVED ORGANIC","mg/L",6.06666666666667
"07/07/2009","S65E","CARBON, DISSOLVED ORGANIC","mg/L",9.55
"07/20/2009","S65E","CARBON, DISSOLVED ORGANIC","mg/L",21.1
"08/04/2009","S65E","CARBON, DISSOLVED ORGANIC","mg/L",8.65
"08/18/2009","S65E","CARBON, DISSOLVED ORGANIC","mg/L",8.9
"09/08/2009","S65E","CARBON, DISSOLVED ORGANIC","mg/L",9.45
"09/22/2009","S65E","CARBON, DISSOLVED ORGANIC","mg/L",12.3
"10/07/2009","S65E","CARBON, DISSOLVED ORGANIC","mg/L",10.75
"10/21/2009","S65E","CARBON, DISSOLVED ORGANIC","mg/L",9.45
"11/09/2009","S65E","CARBON, DISSOLVED ORGANIC","mg/L",9
"11/30/2009","S65E","CARBON, DISSOLVED ORGANIC","mg/L",8.5
"12/16/2009","S65E","CARBON, DISSOLVED ORGANIC","mg/L",7.85
"12/28/2009","S65E","CARBON, DISSOLVED ORGANIC","mg/L",8.15
"01/11/2010","S65E","CARBON, DISSOLVED ORGANIC","mg/L",19
"01/25/2010","S65E","CARBON, DISSOLVED ORGANIC","mg/L",16.7
"02/08/2010","S65E","CARBON, DISSOLVED ORGANIC","mg/L",17.4
"02/17/2010","S65E","CARBON, DISSOLVED ORGANIC","mg/L",17.2
"03/15/2010","S65E","CARBON, DISSOLVED ORGANIC","mg/L",10.52
"03/29/2010","S65E","CARBON, DISSOLVED ORGANIC","mg/L",18.1
"04/12/2010","S65E","CARBON, DISSOLVED ORGANIC","mg/L",10.85
"04/26/2010","S65E","CARBON, DISSOLVED ORGANIC","mg/L",19.9
"05/10/2010","S65E","CARBON, DISSOLVED ORGANIC","mg/L",8.15
"05/24/2010","S65E","CARBON, DISSOLVED ORGANIC","mg/L",17.6
"06/07/2010","S65E","CARBON, DISSOLVED ORGANIC","mg/L",11.775
"06/21/2010","S65E","CARBON, DISSOLVED ORGANIC","mg/L",17.1
"07/08/2010","S65E","CARBON, DISSOLVED ORGANIC","mg/L",7.9
"07/19/2010","S65E","CARBON, DISSOLVED ORGANIC","mg/L",22.6
"08/02/2010","S65E","CARBON, DISSOLVED ORGANIC","mg/L",24.8
"08/16/2010","S65E","CARBON, DISSOLVED ORGANIC","mg/L",19
"09/14/2010","S65E","CARBON, DISSOLVED ORGANIC","mg/L",17.9666666666667
"09/27/2010","S65E","CARBON, DISSOLVED ORGANIC","mg/L",19
"10/11/2010","S65E","CARBON, DISSOLVED ORGANIC","mg/L",17.4
"10/26/2010","S65E","CARBON, DISSOLVED ORGANIC","mg/L",16.4
"11/09/2010","S65E","CARBON, DISSOLVED ORGANIC","mg/L",17.6
"11/29/2010","S65E","CARBON, DISSOLVED ORGANIC","mg/L",15.1
"12/09/2010","S65E","CARBON, DISSOLVED ORGANIC","mg/L",14.4
"12/22/2010","S65E","CARBON, DISSOLVED ORGANIC","mg/L",14.2
"01/10/2011","S65E","CARBON, DISSOLVED ORGANIC","mg/L",12.7
"01/24/2011","S65E","CARBON, DISSOLVED ORGANIC","mg/L",13.2
"02/07/2011","S65E","CARBON, DISSOLVED ORGANIC","mg/L",13.2
"02/23/2011","S65E","CARBON, DISSOLVED ORGANIC","mg/L",13.5
"03/09/2011","S65E","CARBON, DISSOLVED ORGANIC","mg/L",15.8666666666667
"03/23/2011","S65E","CARBON, DISSOLVED ORGANIC","mg/L",12.2
"04/13/2011","S65E","CARBON, DISSOLVED ORGANIC","mg/L",13.3
"04/27/2011","S65E","CARBON, DISSOLVED ORGANIC","mg/L",13.2
"05/11/2011","S65E","CARBON, DISSOLVED ORGANIC","mg/L",12.2
"05/25/2011","S65E","CARBON, DISSOLVED ORGANIC","mg/L",11.8
"06/08/2011","S65E","CARBON, DISSOLVED ORGANIC","mg/L",12.3
"06/20/2011","S65E","CARBON, DISSOLVED ORGANIC","mg/L",13.3
"07/06/2011","S65E","CARBON, DISSOLVED ORGANIC","mg/L",14.9
"07/20/2011","S65E","CARBON, DISSOLVED ORGANIC","mg/L",28.1
"08/17/2011","S65E","CARBON, DISSOLVED ORGANIC","mg/L",23.6
"08/31/2011","S65E","CARBON, DISSOLVED ORGANIC","mg/L",21.1
"09/14/2011","S65E","CARBON, DISSOLVED ORGANIC","mg/L",17
"09/28/2011","S65E","CARBON, DISSOLVED ORGANIC","mg/L",19.5
"10/12/2011","S65E","CARBON, DISSOLVED ORGANIC","mg/L",12.9
"10/26/2011","S65E","CARBON, DISSOLVED ORGANIC","mg/L",15.1
"11/07/2011","S65E","CARBON, DISSOLVED ORGANIC","mg/L",17
"11/22/2011","S65E","CARBON, DISSOLVED ORGANIC","mg/L",17.2
"12/07/2011","S65E","CARBON, DISSOLVED ORGANIC","mg/L",16.6
"12/21/2011","S65E","CARBON, DISSOLVED ORGANIC","mg/L",16.2
"01/04/2012","S65E","CARBON, DISSOLVED ORGANIC","mg/L",16.4
"01/18/2012","S65E","CARBON, DISSOLVED ORGANIC","mg/L",15.4
"02/01/2012","S65E","CARBON, DISSOLVED ORGANIC","mg/L",14.9
"02/15/2012","S65E","CARBON, DISSOLVED ORGANIC","mg/L",16
"02/29/2012","S65E","CARBON, DISSOLVED ORGANIC","mg/L",15.3
"03/14/2012","S65E","CARBON, DISSOLVED ORGANIC","mg/L",15
"03/28/2012","S65E","CARBON, DISSOLVED ORGANIC","mg/L",16.7
"04/11/2012","S65E","CARBON, DISSOLVED ORGANIC","mg/L",15.8
"04/25/2012","S65E","CARBON, DISSOLVED ORGANIC","mg/L",16.1
"05/09/2012","S65E","CARBON, DISSOLVED ORGANIC","mg/L",16.6
"05/23/2012","S65E","CARBON, DISSOLVED ORGANIC","mg/L",16.1
"06/06/2012","S65E","CARBON, DISSOLVED ORGANIC","mg/L",14.2
"06/20/2012","S65E","CARBON, DISSOLVED ORGANIC","mg/L",15.3
"07/11/2012","S65E","CARBON, DISSOLVED ORGANIC","mg/L",23.6
"07/25/2012","S65E","CARBON, DISSOLVED ORGANIC","mg/L",20.2
"08/08/2012","S65E","CARBON, DISSOLVED ORGANIC","mg/L",20.1
"08/22/2012","S65E","CARBON, DISSOLVED ORGANIC","mg/L",17.5
"09/05/2012","S65E","CARBON, DISSOLVED ORGANIC","mg/L",21
"09/19/2012","S65E","CARBON, DISSOLVED ORGANIC","mg/L",19.6
"10/03/2012","S65E","CARBON, DISSOLVED ORGANIC","mg/L",18.5
"10/17/2012","S65E","CARBON, DISSOLVED ORGANIC","mg/L",17.1
"10/31/2012","S65E","CARBON, DISSOLVED ORGANIC","mg/L",20
"11/14/2012","S65E","CARBON, DISSOLVED ORGANIC","mg/L",20.2
"11/28/2012","S65E","CARBON, DISSOLVED ORGANIC","mg/L",17.8
"12/05/2012","S65E","CARBON, DISSOLVED ORGANIC","mg/L",18.2
"12/19/2012","S65E","CARBON, DISSOLVED ORGANIC","mg/L",15.8
"01/02/2013","S65E","CARBON, DISSOLVED ORGANIC","mg/L",18.8
"01/16/2013","S65E","CARBON, DISSOLVED ORGANIC","mg/L",17.2
"01/30/2013","S65E","CARBON, DISSOLVED ORGANIC","mg/L",17.4
"02/13/2013","S65E","CARBON, DISSOLVED ORGANIC","mg/L",16.2
"02/27/2013","S65E","CARBON, DISSOLVED ORGANIC","mg/L",15
"03/13/2013","S65E","CARBON, DISSOLVED ORGANIC","mg/L",14.9
"03/27/2013","S65E","CARBON, DISSOLVED ORGANIC","mg/L",14.6
"04/10/2013","S65E","CARBON, DISSOLVED ORGANIC","mg/L",14.3
"04/24/2013","S65E","CARBON, DISSOLVED ORGANIC","mg/L",14.3
"05/08/2013","S65E","CARBON, DISSOLVED ORGANIC","mg/L",13.6
"05/22/2013","S65E","CARBON, DISSOLVED ORGANIC","mg/L",14.8
"06/05/2013","S65E","CARBON, DISSOLVED ORGANIC","mg/L",14.1
"06/19/2013","S65E","CARBON, DISSOLVED ORGANIC","mg/L",21.9
"07/02/2013","S65E","CARBON, DISSOLVED ORGANIC","mg/L",18.5
"07/17/2013","S65E","CARBON, DISSOLVED ORGANIC","mg/L",18.3
"07/31/2013","S65E","CARBON, DISSOLVED ORGANIC","mg/L",17.6
"08/14/2013","S65E","CARBON, DISSOLVED ORGANIC","mg/L",18.1
"08/28/2013","S65E","CARBON, DISSOLVED ORGANIC","mg/L",15.1
"09/11/2013","S65E","CARBON, DISSOLVED ORGANIC","mg/L",18.1
"09/25/2013","S65E","CARBON, DISSOLVED ORGANIC","mg/L",20.2
"10/09/2013","S65E","CARBON, DISSOLVED ORGANIC","mg/L",19.1
"10/23/2013","S65E","CARBON, DISSOLVED ORGANIC","mg/L",19.5
"11/06/2013","S65E","CARBON, DISSOLVED ORGANIC","mg/L",19.3
"11/20/2013","S65E","CARBON, DISSOLVED ORGANIC","mg/L",17.2
"12/04/2013","S65E","CARBON, DISSOLVED ORGANIC","mg/L",18.1
"12/18/2013","S65E","CARBON, DISSOLVED ORGANIC","mg/L",16.8
"12/30/2013","S65E","CARBON, DISSOLVED ORGANIC","mg/L",16.5
"01/15/2014","S65E","CARBON, DISSOLVED ORGANIC","mg/L",16.7
"01/29/2014","S65E","CARBON, DISSOLVED ORGANIC","mg/L",15.8
"02/12/2014","S65E","CARBON, DISSOLVED ORGANIC","mg/L",15.8
"02/26/2014","S65E","CARBON, DISSOLVED ORGANIC","mg/L",17
"03/12/2014","S65E","CARBON, DISSOLVED ORGANIC","mg/L",16.5
"03/26/2014","S65E","CARBON, DISSOLVED ORGANIC","mg/L",16.8
"04/09/2014","S65E","CARBON, DISSOLVED ORGANIC","mg/L",15.4
"04/23/2014","S65E","CARBON, DISSOLVED ORGANIC","mg/L",15.7
"05/07/2014","S65E","CARBON, DISSOLVED ORGANIC","mg/L",16.1
"05/21/2014","S65E","CARBON, DISSOLVED ORGANIC","mg/L",15.9
"06/04/2014","S65E","CARBON, DISSOLVED ORGANIC","mg/L",16
"06/18/2014","S65E","CARBON, DISSOLVED ORGANIC","mg/L",16.2
"07/01/2014","S65E","CARBON, DISSOLVED ORGANIC","mg/L",24.4
"07/16/2014","S65E","CARBON, DISSOLVED ORGANIC","mg/L",22.9
"07/30/2014","S65E","CARBON, DISSOLVED ORGANIC","mg/L",17.8
"08/13/2014","S65E","CARBON, DISSOLVED ORGANIC","mg/L",18
"08/27/2014","S65E","CARBON, DISSOLVED ORGANIC","mg/L",18.3
"09/10/2014","S65E","CARBON, DISSOLVED ORGANIC","mg/L",18.9
"09/24/2014","S65E","CARBON, DISSOLVED ORGANIC","mg/L",20.7
"10/08/2014","S65E","CARBON, DISSOLVED ORGANIC","mg/L",18.2
"10/22/2014","S65E","CARBON, DISSOLVED ORGANIC","mg/L",18.7
"11/05/2014","S65E","CARBON, DISSOLVED ORGANIC","mg/L",17.8
"11/19/2014","S65E","CARBON, DISSOLVED ORGANIC","mg/L",16.6
"12/03/2014","S65E","CARBON, DISSOLVED ORGANIC","mg/L",15
"12/17/2014","S65E","CARBON, DISSOLVED ORGANIC","mg/L",15.9
"12/30/2014","S65E","CARBON, DISSOLVED ORGANIC","mg/L",15.2
"01/14/2015","S65E","CARBON, DISSOLVED ORGANIC","mg/L",15.3
"01/28/2015","S65E","CARBON, DISSOLVED ORGANIC","mg/L",14.1
"02/11/2015","S65E","CARBON, DISSOLVED ORGANIC","mg/L",15.8
"02/25/2015","S65E","CARBON, DISSOLVED ORGANIC","mg/L",17.8
"03/11/2015","S65E","CARBON, DISSOLVED ORGANIC","mg/L",17
"03/25/2015","S65E","CARBON, DISSOLVED ORGANIC","mg/L",16.4
"04/08/2015","S65E","CARBON, DISSOLVED ORGANIC","mg/L",17.6
"04/22/2015","S65E","CARBON, DISSOLVED ORGANIC","mg/L",16.6
"05/06/2015","S65E","CARBON, DISSOLVED ORGANIC","mg/L",16
"05/20/2015","S65E","CARBON, DISSOLVED ORGANIC","mg/L",16.6
"06/03/2015","S65E","CARBON, DISSOLVED ORGANIC","mg/L",17.4
"06/17/2015","S65E","CARBON, DISSOLVED ORGANIC","mg/L",16.3
"07/01/2015","S65E","CARBON, DISSOLVED ORGANIC","mg/L",15.4
"07/15/2015","S65E","CARBON, DISSOLVED ORGANIC","mg/L",15
"07/29/2015","S65E","CARBON, DISSOLVED ORGANIC","mg/L",16.8
"08/12/2015","S65E","CARBON, DISSOLVED ORGANIC","mg/L",19.4
"08/26/2015","S65E","CARBON, DISSOLVED ORGANIC","mg/L",17.7
"09/09/2015","S65E","CARBON, DISSOLVED ORGANIC","mg/L",16.5
"09/23/2015","S65E","CARBON, DISSOLVED ORGANIC","mg/L",18
"10/07/2015","S65E","CARBON, DISSOLVED ORGANIC","mg/L",17
"10/21/2015","S65E","CARBON, DISSOLVED ORGANIC","mg/L",15.9
"11/04/2015","S65E","CARBON, DISSOLVED ORGANIC","mg/L",15.4
"11/18/2015","S65E","CARBON, DISSOLVED ORGANIC","mg/L",16.8
"12/02/2015","S65E","CARBON, DISSOLVED ORGANIC","mg/L",19.2
"01/09/2017","S65E","CARBON, DISSOLVED ORGANIC","mg/L",13
"01/23/2017","S65E","CARBON, DISSOLVED ORGANIC","mg/L",13.2
"02/06/2017","S65E","CARBON, DISSOLVED ORGANIC","mg/L",13
"02/20/2017","S65E","CARBON, DISSOLVED ORGANIC","mg/L",13.5
"03/06/2017","S65E","CARBON, DISSOLVED ORGANIC","mg/L",12.9
"03/20/2017","S65E","CARBON, DISSOLVED ORGANIC","mg/L",12.4333333333333
"04/17/2017","S65E","CARBON, DISSOLVED ORGANIC","mg/L",13.4
"04/24/2017","S65E","CARBON, DISSOLVED ORGANIC","mg/L",12.6
"05/01/2017","S65E","CARBON, DISSOLVED ORGANIC","mg/L",12.9
"05/08/2017","S65E","CARBON, DISSOLVED ORGANIC","mg/L",13.6
"06/05/2017","S65E","CARBON, DISSOLVED ORGANIC","mg/L",14.4
"06/12/2017","S65E","CARBON, DISSOLVED ORGANIC","mg/L",13.2
"06/19/2017","S65E","CARBON, DISSOLVED ORGANIC","mg/L",17.3
"07/05/2017","S65E","CARBON, DISSOLVED ORGANIC","mg/L",33.8
"07/17/2017","S65E","CARBON, DISSOLVED ORGANIC","mg/L",24.2
"08/01/2017","S65E","CARBON, DISSOLVED ORGANIC","mg/L",25
"08/14/2017","S65E","CARBON, DISSOLVED ORGANIC","mg/L",26.7
"08/28/2017","S65E","CARBON, DISSOLVED ORGANIC","mg/L",21.8
"09/13/2017","S65E","CARBON, DISSOLVED ORGANIC","mg/L",18.4
"09/25/2017","S65E","CARBON, DISSOLVED ORGANIC","mg/L",16.6
"10/09/2017","S65E","CARBON, DISSOLVED ORGANIC","mg/L",19.9
"10/23/2017","S65E","CARBON, DISSOLVED ORGANIC","mg/L",19.5
"11/06/2017","S65E","CARBON, DISSOLVED ORGANIC","mg/L",19
"11/20/2017","S65E","CARBON, DISSOLVED ORGANIC","mg/L",19.4
"12/04/2017","S65E","CARBON, DISSOLVED ORGANIC","mg/L",17.5
"01/16/2018","S65E","CARBON, DISSOLVED ORGANIC","mg/L",15.3
"02/12/2018","S65E","CARBON, DISSOLVED ORGANIC","mg/L",15
"03/12/2018","S65E","CARBON, DISSOLVED ORGANIC","mg/L",18.2
"03/26/2018","S65E","CARBON, DISSOLVED ORGANIC","mg/L",17.6
"04/23/2018","S65E","CARBON, DISSOLVED ORGANIC","mg/L",14.9
"05/07/2018","S65E","CARBON, DISSOLVED ORGANIC","mg/L",15.6
"05/21/2018","S65E","CARBON, DISSOLVED ORGANIC","mg/L",14.8
"06/18/2018","S65E","CARBON, DISSOLVED ORGANIC","mg/L",28.9
"07/02/2018","S65E","CARBON, DISSOLVED ORGANIC","mg/L",22.1
"07/16/2018","S65E","CARBON, DISSOLVED ORGANIC","mg/L",20.8
"07/30/2018","S65E","CARBON, DISSOLVED ORGANIC","mg/L",16.5
"08/06/2018","S65E","CARBON, DISSOLVED ORGANIC","mg/L",17.6
"08/20/2018","S65E","CARBON, DISSOLVED ORGANIC","mg/L",16.9
"09/04/2018","S65E","CARBON, DISSOLVED ORGANIC","mg/L",18
"09/17/2018","S65E","CARBON, DISSOLVED ORGANIC","mg/L",18.9
"10/01/2018","S65E","CARBON, DISSOLVED ORGANIC","mg/L",19.1
"10/04/2018","S65E","CARBON, DISSOLVED ORGANIC","mg/L",19
"10/15/2018","S65E","CARBON, DISSOLVED ORGANIC","mg/L",17.5
"10/29/2018","S65E","CARBON, DISSOLVED ORGANIC","mg/L",18
"11/13/2018","S65E","CARBON, DISSOLVED ORGANIC","mg/L",17.3
"11/26/2018","S65E","CARBON, DISSOLVED ORGANIC","mg/L",16.6333333333333
"12/11/2018","S65E","CARBON, DISSOLVED ORGANIC","mg/L",16.4
"12/26/2018","S65E","CARBON, DISSOLVED ORGANIC","mg/L",15.4
"01/07/2019","S65E","CARBON, DISSOLVED ORGANIC","mg/L",15.6
"01/22/2019","S65E","CARBON, DISSOLVED ORGANIC","mg/L",15.1
"02/04/2019","S65E","CARBON, DISSOLVED ORGANIC","mg/L",14.8
"02/18/2019","S65E","CARBON, DISSOLVED ORGANIC","mg/L",19
"03/04/2019","S65E","CARBON, DISSOLVED ORGANIC","mg/L",17.5666666666667
"03/06/2019","S65E","CARBON, DISSOLVED ORGANIC","mg/L",16.9
"03/18/2019","S65E","CARBON, DISSOLVED ORGANIC","mg/L",14.4
"04/08/2019","S65E","CARBON, DISSOLVED ORGANIC","mg/L",16.3
"04/22/2019","S65E","CARBON, DISSOLVED ORGANIC","mg/L",15.5
"05/06/2019","S65E","CARBON, DISSOLVED ORGANIC","mg/L",15.7
"05/20/2019","S65E","CARBON, DISSOLVED ORGANIC","mg/L",14.3
"06/03/2019","S65E","CARBON, DISSOLVED ORGANIC","mg/L",14.1
"06/17/2019","S65E","CARBON, DISSOLVED ORGANIC","mg/L",13.7
"06/20/2019","S65E","CARBON, DISSOLVED ORGANIC","mg/L",14.3
"07/01/2019","S65E","CARBON, DISSOLVED ORGANIC","mg/L",37.2
"07/15/2019","S65E","CARBON, DISSOLVED ORGANIC","mg/L",26.6
"07/29/2019","S65E","CARBON, DISSOLVED ORGANIC","mg/L",16.9
"08/12/2019","S65E","CARBON, DISSOLVED ORGANIC","mg/L",24.2
"08/26/2019","S65E","CARBON, DISSOLVED ORGANIC","mg/L",19.6
"09/09/2019","S65E","CARBON, DISSOLVED ORGANIC","mg/L",16
"09/23/2019","S65E","CARBON, DISSOLVED ORGANIC","mg/L",19.4
"10/08/2019","S65E","CARBON, DISSOLVED ORGANIC","mg/L",16.5
"10/21/2019","S65E","CARBON, DISSOLVED ORGANIC","mg/L",14.8
"11/04/2019","S65E","CARBON, DISSOLVED ORGANIC","mg/L",15.1
"11/18/2019","S65E","CARBON, DISSOLVED ORGANIC","mg/L",16.3
"12/02/2019","S65E","CARBON, DISSOLVED ORGANIC","mg/L",15.1
"12/16/2019","S65E","CARBON, DISSOLVED ORGANIC","mg/L",15.2
"12/30/2019","S65E","CARBON, DISSOLVED ORGANIC","mg/L",15.3
"01/13/2020","S65E","CARBON, DISSOLVED ORGANIC","mg/L",19.6
"01/27/2020","S65E","CARBON, DISSOLVED ORGANIC","mg/L",16.7
"02/10/2020","S65E","CARBON, DISSOLVED ORGANIC","mg/L",14.7
"02/24/2020","S65E","CARBON, DISSOLVED ORGANIC","mg/L",15.4
"03/09/2020","S65E","CARBON, DISSOLVED ORGANIC","mg/L",14.8
"03/23/2020","S65E","CARBON, DISSOLVED ORGANIC","mg/L",15.9
"04/06/2020","S65E","CARBON, DISSOLVED ORGANIC","mg/L",15.4
"04/20/2020","S65E","CARBON, DISSOLVED ORGANIC","mg/L",15
"05/04/2020","S65E","CARBON, DISSOLVED ORGANIC","mg/L",14.8
"05/18/2020","S65E","CARBON, DISSOLVED ORGANIC","mg/L",14.3
"06/01/2020","S65E","CARBON, DISSOLVED ORGANIC","mg/L",14.1
"06/15/2020","S65E","CARBON, DISSOLVED ORGANIC","mg/L",33.8
"06/29/2020","S65E","CARBON, DISSOLVED ORGANIC","mg/L",26.6
"07/13/2020","S65E","CARBON, DISSOLVED ORGANIC","mg/L",18
"07/27/2020","S65E","CARBON, DISSOLVED ORGANIC","mg/L",17.2
"08/10/2020","S65E","CARBON, DISSOLVED ORGANIC","mg/L",17.9
"08/24/2020","S65E","CARBON, DISSOLVED ORGANIC","mg/L",16.5
"09/08/2020","S65E","CARBON, DISSOLVED ORGANIC","mg/L",16.5
"09/21/2020","S65E","CARBON, DISSOLVED ORGANIC","mg/L",18.6
"10/05/2020","S65E","CARBON, DISSOLVED ORGANIC","mg/L",18.9
"10/19/2020","S65E","CARBON, DISSOLVED ORGANIC","mg/L",18.7
"11/02/2020","S65E","CARBON, DISSOLVED ORGANIC","mg/L",19.9
"11/16/2020","S65E","CARBON, DISSOLVED ORGANIC","mg/L",22.2
"11/30/2020","S65E","CARBON, DISSOLVED ORGANIC","mg/L",18
"12/14/2020","S65E","CARBON, DISSOLVED ORGANIC","mg/L",16.4
"12/28/2020","S65E","CARBON, DISSOLVED ORGANIC","mg/L",16.2
"01/11/2021","S65E","CARBON, DISSOLVED ORGANIC","mg/L",15.7
"01/25/2021","S65E","CARBON, DISSOLVED ORGANIC","mg/L",13.8
"02/08/2021","S65E","CARBON, DISSOLVED ORGANIC","mg/L",12
"02/22/2021","S65E","CARBON, DISSOLVED ORGANIC","mg/L",12.5
"03/08/2021","S65E","CARBON, DISSOLVED ORGANIC","mg/L",13.5
"03/22/2021","S65E","CARBON, DISSOLVED ORGANIC","mg/L",11.7
"04/05/2021","S65E","CARBON, DISSOLVED ORGANIC","mg/L",14.1
"04/19/2021","S65E","CARBON, DISSOLVED ORGANIC","mg/L",13.3
"05/03/2021","S65E","CARBON, DISSOLVED ORGANIC","mg/L",14.4
"05/17/2021","S65E","CARBON, DISSOLVED ORGANIC","mg/L",14.4
"06/01/2021","S65E","CARBON, DISSOLVED ORGANIC","mg/L",14.7
"06/14/2021","S65E","CARBON, DISSOLVED ORGANIC","mg/L",15.1
"06/28/2021","S65E","CARBON, DISSOLVED ORGANIC","mg/L",14
"07/12/2021","S65E","CARBON, DISSOLVED ORGANIC","mg/L",19.7
"07/26/2021","S65E","CARBON, DISSOLVED ORGANIC","mg/L",17
"08/09/2021","S65E","CARBON, DISSOLVED ORGANIC","mg/L",18.7
"08/23/2021","S65E","CARBON, DISSOLVED ORGANIC","mg/L",20.9
"09/07/2021","S65E","CARBON, DISSOLVED ORGANIC","mg/L",17.5
"09/20/2021","S65E","CARBON, DISSOLVED ORGANIC","mg/L",18.8
"10/04/2021","S65E","CARBON, DISSOLVED ORGANIC","mg/L",20.6
"10/18/2021","S65E","CARBON, DISSOLVED ORGANIC","mg/L",18.3
"11/01/2021","S65E","CARBON, DISSOLVED ORGANIC","mg/L",16.6
"11/15/2021","S65E","CARBON, DISSOLVED ORGANIC","mg/L",16.2
"11/29/2021","S65E","CARBON, DISSOLVED ORGANIC","mg/L",17.9
"12/13/2021","S65E","CARBON, DISSOLVED ORGANIC","mg/L",17.1
"12/27/2021","S65E","CARBON, DISSOLVED ORGANIC","mg/L",15
"01/10/2022","S65E","CARBON, DISSOLVED ORGANIC","mg/L",14.4
"01/24/2022","S65E","CARBON, DISSOLVED ORGANIC","mg/L",14.3
"02/07/2022","S65E","CARBON, DISSOLVED ORGANIC","mg/L",13.8
"02/21/2022","S65E","CARBON, DISSOLVED ORGANIC","mg/L",15.2
"03/07/2022","S65E","CARBON, DISSOLVED ORGANIC","mg/L",15.6
"03/21/2022","S65E","CARBON, DISSOLVED ORGANIC","mg/L",14.2
"04/04/2022","S65E","CARBON, DISSOLVED ORGANIC","mg/L",14
"04/18/2022","S65E","CARBON, DISSOLVED ORGANIC","mg/L",14.2
"05/02/2022","S65E","CARBON, DISSOLVED ORGANIC","mg/L",19.1
"05/16/2022","S65E","CARBON, DISSOLVED ORGANIC","mg/L",17.6
"05/31/2022","S65E","CARBON, DISSOLVED ORGANIC","mg/L",14.6
"06/13/2022","S65E","CARBON, DISSOLVED ORGANIC","mg/L",14.7
"06/27/2022","S65E","CARBON, DISSOLVED ORGANIC","mg/L",15
"07/11/2022","S65E","CARBON, DISSOLVED ORGANIC","mg/L",16.9
"07/25/2022","S65E","CARBON, DISSOLVED ORGANIC","mg/L",19.2
"08/08/2022","S65E","CARBON, DISSOLVED ORGANIC","mg/L",22.2
"08/22/2022","S65E","CARBON, DISSOLVED ORGANIC","mg/L",24.7
"09/06/2022","S65E","CARBON, DISSOLVED ORGANIC","mg/L",24.8
"09/19/2022","S65E","CARBON, DISSOLVED ORGANIC","mg/L",26.3
"10/03/2022","S65E","CARBON, DISSOLVED ORGANIC","mg/L",21.2
"10/17/2022","S65E","CARBON, DISSOLVED ORGANIC","mg/L",17.7
"10/31/2022","S65E","CARBON, DISSOLVED ORGANIC","mg/L",19
"11/14/2022","S65E","CARBON, DISSOLVED ORGANIC","mg/L",18.7
"11/28/2022","S65E","CARBON, DISSOLVED ORGANIC","mg/L",18.5
"12/12/2022","S65E","CARBON, DISSOLVED ORGANIC","mg/L",18.1
"12/27/2022","S65E","CARBON, DISSOLVED ORGANIC","mg/L",16.6
"01/09/2023","S65E","CARBON, DISSOLVED ORGANIC","mg/L",16.4
"01/23/2023","S65E","CARBON, DISSOLVED ORGANIC","mg/L",15.4
"02/06/2023","S65E","CARBON, DISSOLVED ORGANIC","mg/L",17
"02/20/2023","S65E","CARBON, DISSOLVED ORGANIC","mg/L",17.4
"03/06/2023","S65E","CARBON, DISSOLVED ORGANIC","mg/L",17.1
"03/20/2023","S65E","CARBON, DISSOLVED ORGANIC","mg/L",16.7
"04/03/2023","S65E","CARBON, DISSOLVED ORGANIC","mg/L",15.6
"04/17/2023","S65E","CARBON, DISSOLVED ORGANIC","mg/L",17.4
"05/01/2023","S65E","CARBON, DISSOLVED ORGANIC","mg/L",15.8
"04/08/1974","S65E","CARBON, TOTAL","mg/L",11.2
"08/13/1974","S65E","CARBON, TOTAL","mg/L",24.25
"11/05/1974","S65E","CARBON, TOTAL","mg/L",22.7
"06/22/1976","S65E","CARBON, TOTAL","mg/L",30.4
"06/25/1976","S65E","CARBON, TOTAL","mg/L",29.2
"07/20/1976","S65E","CARBON, TOTAL","mg/L",25
"08/24/1976","S65E","CARBON, TOTAL","mg/L",18
"09/21/1976","S65E","CARBON, TOTAL","mg/L",11.6
"10/19/1976","S65E","CARBON, TOTAL","mg/L",18.55
"12/06/1976","S65E","CARBON, TOTAL","mg/L",16.9
"01/25/1977","S65E","CARBON, TOTAL","mg/L",20.85
"03/21/1977","S65E","CARBON, TOTAL","mg/L",23.8
"05/23/1977","S65E","CARBON, TOTAL","mg/L",44.15
"07/25/1977","S65E","CARBON, TOTAL","mg/L",13.8
"09/15/2008","S65E","CARBON, TOTAL","%",1.8
"02/23/2009","S65E","CARBON, TOTAL","%",3.8
"08/03/2009","S65E","CARBON, TOTAL","%",4.9
"03/22/2010","S65E","CARBON, TOTAL","%",0.29
"12/06/2010","S65E","CARBON, TOTAL","%",0.37
"04/25/2011","S65E","CARBON, TOTAL","%",6.3
"06/22/1976","S65E","CARBON, TOTAL INORGANIC","mg/L",6.3
"06/25/1976","S65E","CARBON, TOTAL INORGANIC","mg/L",2.3
"12/06/1976","S65E","CARBON, TOTAL INORGANIC","mg/L",0.75
"01/25/1977","S65E","CARBON, TOTAL INORGANIC","mg/L",1.4
"03/21/1977","S65E","CARBON, TOTAL INORGANIC","mg/L",2.45
"05/23/1977","S65E","CARBON, TOTAL INORGANIC","mg/L",0.2
"07/25/1977","S65E","CARBON, TOTAL INORGANIC","mg/L",4.1
"12/01/1977","S65E","CARBON, TOTAL ORGANIC","mg/L",18.5
"01/24/1978","S65E","CARBON, TOTAL ORGANIC","mg/L",7.1
"05/30/1978","S65E","CARBON, TOTAL ORGANIC","mg/L",15.1
"06/21/1978","S65E","CARBON, TOTAL ORGANIC","mg/L",13.4
"07/25/1978","S65E","CARBON, TOTAL ORGANIC","mg/L",17.7
"08/22/1978","S65E","CARBON, TOTAL ORGANIC","mg/L",12.25
"09/18/1978","S65E","CARBON, TOTAL ORGANIC","mg/L",12.8
"10/09/1978","S65E","CARBON, TOTAL ORGANIC","mg/L",15.85
"10/17/1978","S65E","CARBON, TOTAL ORGANIC","mg/L",16.8
"10/23/1978","S65E","CARBON, TOTAL ORGANIC","mg/L",14.3
"11/14/1978","S65E","CARBON, TOTAL ORGANIC","mg/L",18.2
"11/20/1978","S65E","CARBON, TOTAL ORGANIC","mg/L",17.5
"12/04/1978","S65E","CARBON, TOTAL ORGANIC","mg/L",18.8
"12/12/1978","S65E","CARBON, TOTAL ORGANIC","mg/L",16.55
"12/19/1978","S65E","CARBON, TOTAL ORGANIC","mg/L",16.7
"01/08/1979","S65E","CARBON, TOTAL ORGANIC","mg/L",15.8
"01/22/1979","S65E","CARBON, TOTAL ORGANIC","mg/L",18.8
"01/23/1979","S65E","CARBON, TOTAL ORGANIC","mg/L",17.35
"02/05/1979","S65E","CARBON, TOTAL ORGANIC","mg/L",16.2
"02/20/1979","S65E","CARBON, TOTAL ORGANIC","mg/L",16.7333333333333
"03/05/1979","S65E","CARBON, TOTAL ORGANIC","mg/L",15
"03/19/1979","S65E","CARBON, TOTAL ORGANIC","mg/L",13.2666666666667
"04/02/1979","S65E","CARBON, TOTAL ORGANIC","mg/L",15.8
"04/16/1979","S65E","CARBON, TOTAL ORGANIC","mg/L",15.6
"04/24/1979","S65E","CARBON, TOTAL ORGANIC","mg/L",13.5
"04/30/1979","S65E","CARBON, TOTAL ORGANIC","mg/L",11.85
"05/14/1979","S65E","CARBON, TOTAL ORGANIC","mg/L",3.5
"05/29/1979","S65E","CARBON, TOTAL ORGANIC","mg/L",93.9
"06/11/1979","S65E","CARBON, TOTAL ORGANIC","mg/L",10.8
"06/18/1979","S65E","CARBON, TOTAL ORGANIC","mg/L",14.1
"06/25/1979","S65E","CARBON, TOTAL ORGANIC","mg/L",13.4
"07/09/1979","S65E","CARBON, TOTAL ORGANIC","mg/L",12.7
"07/17/1979","S65E","CARBON, TOTAL ORGANIC","mg/L",14.8
"07/23/1979","S65E","CARBON, TOTAL ORGANIC","mg/L",5.6
"08/06/1979","S65E","CARBON, TOTAL ORGANIC","mg/L",14.8
"09/18/1979","S65E","CARBON, TOTAL ORGANIC","mg/L",19.5
"10/01/1979","S65E","CARBON, TOTAL ORGANIC","mg/L",19.3
"10/02/1979","S65E","CARBON, TOTAL ORGANIC","mg/L",20.1
"10/29/1979","S65E","CARBON, TOTAL ORGANIC","mg/L",10.8
"11/13/1979","S65E","CARBON, TOTAL ORGANIC","mg/L",13
"12/11/1979","S65E","CARBON, TOTAL ORGANIC","mg/L",13.6
"01/08/1980","S65E","CARBON, TOTAL ORGANIC","mg/L",16.9
"01/22/1980","S65E","CARBON, TOTAL ORGANIC","mg/L",16.6
"02/19/1980","S65E","CARBON, TOTAL ORGANIC","mg/L",14.1
"03/04/1980","S65E","CARBON, TOTAL ORGANIC","mg/L",18.4
"03/18/1980","S65E","CARBON, TOTAL ORGANIC","mg/L",16.2
"04/02/1980","S65E","CARBON, TOTAL ORGANIC","mg/L",15.3
"04/30/1980","S65E","CARBON, TOTAL ORGANIC","mg/L",17.7
"05/12/1980","S65E","CARBON, TOTAL ORGANIC","mg/L",18.5333333333333
"05/13/1980","S65E","CARBON, TOTAL ORGANIC","mg/L",16.3
"05/28/1980","S65E","CARBON, TOTAL ORGANIC","mg/L",17
"06/09/1980","S65E","CARBON, TOTAL ORGANIC","mg/L",16.05
"06/25/1980","S65E","CARBON, TOTAL ORGANIC","mg/L",15.4
"07/07/1980","S65E","CARBON, TOTAL ORGANIC","mg/L",17.7
"07/08/1980","S65E","CARBON, TOTAL ORGANIC","mg/L",43.4
"07/24/1980","S65E","CARBON, TOTAL ORGANIC","mg/L",17.8
"08/04/1980","S65E","CARBON, TOTAL ORGANIC","mg/L",19.5
"08/20/1980","S65E","CARBON, TOTAL ORGANIC","mg/L",17.6
"09/02/1980","S65E","CARBON, TOTAL ORGANIC","mg/L",15.6
"09/03/1980","S65E","CARBON, TOTAL ORGANIC","mg/L",15.6
"09/17/1980","S65E","CARBON, TOTAL ORGANIC","mg/L",17.7
"09/30/1980","S65E","CARBON, TOTAL ORGANIC","mg/L",17.7
"10/01/1980","S65E","CARBON, TOTAL ORGANIC","mg/L",20.3
"10/14/1980","S65E","CARBON, TOTAL ORGANIC","mg/L",20.1
"10/28/1980","S65E","CARBON, TOTAL ORGANIC","mg/L",16.9
"10/29/1980","S65E","CARBON, TOTAL ORGANIC","mg/L",16.3
"11/12/1980","S65E","CARBON, TOTAL ORGANIC","mg/L",19.7
"11/25/1980","S65E","CARBON, TOTAL ORGANIC","mg/L",18.2
"12/02/1980","S65E","CARBON, TOTAL ORGANIC","mg/L",16.1333333333333
"12/23/1980","S65E","CARBON, TOTAL ORGANIC","mg/L",16.2
"12/31/1980","S65E","CARBON, TOTAL ORGANIC","mg/L",15.8
"01/14/1981","S65E","CARBON, TOTAL ORGANIC","mg/L",14.9
"01/20/1981","S65E","CARBON, TOTAL ORGANIC","mg/L",15.2
"01/27/1981","S65E","CARBON, TOTAL ORGANIC","mg/L",15.8
"02/11/1981","S65E","CARBON, TOTAL ORGANIC","mg/L",11.8
"02/17/1981","S65E","CARBON, TOTAL ORGANIC","mg/L",13.2
"02/24/1981","S65E","CARBON, TOTAL ORGANIC","mg/L",13.6
"03/11/1981","S65E","CARBON, TOTAL ORGANIC","mg/L",15.7
"03/16/1981","S65E","CARBON, TOTAL ORGANIC","mg/L",15.9
"03/24/1981","S65E","CARBON, TOTAL ORGANIC","mg/L",15
"04/08/1981","S65E","CARBON, TOTAL ORGANIC","mg/L",20.7
"04/13/1981","S65E","CARBON, TOTAL ORGANIC","mg/L",25.1333333333333
"04/21/1981","S65E","CARBON, TOTAL ORGANIC","mg/L",18.8
"05/06/1981","S65E","CARBON, TOTAL ORGANIC","mg/L",15.7
"05/11/1981","S65E","CARBON, TOTAL ORGANIC","mg/L",17
"05/19/1981","S65E","CARBON, TOTAL ORGANIC","mg/L",18
"06/02/1981","S65E","CARBON, TOTAL ORGANIC","mg/L",14.4
"06/08/1981","S65E","CARBON, TOTAL ORGANIC","mg/L",20.8
"06/17/1981","S65E","CARBON, TOTAL ORGANIC","mg/L",15.4
"06/30/1981","S65E","CARBON, TOTAL ORGANIC","mg/L",15.1
"07/06/1981","S65E","CARBON, TOTAL ORGANIC","mg/L",15.7
"07/16/1981","S65E","CARBON, TOTAL ORGANIC","mg/L",17.2
"07/28/1981","S65E","CARBON, TOTAL ORGANIC","mg/L",15.1
"08/03/1981","S65E","CARBON, TOTAL ORGANIC","mg/L",16.1
"08/12/1981","S65E","CARBON, TOTAL ORGANIC","mg/L",15.8
"08/25/1981","S65E","CARBON, TOTAL ORGANIC","mg/L",23.5666666666667
"08/31/1981","S65E","CARBON, TOTAL ORGANIC","mg/L",15.6
"09/10/1981","S65E","CARBON, TOTAL ORGANIC","mg/L",18.1
"09/23/1981","S65E","CARBON, TOTAL ORGANIC","mg/L",32.2
"09/28/1981","S65E","CARBON, TOTAL ORGANIC","mg/L",27.1333333333333
"10/06/1981","S65E","CARBON, TOTAL ORGANIC","mg/L",29.2
"10/20/1981","S65E","CARBON, TOTAL ORGANIC","mg/L",28.4
"10/26/1981","S65E","CARBON, TOTAL ORGANIC","mg/L",27.2
"11/04/1981","S65E","CARBON, TOTAL ORGANIC","mg/L",26.1
"11/23/1981","S65E","CARBON, TOTAL ORGANIC","mg/L",27.4333333333333
"12/02/1981","S65E","CARBON, TOTAL ORGANIC","mg/L",23.7
"12/21/1981","S65E","CARBON, TOTAL ORGANIC","mg/L",27.5
"12/29/1981","S65E","CARBON, TOTAL ORGANIC","mg/L",25.3
"01/18/1982","S65E","CARBON, TOTAL ORGANIC","mg/L",22.3
"02/16/1982","S65E","CARBON, TOTAL ORGANIC","mg/L",22.7
"02/24/1982","S65E","CARBON, TOTAL ORGANIC","mg/L",22.7
"03/09/1982","S65E","CARBON, TOTAL ORGANIC","mg/L",20.7
"03/15/1982","S65E","CARBON, TOTAL ORGANIC","mg/L",29.9
"04/05/1982","S65E","CARBON, TOTAL ORGANIC","mg/L",23.5
"04/12/1982","S65E","CARBON, TOTAL ORGANIC","mg/L",24.2
"05/10/1982","S65E","CARBON, TOTAL ORGANIC","mg/L",20.2333333333333
"06/07/1982","S65E","CARBON, TOTAL ORGANIC","mg/L",23
"07/25/1994","S65E","CARBON, TOTAL ORGANIC","mg/L",18.57
"09/26/1994","S65E","CARBON, TOTAL ORGANIC","mg/L",21.76
"12/05/1994","S65E","CARBON, TOTAL ORGANIC","mg/L",19.75
"01/09/1996","S65E","CARBON, TOTAL ORGANIC","mg/L",19.35
"01/23/1996","S65E","CARBON, TOTAL ORGANIC","mg/L",18.83
"02/06/1996","S65E","CARBON, TOTAL ORGANIC","mg/L",13.59
"02/20/1996","S65E","CARBON, TOTAL ORGANIC","mg/L",15.0125
"03/05/1996","S65E","CARBON, TOTAL ORGANIC","mg/L",17.795
"03/19/1996","S65E","CARBON, TOTAL ORGANIC","mg/L",14.9375
"04/02/1996","S65E","CARBON, TOTAL ORGANIC","mg/L",13.9575
"04/16/1996","S65E","CARBON, TOTAL ORGANIC","mg/L",13.35
"04/30/1996","S65E","CARBON, TOTAL ORGANIC","mg/L",9.994
"05/14/1996","S65E","CARBON, TOTAL ORGANIC","mg/L",13.205
"05/28/1996","S65E","CARBON, TOTAL ORGANIC","mg/L",11.49
"06/11/1996","S65E","CARBON, TOTAL ORGANIC","mg/L",15.24
"06/25/1996","S65E","CARBON, TOTAL ORGANIC","mg/L",15.376
"07/09/1996","S65E","CARBON, TOTAL ORGANIC","mg/L",22.46
"07/23/1996","S65E","CARBON, TOTAL ORGANIC","mg/L",11.25
"08/06/1996","S65E","CARBON, TOTAL ORGANIC","mg/L",10.415
"08/20/1996","S65E","CARBON, TOTAL ORGANIC","mg/L",9.815
"09/03/1996","S65E","CARBON, TOTAL ORGANIC","mg/L",7.92
"09/17/1996","S65E","CARBON, TOTAL ORGANIC","mg/L",8.6395
"10/01/1996","S65E","CARBON, TOTAL ORGANIC","mg/L",7.73
"10/15/1996","S65E","CARBON, TOTAL ORGANIC","mg/L",7.635
"10/29/1996","S65E","CARBON, TOTAL ORGANIC","mg/L",8.12
"11/12/1996","S65E","CARBON, TOTAL ORGANIC","mg/L",9.8402
"11/26/1996","S65E","CARBON, TOTAL ORGANIC","mg/L",7.946
"12/10/1996","S65E","CARBON, TOTAL ORGANIC","mg/L",6.665
"12/26/1996","S65E","CARBON, TOTAL ORGANIC","mg/L",9.19
"01/07/1997","S65E","CARBON, TOTAL ORGANIC","mg/L",6.97
"01/21/1997","S65E","CARBON, TOTAL ORGANIC","mg/L",8.512
"02/05/1997","S65E","CARBON, TOTAL ORGANIC","mg/L",6.685
"02/18/1997","S65E","CARBON, TOTAL ORGANIC","mg/L",8.154
"03/04/1997","S65E","CARBON, TOTAL ORGANIC","mg/L",5.93
"03/18/1997","S65E","CARBON, TOTAL ORGANIC","mg/L",14.7
"04/01/1997","S65E","CARBON, TOTAL ORGANIC","mg/L",6.655
"04/15/1997","S65E","CARBON, TOTAL ORGANIC","mg/L",13.98
"04/29/1997","S65E","CARBON, TOTAL ORGANIC","mg/L",14.45
"05/13/1997","S65E","CARBON, TOTAL ORGANIC","mg/L",13.71
"05/27/1997","S65E","CARBON, TOTAL ORGANIC","mg/L",6.49
"06/10/1997","S65E","CARBON, TOTAL ORGANIC","mg/L",14.54
"06/24/1997","S65E","CARBON, TOTAL ORGANIC","mg/L",6.565
"07/08/1997","S65E","CARBON, TOTAL ORGANIC","mg/L",13.5
"07/22/1997","S65E","CARBON, TOTAL ORGANIC","mg/L",19.21
"08/05/1997","S65E","CARBON, TOTAL ORGANIC","mg/L",21.89
"08/19/1997","S65E","CARBON, TOTAL ORGANIC","mg/L",18.65
"09/02/1997","S65E","CARBON, TOTAL ORGANIC","mg/L",9.318
"09/16/1997","S65E","CARBON, TOTAL ORGANIC","mg/L",20.03
"09/30/1997","S65E","CARBON, TOTAL ORGANIC","mg/L",25.78
"10/14/1997","S65E","CARBON, TOTAL ORGANIC","mg/L",22.44
"10/28/1997","S65E","CARBON, TOTAL ORGANIC","mg/L",21.83
"11/12/1997","S65E","CARBON, TOTAL ORGANIC","mg/L",20.91
"11/25/1997","S65E","CARBON, TOTAL ORGANIC","mg/L",17.25
"12/09/1997","S65E","CARBON, TOTAL ORGANIC","mg/L",18.89
"12/23/1997","S65E","CARBON, TOTAL ORGANIC","mg/L",14.79
"01/06/1998","S65E","CARBON, TOTAL ORGANIC","mg/L",18.18
"01/20/1998","S65E","CARBON, TOTAL ORGANIC","mg/L",17.72
"02/03/1998","S65E","CARBON, TOTAL ORGANIC","mg/L",17.78
"02/17/1998","S65E","CARBON, TOTAL ORGANIC","mg/L",17.49
"03/03/1998","S65E","CARBON, TOTAL ORGANIC","mg/L",17.43
"03/17/1998","S65E","CARBON, TOTAL ORGANIC","mg/L",20.37
"03/31/1998","S65E","CARBON, TOTAL ORGANIC","mg/L",18.58
"04/14/1998","S65E","CARBON, TOTAL ORGANIC","mg/L",17.24
"04/28/1998","S65E","CARBON, TOTAL ORGANIC","mg/L",17.41
"05/12/1998","S65E","CARBON, TOTAL ORGANIC","mg/L",17.38
"05/26/1998","S65E","CARBON, TOTAL ORGANIC","mg/L",16.84
"06/09/1998","S65E","CARBON, TOTAL ORGANIC","mg/L",16.65
"06/23/1998","S65E","CARBON, TOTAL ORGANIC","mg/L",17.02
"07/07/1998","S65E","CARBON, TOTAL ORGANIC","mg/L",17.38
"07/21/1998","S65E","CARBON, TOTAL ORGANIC","mg/L",21.53
"08/04/1998","S65E","CARBON, TOTAL ORGANIC","mg/L",22.17
"08/18/1998","S65E","CARBON, TOTAL ORGANIC","mg/L",25.92
"09/01/1998","S65E","CARBON, TOTAL ORGANIC","mg/L",23.24
"09/15/1998","S65E","CARBON, TOTAL ORGANIC","mg/L",27.99
"09/29/1998","S65E","CARBON, TOTAL ORGANIC","mg/L",27.85
"10/13/1998","S65E","CARBON, TOTAL ORGANIC","mg/L",27.9
"10/27/1998","S65E","CARBON, TOTAL ORGANIC","mg/L",23.88
"11/09/1998","S65E","CARBON, TOTAL ORGANIC","mg/L",22.85
"11/24/1998","S65E","CARBON, TOTAL ORGANIC","mg/L",22.26
"12/08/1998","S65E","CARBON, TOTAL ORGANIC","mg/L",21.8
"12/22/1998","S65E","CARBON, TOTAL ORGANIC","mg/L",21.7
"01/05/1999","S65E","CARBON, TOTAL ORGANIC","mg/L",21.39
"01/19/1999","S65E","CARBON, TOTAL ORGANIC","mg/L",21.13
"02/02/1999","S65E","CARBON, TOTAL ORGANIC","mg/L",19.92
"02/16/1999","S65E","CARBON, TOTAL ORGANIC","mg/L",19.9
"03/02/1999","S65E","CARBON, TOTAL ORGANIC","mg/L",8.955
"03/16/1999","S65E","CARBON, TOTAL ORGANIC","mg/L",11.06
"03/30/1999","S65E","CARBON, TOTAL ORGANIC","mg/L",17.84
"04/13/1999","S65E","CARBON, TOTAL ORGANIC","mg/L",15.27
"04/27/1999","S65E","CARBON, TOTAL ORGANIC","mg/L",15.59
"05/11/1999","S65E","CARBON, TOTAL ORGANIC","mg/L",15.4
"05/25/1999","S65E","CARBON, TOTAL ORGANIC","mg/L",15.32
"06/08/1999","S65E","CARBON, TOTAL ORGANIC","mg/L",15.06
"06/22/1999","S65E","CARBON, TOTAL ORGANIC","mg/L",15.41
"07/06/1999","S65E","CARBON, TOTAL ORGANIC","mg/L",15.385
"07/20/1999","S65E","CARBON, TOTAL ORGANIC","mg/L",10.535
"08/03/1999","S65E","CARBON, TOTAL ORGANIC","mg/L",15.55
"08/17/1999","S65E","CARBON, TOTAL ORGANIC","mg/L",29.45
"08/31/1999","S65E","CARBON, TOTAL ORGANIC","mg/L",25.73
"09/16/1999","S65E","CARBON, TOTAL ORGANIC","mg/L",12.9554
"09/28/1999","S65E","CARBON, TOTAL ORGANIC","mg/L",9.98
"10/12/1999","S65E","CARBON, TOTAL ORGANIC","mg/L",23.61
"10/26/1999","S65E","CARBON, TOTAL ORGANIC","mg/L",18.4
"11/09/1999","S65E","CARBON, TOTAL ORGANIC","mg/L",20.45
"11/23/1999","S65E","CARBON, TOTAL ORGANIC","mg/L",20.51
"12/07/1999","S65E","CARBON, TOTAL ORGANIC","mg/L",8.445
"12/21/1999","S65E","CARBON, TOTAL ORGANIC","mg/L",7.98
"01/04/2000","S65E","CARBON, TOTAL ORGANIC","mg/L",9.232
"01/18/2000","S65E","CARBON, TOTAL ORGANIC","mg/L",7.47
"02/01/2000","S65E","CARBON, TOTAL ORGANIC","mg/L",14.88
"02/15/2000","S65E","CARBON, TOTAL ORGANIC","mg/L",17.01
"02/29/2000","S65E","CARBON, TOTAL ORGANIC","mg/L",7.225
"03/14/2000","S65E","CARBON, TOTAL ORGANIC","mg/L",16.99
"03/28/2000","S65E","CARBON, TOTAL ORGANIC","mg/L",16.07
"04/11/2000","S65E","CARBON, TOTAL ORGANIC","mg/L",18.02
"04/24/2000","S65E","CARBON, TOTAL ORGANIC","mg/L",8.045
"05/09/2000","S65E","CARBON, TOTAL ORGANIC","mg/L",15.87
"05/23/2000","S65E","CARBON, TOTAL ORGANIC","mg/L",21.21
"06/06/2000","S65E","CARBON, TOTAL ORGANIC","mg/L",17.87
"06/20/2000","S65E","CARBON, TOTAL ORGANIC","mg/L",17.97
"07/05/2000","S65E","CARBON, TOTAL ORGANIC","mg/L",15.71
"07/18/2000","S65E","CARBON, TOTAL ORGANIC","mg/L",16.39
"08/01/2000","S65E","CARBON, TOTAL ORGANIC","mg/L",9.462
"08/15/2000","S65E","CARBON, TOTAL ORGANIC","mg/L",12.814
"08/29/2000","S65E","CARBON, TOTAL ORGANIC","mg/L",24.55
"09/12/2000","S65E","CARBON, TOTAL ORGANIC","mg/L",27.25
"09/26/2000","S65E","CARBON, TOTAL ORGANIC","mg/L",32.59
"10/10/2000","S65E","CARBON, TOTAL ORGANIC","mg/L",13.595
"10/24/2000","S65E","CARBON, TOTAL ORGANIC","mg/L",28.62
"11/07/2000","S65E","CARBON, TOTAL ORGANIC","mg/L",27.91
"11/21/2000","S65E","CARBON, TOTAL ORGANIC","mg/L",29.21
"12/05/2000","S65E","CARBON, TOTAL ORGANIC","mg/L",28.65
"12/19/2000","S65E","CARBON, TOTAL ORGANIC","mg/L",28.79
"01/02/2001","S65E","CARBON, TOTAL ORGANIC","mg/L",12.905
"01/16/2001","S65E","CARBON, TOTAL ORGANIC","mg/L",27.3
"01/30/2001","S65E","CARBON, TOTAL ORGANIC","mg/L",25.71
"02/13/2001","S65E","CARBON, TOTAL ORGANIC","mg/L",25.07
"02/27/2001","S65E","CARBON, TOTAL ORGANIC","mg/L",24.86
"03/13/2001","S65E","CARBON, TOTAL ORGANIC","mg/L",24.37
"03/27/2001","S65E","CARBON, TOTAL ORGANIC","mg/L",23.83
"04/10/2001","S65E","CARBON, TOTAL ORGANIC","mg/L",24.86
"04/24/2001","S65E","CARBON, TOTAL ORGANIC","mg/L",11.195
"05/08/2001","S65E","CARBON, TOTAL ORGANIC","mg/L",11.46
"05/22/2001","S65E","CARBON, TOTAL ORGANIC","mg/L",23.78
"06/05/2001","S65E","CARBON, TOTAL ORGANIC","mg/L",22.91
"06/19/2001","S65E","CARBON, TOTAL ORGANIC","mg/L",10.53
"07/03/2001","S65E","CARBON, TOTAL ORGANIC","mg/L",12.798
"07/17/2001","S65E","CARBON, TOTAL ORGANIC","mg/L",24.3
"07/31/2001","S65E","CARBON, TOTAL ORGANIC","mg/L",34.66
"08/14/2001","S65E","CARBON, TOTAL ORGANIC","mg/L",33.32
"08/28/2001","S65E","CARBON, TOTAL ORGANIC","mg/L",29.83
"09/11/2001","S65E","CARBON, TOTAL ORGANIC","mg/L",13.132
"09/25/2001","S65E","CARBON, TOTAL ORGANIC","mg/L",25.12
"10/09/2001","S65E","CARBON, TOTAL ORGANIC","mg/L",22.14
"11/06/2001","S65E","CARBON, TOTAL ORGANIC","mg/L",11.205
"11/20/2001","S65E","CARBON, TOTAL ORGANIC","mg/L",10.33
"12/04/2001","S65E","CARBON, TOTAL ORGANIC","mg/L",10.375
"12/18/2001","S65E","CARBON, TOTAL ORGANIC","mg/L",20.69
"01/02/2002","S65E","CARBON, TOTAL ORGANIC","mg/L",9.58
"01/15/2002","S65E","CARBON, TOTAL ORGANIC","mg/L",9.66
"01/29/2002","S65E","CARBON, TOTAL ORGANIC","mg/L",9.39
"02/12/2002","S65E","CARBON, TOTAL ORGANIC","mg/L",9.585
"02/26/2002","S65E","CARBON, TOTAL ORGANIC","mg/L",21.45
"03/12/2002","S65E","CARBON, TOTAL ORGANIC","mg/L",19.18
"03/26/2002","S65E","CARBON, TOTAL ORGANIC","mg/L",21.35
"04/09/2002","S65E","CARBON, TOTAL ORGANIC","mg/L",9.575
"04/23/2002","S65E","CARBON, TOTAL ORGANIC","mg/L",19.17
"05/07/2002","S65E","CARBON, TOTAL ORGANIC","mg/L",18.73
"05/21/2002","S65E","CARBON, TOTAL ORGANIC","mg/L",18.94
"06/04/2002","S65E","CARBON, TOTAL ORGANIC","mg/L",19.54
"06/18/2002","S65E","CARBON, TOTAL ORGANIC","mg/L",5.68666666666667
"07/02/2002","S65E","CARBON, TOTAL ORGANIC","mg/L",36.93
"07/16/2002","S65E","CARBON, TOTAL ORGANIC","mg/L",13.64
"07/30/2002","S65E","CARBON, TOTAL ORGANIC","mg/L",11.935
"08/13/2002","S65E","CARBON, TOTAL ORGANIC","mg/L",23.67
"08/27/2002","S65E","CARBON, TOTAL ORGANIC","mg/L",9.96
"09/10/2002","S65E","CARBON, TOTAL ORGANIC","mg/L",10.16
"09/24/2002","S65E","CARBON, TOTAL ORGANIC","mg/L",9.43
"10/08/2002","S65E","CARBON, TOTAL ORGANIC","mg/L",20.63
"10/22/2002","S65E","CARBON, TOTAL ORGANIC","mg/L",20.89
"11/05/2002","S65E","CARBON, TOTAL ORGANIC","mg/L",22.05
"11/19/2002","S65E","CARBON, TOTAL ORGANIC","mg/L",19.6
"12/03/2002","S65E","CARBON, TOTAL ORGANIC","mg/L",21.2
"12/17/2002","S65E","CARBON, TOTAL ORGANIC","mg/L",14.24
"12/31/2002","S65E","CARBON, TOTAL ORGANIC","mg/L",20.5
"01/14/2003","S65E","CARBON, TOTAL ORGANIC","mg/L",23.3
"01/28/2003","S65E","CARBON, TOTAL ORGANIC","mg/L",23.4
"02/11/2003","S65E","CARBON, TOTAL ORGANIC","mg/L",23.54
"02/25/2003","S65E","CARBON, TOTAL ORGANIC","mg/L",22.6
"03/11/2003","S65E","CARBON, TOTAL ORGANIC","mg/L",23.68
"03/25/2003","S65E","CARBON, TOTAL ORGANIC","mg/L",22.67
"04/08/2003","S65E","CARBON, TOTAL ORGANIC","mg/L",23.8
"04/22/2003","S65E","CARBON, TOTAL ORGANIC","mg/L",20.78
"05/06/2003","S65E","CARBON, TOTAL ORGANIC","mg/L",9.485
"05/20/2003","S65E","CARBON, TOTAL ORGANIC","mg/L",21.24
"06/03/2003","S65E","CARBON, TOTAL ORGANIC","mg/L",10.225
"06/17/2003","S65E","CARBON, TOTAL ORGANIC","mg/L",10.751
"07/01/2003","S65E","CARBON, TOTAL ORGANIC","mg/L",20.56
"07/15/2003","S65E","CARBON, TOTAL ORGANIC","mg/L",19.3
"07/29/2003","S65E","CARBON, TOTAL ORGANIC","mg/L",17.92
"08/12/2003","S65E","CARBON, TOTAL ORGANIC","mg/L",19.6
"08/26/2003","S65E","CARBON, TOTAL ORGANIC","mg/L",18.6
"09/09/2003","S65E","CARBON, TOTAL ORGANIC","mg/L",9
"09/23/2003","S65E","CARBON, TOTAL ORGANIC","mg/L",20
"10/07/2003","S65E","CARBON, TOTAL ORGANIC","mg/L",9
"10/21/2003","S65E","CARBON, TOTAL ORGANIC","mg/L",19
"11/04/2003","S65E","CARBON, TOTAL ORGANIC","mg/L",18
"11/18/2003","S65E","CARBON, TOTAL ORGANIC","mg/L",17
"12/02/2003","S65E","CARBON, TOTAL ORGANIC","mg/L",17
"12/16/2003","S65E","CARBON, TOTAL ORGANIC","mg/L",16
"12/30/2003","S65E","CARBON, TOTAL ORGANIC","mg/L",9
"01/13/2004","S65E","CARBON, TOTAL ORGANIC","mg/L",18
"01/27/2004","S65E","CARBON, TOTAL ORGANIC","mg/L",16
"02/10/2004","S65E","CARBON, TOTAL ORGANIC","mg/L",8
"02/24/2004","S65E","CARBON, TOTAL ORGANIC","mg/L",16
"03/09/2004","S65E","CARBON, TOTAL ORGANIC","mg/L",17
"03/23/2004","S65E","CARBON, TOTAL ORGANIC","mg/L",16
"04/06/2004","S65E","CARBON, TOTAL ORGANIC","mg/L",17
"04/20/2004","S65E","CARBON, TOTAL ORGANIC","mg/L",16
"05/04/2004","S65E","CARBON, TOTAL ORGANIC","mg/L",7.5
"05/18/2004","S65E","CARBON, TOTAL ORGANIC","mg/L",16
"06/08/2004","S65E","CARBON, TOTAL ORGANIC","mg/L",16
"06/22/2004","S65E","CARBON, TOTAL ORGANIC","mg/L",16
"07/06/2004","S65E","CARBON, TOTAL ORGANIC","mg/L",7.5
"07/20/2004","S65E","CARBON, TOTAL ORGANIC","mg/L",7
"08/03/2004","S65E","CARBON, TOTAL ORGANIC","mg/L",16
"08/17/2004","S65E","CARBON, TOTAL ORGANIC","mg/L",16
"08/31/2004","S65E","CARBON, TOTAL ORGANIC","mg/L",27
"09/14/2004","S65E","CARBON, TOTAL ORGANIC","mg/L",23
"09/29/2004","S65E","CARBON, TOTAL ORGANIC","mg/L",18
"10/12/2004","S65E","CARBON, TOTAL ORGANIC","mg/L",18
"10/26/2004","S65E","CARBON, TOTAL ORGANIC","mg/L",6
"11/09/2004","S65E","CARBON, TOTAL ORGANIC","mg/L",18
"11/22/2004","S65E","CARBON, TOTAL ORGANIC","mg/L",18
"12/07/2004","S65E","CARBON, TOTAL ORGANIC","mg/L",19
"12/21/2004","S65E","CARBON, TOTAL ORGANIC","mg/L",8.5
"01/04/2005","S65E","CARBON, TOTAL ORGANIC","mg/L",19
"01/18/2005","S65E","CARBON, TOTAL ORGANIC","mg/L",19
"02/01/2005","S65E","CARBON, TOTAL ORGANIC","mg/L",18
"02/15/2005","S65E","CARBON, TOTAL ORGANIC","mg/L",18
"03/01/2005","S65E","CARBON, TOTAL ORGANIC","mg/L",8.5
"03/15/2005","S65E","CARBON, TOTAL ORGANIC","mg/L",18
"03/29/2005","S65E","CARBON, TOTAL ORGANIC","mg/L",19
"04/12/2005","S65E","CARBON, TOTAL ORGANIC","mg/L",18
"04/26/2005","S65E","CARBON, TOTAL ORGANIC","mg/L",17
"05/10/2005","S65E","CARBON, TOTAL ORGANIC","mg/L",17
"05/24/2005","S65E","CARBON, TOTAL ORGANIC","mg/L",18
"06/07/2005","S65E","CARBON, TOTAL ORGANIC","mg/L",6
"06/21/2005","S65E","CARBON, TOTAL ORGANIC","mg/L",21
"07/05/2005","S65E","CARBON, TOTAL ORGANIC","mg/L",8.5
"07/19/2005","S65E","CARBON, TOTAL ORGANIC","mg/L",7.5
"08/02/2005","S65E","CARBON, TOTAL ORGANIC","mg/L",7.5
"08/16/2005","S65E","CARBON, TOTAL ORGANIC","mg/L",15
"08/30/2005","S65E","CARBON, TOTAL ORGANIC","mg/L",16
"09/12/2005","S65E","CARBON, TOTAL ORGANIC","mg/L",9
"09/26/2005","S65E","CARBON, TOTAL ORGANIC","mg/L",16
"10/11/2005","S65E","CARBON, TOTAL ORGANIC","mg/L",15
"11/08/2005","S65E","CARBON, TOTAL ORGANIC","mg/L",6.5
"11/16/2005","S65E","CARBON, TOTAL ORGANIC","mg/L",15
"12/06/2005","S65E","CARBON, TOTAL ORGANIC","mg/L",14
"12/20/2005","S65E","CARBON, TOTAL ORGANIC","mg/L",14
"01/03/2006","S65E","CARBON, TOTAL ORGANIC","mg/L",14
"01/17/2006","S65E","CARBON, TOTAL ORGANIC","mg/L",14
"01/30/2006","S65E","CARBON, TOTAL ORGANIC","mg/L",13
"02/13/2006","S65E","CARBON, TOTAL ORGANIC","mg/L",8.5
"02/28/2006","S65E","CARBON, TOTAL ORGANIC","mg/L",14
"03/13/2006","S65E","CARBON, TOTAL ORGANIC","mg/L",6.5
"03/28/2006","S65E","CARBON, TOTAL ORGANIC","mg/L",15
"04/11/2006","S65E","CARBON, TOTAL ORGANIC","mg/L",7
"04/24/2006","S65E","CARBON, TOTAL ORGANIC","mg/L",15
"05/08/2006","S65E","CARBON, TOTAL ORGANIC","mg/L",14
"05/23/2006","S65E","CARBON, TOTAL ORGANIC","mg/L",7
"06/06/2006","S65E","CARBON, TOTAL ORGANIC","mg/L",8.4
"06/19/2006","S65E","CARBON, TOTAL ORGANIC","mg/L",6
"07/18/2006","S65E","CARBON, TOTAL ORGANIC","mg/L",13
"07/31/2006","S65E","CARBON, TOTAL ORGANIC","mg/L",6.5
"08/14/2006","S65E","CARBON, TOTAL ORGANIC","mg/L",16
"09/11/2006","S65E","CARBON, TOTAL ORGANIC","mg/L",10
"10/10/2006","S65E","CARBON, TOTAL ORGANIC","mg/L",26
"10/24/2006","S65E","CARBON, TOTAL ORGANIC","mg/L",24.2
"11/07/2006","S65E","CARBON, TOTAL ORGANIC","mg/L",25
"11/21/2006","S65E","CARBON, TOTAL ORGANIC","mg/L",23
"12/05/2006","S65E","CARBON, TOTAL ORGANIC","mg/L",12.6
"12/19/2006","S65E","CARBON, TOTAL ORGANIC","mg/L",16.75
"01/02/2007","S65E","CARBON, TOTAL ORGANIC","mg/L",11
"01/16/2007","S65E","CARBON, TOTAL ORGANIC","mg/L",22.4
"01/30/2007","S65E","CARBON, TOTAL ORGANIC","mg/L",12.55
"02/13/2007","S65E","CARBON, TOTAL ORGANIC","mg/L",22.9
"02/27/2007","S65E","CARBON, TOTAL ORGANIC","mg/L",22.4
"03/13/2007","S65E","CARBON, TOTAL ORGANIC","mg/L",16.325
"03/27/2007","S65E","CARBON, TOTAL ORGANIC","mg/L",20
"04/10/2007","S65E","CARBON, TOTAL ORGANIC","mg/L",20.7
"04/24/2007","S65E","CARBON, TOTAL ORGANIC","mg/L",19.9
"05/08/2007","S65E","CARBON, TOTAL ORGANIC","mg/L",9.75
"05/22/2007","S65E","CARBON, TOTAL ORGANIC","mg/L",20.5
"06/05/2007","S65E","CARBON, TOTAL ORGANIC","mg/L",11.64
"06/19/2007","S65E","CARBON, TOTAL ORGANIC","mg/L",18.4
"07/02/2007","S65E","CARBON, TOTAL ORGANIC","mg/L",20.5
"07/17/2007","S65E","CARBON, TOTAL ORGANIC","mg/L",19.8
"08/06/2007","S65E","CARBON, TOTAL ORGANIC","mg/L",12.2
"08/21/2007","S65E","CARBON, TOTAL ORGANIC","mg/L",29.3
"09/04/2007","S65E","CARBON, TOTAL ORGANIC","mg/L",11
"09/17/2007","S65E","CARBON, TOTAL ORGANIC","mg/L",16.1
"10/01/2007","S65E","CARBON, TOTAL ORGANIC","mg/L",17.7
"10/15/2007","S65E","CARBON, TOTAL ORGANIC","mg/L",9.2
"10/29/2007","S65E","CARBON, TOTAL ORGANIC","mg/L",21.9
"11/05/2007","S65E","CARBON, TOTAL ORGANIC","mg/L",22.8
"11/20/2007","S65E","CARBON, TOTAL ORGANIC","mg/L",20.6
"12/03/2007","S65E","CARBON, TOTAL ORGANIC","mg/L",11.04
"12/18/2007","S65E","CARBON, TOTAL ORGANIC","mg/L",17.1
"01/17/2008","S65E","CARBON, TOTAL ORGANIC","mg/L",14.5
"01/29/2008","S65E","CARBON, TOTAL ORGANIC","mg/L",6.15
"02/04/2008","S65E","CARBON, TOTAL ORGANIC","mg/L",11.7
"02/19/2008","S65E","CARBON, TOTAL ORGANIC","mg/L",14.2
"03/03/2008","S65E","CARBON, TOTAL ORGANIC","mg/L",8.76
"03/17/2008","S65E","CARBON, TOTAL ORGANIC","mg/L",6.4
"04/07/2008","S65E","CARBON, TOTAL ORGANIC","mg/L",16.3
"04/21/2008","S65E","CARBON, TOTAL ORGANIC","mg/L",18.4
"05/06/2008","S65E","CARBON, TOTAL ORGANIC","mg/L",14.8
"05/19/2008","S65E","CARBON, TOTAL ORGANIC","mg/L",7.1
"06/03/2008","S65E","CARBON, TOTAL ORGANIC","mg/L",8.8
"06/17/2008","S65E","CARBON, TOTAL ORGANIC","mg/L",15.5
"07/01/2008","S65E","CARBON, TOTAL ORGANIC","mg/L",6.7
"07/16/2008","S65E","CARBON, TOTAL ORGANIC","mg/L",10.95
"08/06/2008","S65E","CARBON, TOTAL ORGANIC","mg/L",29
"08/26/2008","S65E","CARBON, TOTAL ORGANIC","mg/L",28.7
"09/08/2008","S65E","CARBON, TOTAL ORGANIC","mg/L",10.1
"09/22/2008","S65E","CARBON, TOTAL ORGANIC","mg/L",17.7
"10/06/2008","S65E","CARBON, TOTAL ORGANIC","mg/L",8.2
"10/20/2008","S65E","CARBON, TOTAL ORGANIC","mg/L",10.7
"11/13/2008","S65E","CARBON, TOTAL ORGANIC","mg/L",8.45
"11/24/2008","S65E","CARBON, TOTAL ORGANIC","mg/L",18.3
"12/10/2008","S65E","CARBON, TOTAL ORGANIC","mg/L",8.45
"12/23/2008","S65E","CARBON, TOTAL ORGANIC","mg/L",7.4
"01/14/2009","S65E","CARBON, TOTAL ORGANIC","mg/L",8.45
"01/27/2009","S65E","CARBON, TOTAL ORGANIC","mg/L",15.5
"02/02/2009","S65E","CARBON, TOTAL ORGANIC","mg/L",17.6
"02/17/2009","S65E","CARBON, TOTAL ORGANIC","mg/L",16.9
"03/03/2009","S65E","CARBON, TOTAL ORGANIC","mg/L",8.92
"03/17/2009","S65E","CARBON, TOTAL ORGANIC","mg/L",15.4
"03/31/2009","S65E","CARBON, TOTAL ORGANIC","mg/L",7.1
"04/14/2009","S65E","CARBON, TOTAL ORGANIC","mg/L",7.25
"04/29/2009","S65E","CARBON, TOTAL ORGANIC","mg/L",17.8
"05/13/2009","S65E","CARBON, TOTAL ORGANIC","mg/L",7.9
"05/27/2009","S65E","CARBON, TOTAL ORGANIC","mg/L",17.1
"06/02/2009","S65E","CARBON, TOTAL ORGANIC","mg/L",9.1
"06/16/2009","S65E","CARBON, TOTAL ORGANIC","mg/L",5.26666666666667
"07/07/2009","S65E","CARBON, TOTAL ORGANIC","mg/L",9.55
"07/20/2009","S65E","CARBON, TOTAL ORGANIC","mg/L",21
"08/04/2009","S65E","CARBON, TOTAL ORGANIC","mg/L",8.6
"08/18/2009","S65E","CARBON, TOTAL ORGANIC","mg/L",8.75
"09/08/2009","S65E","CARBON, TOTAL ORGANIC","mg/L",9.6
"09/22/2009","S65E","CARBON, TOTAL ORGANIC","mg/L",10.86
"10/07/2009","S65E","CARBON, TOTAL ORGANIC","mg/L",9.6
"10/21/2009","S65E","CARBON, TOTAL ORGANIC","mg/L",9.5
"11/09/2009","S65E","CARBON, TOTAL ORGANIC","mg/L",8.85
"11/18/2009","S65E","CARBON, TOTAL ORGANIC","mg/L",-1
"11/30/2009","S65E","CARBON, TOTAL ORGANIC","mg/L",8.5
"12/16/2009","S65E","CARBON, TOTAL ORGANIC","mg/L",7.9
"12/28/2009","S65E","CARBON, TOTAL ORGANIC","mg/L",8.2
"01/11/2010","S65E","CARBON, TOTAL ORGANIC","mg/L",17.7
"01/25/2010","S65E","CARBON, TOTAL ORGANIC","mg/L",17
"02/08/2010","S65E","CARBON, TOTAL ORGANIC","mg/L",16.5
"02/17/2010","S65E","CARBON, TOTAL ORGANIC","mg/L",17.4
"03/15/2010","S65E","CARBON, TOTAL ORGANIC","mg/L",10.6
"03/29/2010","S65E","CARBON, TOTAL ORGANIC","mg/L",18.6
"04/12/2010","S65E","CARBON, TOTAL ORGANIC","mg/L",9.25
"04/26/2010","S65E","CARBON, TOTAL ORGANIC","mg/L",20.1
"05/10/2010","S65E","CARBON, TOTAL ORGANIC","mg/L",8.4
"05/24/2010","S65E","CARBON, TOTAL ORGANIC","mg/L",17.3
"06/07/2010","S65E","CARBON, TOTAL ORGANIC","mg/L",11.85
"06/21/2010","S65E","CARBON, TOTAL ORGANIC","mg/L",17.1
"07/08/2010","S65E","CARBON, TOTAL ORGANIC","mg/L",8.1
"07/19/2010","S65E","CARBON, TOTAL ORGANIC","mg/L",22.4
"08/02/2010","S65E","CARBON, TOTAL ORGANIC","mg/L",22.9
"08/16/2010","S65E","CARBON, TOTAL ORGANIC","mg/L",20
"09/14/2010","S65E","CARBON, TOTAL ORGANIC","mg/L",18.0666666666667
"09/27/2010","S65E","CARBON, TOTAL ORGANIC","mg/L",19.1
"10/11/2010","S65E","CARBON, TOTAL ORGANIC","mg/L",17.3
"10/26/2010","S65E","CARBON, TOTAL ORGANIC","mg/L",16.1
"11/09/2010","S65E","CARBON, TOTAL ORGANIC","mg/L",16.6
"11/29/2010","S65E","CARBON, TOTAL ORGANIC","mg/L",14.8
"12/09/2010","S65E","CARBON, TOTAL ORGANIC","mg/L",14.6
"12/22/2010","S65E","CARBON, TOTAL ORGANIC","mg/L",14.2
"01/10/2011","S65E","CARBON, TOTAL ORGANIC","mg/L",12.9
"01/24/2011","S65E","CARBON, TOTAL ORGANIC","mg/L",13.4
"02/07/2011","S65E","CARBON, TOTAL ORGANIC","mg/L",13.2
"02/23/2011","S65E","CARBON, TOTAL ORGANIC","mg/L",13.5
"03/09/2011","S65E","CARBON, TOTAL ORGANIC","mg/L",14
"03/23/2011","S65E","CARBON, TOTAL ORGANIC","mg/L",13.4
"04/13/2011","S65E","CARBON, TOTAL ORGANIC","mg/L",13.6
"04/27/2011","S65E","CARBON, TOTAL ORGANIC","mg/L",13.2
"05/11/2011","S65E","CARBON, TOTAL ORGANIC","mg/L",12.6
"05/25/2011","S65E","CARBON, TOTAL ORGANIC","mg/L",11.8
"06/08/2011","S65E","CARBON, TOTAL ORGANIC","mg/L",12.3
"06/20/2011","S65E","CARBON, TOTAL ORGANIC","mg/L",13.5
"07/06/2011","S65E","CARBON, TOTAL ORGANIC","mg/L",13
"07/20/2011","S65E","CARBON, TOTAL ORGANIC","mg/L",28.4
"08/03/2011","S65E","CARBON, TOTAL ORGANIC","mg/L",30.2
"08/17/2011","S65E","CARBON, TOTAL ORGANIC","mg/L",23.8
"08/31/2011","S65E","CARBON, TOTAL ORGANIC","mg/L",21.2
"09/14/2011","S65E","CARBON, TOTAL ORGANIC","mg/L",16.9333333333333
"09/28/2011","S65E","CARBON, TOTAL ORGANIC","mg/L",19.7
"10/12/2011","S65E","CARBON, TOTAL ORGANIC","mg/L",12
"10/26/2011","S65E","CARBON, TOTAL ORGANIC","mg/L",14.9
"11/07/2011","S65E","CARBON, TOTAL ORGANIC","mg/L",17.3
"11/22/2011","S65E","CARBON, TOTAL ORGANIC","mg/L",17
"12/07/2011","S65E","CARBON, TOTAL ORGANIC","mg/L",16
"12/21/2011","S65E","CARBON, TOTAL ORGANIC","mg/L",15.1
"01/04/2012","S65E","CARBON, TOTAL ORGANIC","mg/L",16.3
"01/18/2012","S65E","CARBON, TOTAL ORGANIC","mg/L",15.5
"02/01/2012","S65E","CARBON, TOTAL ORGANIC","mg/L",14.6
"02/15/2012","S65E","CARBON, TOTAL ORGANIC","mg/L",16
"02/29/2012","S65E","CARBON, TOTAL ORGANIC","mg/L",15.4
"03/14/2012","S65E","CARBON, TOTAL ORGANIC","mg/L",15.2
"03/28/2012","S65E","CARBON, TOTAL ORGANIC","mg/L",16.7
"04/11/2012","S65E","CARBON, TOTAL ORGANIC","mg/L",15.4
"04/25/2012","S65E","CARBON, TOTAL ORGANIC","mg/L",16.2
"05/09/2012","S65E","CARBON, TOTAL ORGANIC","mg/L",17.6
"05/23/2012","S65E","CARBON, TOTAL ORGANIC","mg/L",17
"06/06/2012","S65E","CARBON, TOTAL ORGANIC","mg/L",14.6
"06/20/2012","S65E","CARBON, TOTAL ORGANIC","mg/L",15.2
"07/11/2012","S65E","CARBON, TOTAL ORGANIC","mg/L",23.4
"07/25/2012","S65E","CARBON, TOTAL ORGANIC","mg/L",19.7
"08/08/2012","S65E","CARBON, TOTAL ORGANIC","mg/L",21
"08/22/2012","S65E","CARBON, TOTAL ORGANIC","mg/L",16.9
"09/05/2012","S65E","CARBON, TOTAL ORGANIC","mg/L",20.5
"09/19/2012","S65E","CARBON, TOTAL ORGANIC","mg/L",18.1
"10/03/2012","S65E","CARBON, TOTAL ORGANIC","mg/L",18.6
"10/17/2012","S65E","CARBON, TOTAL ORGANIC","mg/L",17.5
"10/31/2012","S65E","CARBON, TOTAL ORGANIC","mg/L",19.5
"11/14/2012","S65E","CARBON, TOTAL ORGANIC","mg/L",20.2
"11/28/2012","S65E","CARBON, TOTAL ORGANIC","mg/L",17.8
"12/05/2012","S65E","CARBON, TOTAL ORGANIC","mg/L",17.6
"12/19/2012","S65E","CARBON, TOTAL ORGANIC","mg/L",16.1
"01/02/2013","S65E","CARBON, TOTAL ORGANIC","mg/L",18.4
"01/16/2013","S65E","CARBON, TOTAL ORGANIC","mg/L",18
"01/30/2013","S65E","CARBON, TOTAL ORGANIC","mg/L",17.9
"02/13/2013","S65E","CARBON, TOTAL ORGANIC","mg/L",16.4
"02/27/2013","S65E","CARBON, TOTAL ORGANIC","mg/L",15.4
"03/13/2013","S65E","CARBON, TOTAL ORGANIC","mg/L",15.1
"03/27/2013","S65E","CARBON, TOTAL ORGANIC","mg/L",14.5
"04/10/2013","S65E","CARBON, TOTAL ORGANIC","mg/L",14.4
"04/24/2013","S65E","CARBON, TOTAL ORGANIC","mg/L",14.4
"05/08/2013","S65E","CARBON, TOTAL ORGANIC","mg/L",14
"05/22/2013","S65E","CARBON, TOTAL ORGANIC","mg/L",14.9
"06/05/2013","S65E","CARBON, TOTAL ORGANIC","mg/L",14.2
"06/19/2013","S65E","CARBON, TOTAL ORGANIC","mg/L",21.8
"07/02/2013","S65E","CARBON, TOTAL ORGANIC","mg/L",18.6
"07/17/2013","S65E","CARBON, TOTAL ORGANIC","mg/L",18.3
"07/31/2013","S65E","CARBON, TOTAL ORGANIC","mg/L",17.4
"08/14/2013","S65E","CARBON, TOTAL ORGANIC","mg/L",17.8
"08/28/2013","S65E","CARBON, TOTAL ORGANIC","mg/L",15.1
"09/11/2013","S65E","CARBON, TOTAL ORGANIC","mg/L",18.1
"09/25/2013","S65E","CARBON, TOTAL ORGANIC","mg/L",20.2
"10/09/2013","S65E","CARBON, TOTAL ORGANIC","mg/L",18.5
"10/23/2013","S65E","CARBON, TOTAL ORGANIC","mg/L",19.5
"11/06/2013","S65E","CARBON, TOTAL ORGANIC","mg/L",18.8
"11/20/2013","S65E","CARBON, TOTAL ORGANIC","mg/L",16.9
"12/04/2013","S65E","CARBON, TOTAL ORGANIC","mg/L",17.1
"12/18/2013","S65E","CARBON, TOTAL ORGANIC","mg/L",17.7
"12/30/2013","S65E","CARBON, TOTAL ORGANIC","mg/L",16.1
"01/15/2014","S65E","CARBON, TOTAL ORGANIC","mg/L",17.1
"01/29/2014","S65E","CARBON, TOTAL ORGANIC","mg/L",15.8
"02/12/2014","S65E","CARBON, TOTAL ORGANIC","mg/L",16
"02/26/2014","S65E","CARBON, TOTAL ORGANIC","mg/L",17.8
"03/12/2014","S65E","CARBON, TOTAL ORGANIC","mg/L",16.6
"03/26/2014","S65E","CARBON, TOTAL ORGANIC","mg/L",15.8
"04/09/2014","S65E","CARBON, TOTAL ORGANIC","mg/L",16
"04/23/2014","S65E","CARBON, TOTAL ORGANIC","mg/L",16.6
"05/07/2014","S65E","CARBON, TOTAL ORGANIC","mg/L",16.3
"05/21/2014","S65E","CARBON, TOTAL ORGANIC","mg/L",16.3
"06/04/2014","S65E","CARBON, TOTAL ORGANIC","mg/L",16.8
"06/18/2014","S65E","CARBON, TOTAL ORGANIC","mg/L",17.2
"07/01/2014","S65E","CARBON, TOTAL ORGANIC","mg/L",24.9
"07/16/2014","S65E","CARBON, TOTAL ORGANIC","mg/L",22.7
"07/30/2014","S65E","CARBON, TOTAL ORGANIC","mg/L",17.9
"08/13/2014","S65E","CARBON, TOTAL ORGANIC","mg/L",18.7
"08/27/2014","S65E","CARBON, TOTAL ORGANIC","mg/L",18.2
"09/10/2014","S65E","CARBON, TOTAL ORGANIC","mg/L",19.9
"09/24/2014","S65E","CARBON, TOTAL ORGANIC","mg/L",21.3
"10/08/2014","S65E","CARBON, TOTAL ORGANIC","mg/L",17.8
"10/22/2014","S65E","CARBON, TOTAL ORGANIC","mg/L",19.4
"11/05/2014","S65E","CARBON, TOTAL ORGANIC","mg/L",18
"11/19/2014","S65E","CARBON, TOTAL ORGANIC","mg/L",16.5
"12/03/2014","S65E","CARBON, TOTAL ORGANIC","mg/L",15.9
"12/17/2014","S65E","CARBON, TOTAL ORGANIC","mg/L",15.3
"12/30/2014","S65E","CARBON, TOTAL ORGANIC","mg/L",15.3
"01/14/2015","S65E","CARBON, TOTAL ORGANIC","mg/L",15.1
"01/28/2015","S65E","CARBON, TOTAL ORGANIC","mg/L",14.2
"02/11/2015","S65E","CARBON, TOTAL ORGANIC","mg/L",15.4
"02/25/2015","S65E","CARBON, TOTAL ORGANIC","mg/L",16.5
"03/11/2015","S65E","CARBON, TOTAL ORGANIC","mg/L",16.4
"03/25/2015","S65E","CARBON, TOTAL ORGANIC","mg/L",17.2
"04/08/2015","S65E","CARBON, TOTAL ORGANIC","mg/L",17.4
"04/22/2015","S65E","CARBON, TOTAL ORGANIC","mg/L",16.8
"05/06/2015","S65E","CARBON, TOTAL ORGANIC","mg/L",16.5
"05/20/2015","S65E","CARBON, TOTAL ORGANIC","mg/L",16.5
"06/03/2015","S65E","CARBON, TOTAL ORGANIC","mg/L",18.5
"06/17/2015","S65E","CARBON, TOTAL ORGANIC","mg/L",15.9
"07/01/2015","S65E","CARBON, TOTAL ORGANIC","mg/L",16.3
"07/15/2015","S65E","CARBON, TOTAL ORGANIC","mg/L",15.4
"07/29/2015","S65E","CARBON, TOTAL ORGANIC","mg/L",16.2
"08/12/2015","S65E","CARBON, TOTAL ORGANIC","mg/L",19.3
"08/26/2015","S65E","CARBON, TOTAL ORGANIC","mg/L",17.8
"09/09/2015","S65E","CARBON, TOTAL ORGANIC","mg/L",16
"09/23/2015","S65E","CARBON, TOTAL ORGANIC","mg/L",16.8
"10/07/2015","S65E","CARBON, TOTAL ORGANIC","mg/L",16.9
"10/21/2015","S65E","CARBON, TOTAL ORGANIC","mg/L",15.9
"11/04/2015","S65E","CARBON, TOTAL ORGANIC","mg/L",15.4
"11/18/2015","S65E","CARBON, TOTAL ORGANIC","mg/L",15.4
"12/02/2015","S65E","CARBON, TOTAL ORGANIC","mg/L",19.4
"01/09/2017","S65E","CARBON, TOTAL ORGANIC","mg/L",12.8
"01/23/2017","S65E","CARBON, TOTAL ORGANIC","mg/L",13.4
"02/06/2017","S65E","CARBON, TOTAL ORGANIC","mg/L",13.7
"02/20/2017","S65E","CARBON, TOTAL ORGANIC","mg/L",12.8
"03/06/2017","S65E","CARBON, TOTAL ORGANIC","mg/L",12.9
"03/20/2017","S65E","CARBON, TOTAL ORGANIC","mg/L",12.3333333333333
"04/17/2017","S65E","CARBON, TOTAL ORGANIC","mg/L",13.1
"04/24/2017","S65E","CARBON, TOTAL ORGANIC","mg/L",12.7
"05/01/2017","S65E","CARBON, TOTAL ORGANIC","mg/L",12.9
"05/08/2017","S65E","CARBON, TOTAL ORGANIC","mg/L",13.3
"06/05/2017","S65E","CARBON, TOTAL ORGANIC","mg/L",14
"06/12/2017","S65E","CARBON, TOTAL ORGANIC","mg/L",13.2
"06/19/2017","S65E","CARBON, TOTAL ORGANIC","mg/L",16.8
"07/05/2017","S65E","CARBON, TOTAL ORGANIC","mg/L",33.2
"07/17/2017","S65E","CARBON, TOTAL ORGANIC","mg/L",24.5
"08/01/2017","S65E","CARBON, TOTAL ORGANIC","mg/L",26.1
"08/14/2017","S65E","CARBON, TOTAL ORGANIC","mg/L",26.1
"08/28/2017","S65E","CARBON, TOTAL ORGANIC","mg/L",21.1
"09/13/2017","S65E","CARBON, TOTAL ORGANIC","mg/L",18.3
"09/25/2017","S65E","CARBON, TOTAL ORGANIC","mg/L",16
"10/09/2017","S65E","CARBON, TOTAL ORGANIC","mg/L",20.2
"10/23/2017","S65E","CARBON, TOTAL ORGANIC","mg/L",19.6
"11/06/2017","S65E","CARBON, TOTAL ORGANIC","mg/L",18.5
"11/20/2017","S65E","CARBON, TOTAL ORGANIC","mg/L",18.8
"12/04/2017","S65E","CARBON, TOTAL ORGANIC","mg/L",17.6
"01/16/2018","S65E","CARBON, TOTAL ORGANIC","mg/L",15.2
"02/12/2018","S65E","CARBON, TOTAL ORGANIC","mg/L",15.2
"03/12/2018","S65E","CARBON, TOTAL ORGANIC","mg/L",16.9
"03/26/2018","S65E","CARBON, TOTAL ORGANIC","mg/L",16.8
"04/23/2018","S65E","CARBON, TOTAL ORGANIC","mg/L",14.6
"05/07/2018","S65E","CARBON, TOTAL ORGANIC","mg/L",17.2
"05/21/2018","S65E","CARBON, TOTAL ORGANIC","mg/L",14.8
"06/18/2018","S65E","CARBON, TOTAL ORGANIC","mg/L",28.2
"07/02/2018","S65E","CARBON, TOTAL ORGANIC","mg/L",22.1
"07/16/2018","S65E","CARBON, TOTAL ORGANIC","mg/L",20.8
"07/30/2018","S65E","CARBON, TOTAL ORGANIC","mg/L",16.2
"08/06/2018","S65E","CARBON, TOTAL ORGANIC","mg/L",16.4
"08/20/2018","S65E","CARBON, TOTAL ORGANIC","mg/L",16.2
"09/04/2018","S65E","CARBON, TOTAL ORGANIC","mg/L",17.7
"09/17/2018","S65E","CARBON, TOTAL ORGANIC","mg/L",18.2
"10/01/2018","S65E","CARBON, TOTAL ORGANIC","mg/L",19.1
"10/04/2018","S65E","CARBON, TOTAL ORGANIC","mg/L",19.3
"10/15/2018","S65E","CARBON, TOTAL ORGANIC","mg/L",17.5
"10/29/2018","S65E","CARBON, TOTAL ORGANIC","mg/L",17.2
"11/13/2018","S65E","CARBON, TOTAL ORGANIC","mg/L",17.4
"11/26/2018","S65E","CARBON, TOTAL ORGANIC","mg/L",16.4333333333333
"12/11/2018","S65E","CARBON, TOTAL ORGANIC","mg/L",15.8
"12/26/2018","S65E","CARBON, TOTAL ORGANIC","mg/L",15.3
"01/07/2019","S65E","CARBON, TOTAL ORGANIC","mg/L",15.6
"01/22/2019","S65E","CARBON, TOTAL ORGANIC","mg/L",14.7
"02/04/2019","S65E","CARBON, TOTAL ORGANIC","mg/L",15
"02/18/2019","S65E","CARBON, TOTAL ORGANIC","mg/L",18.8
"03/04/2019","S65E","CARBON, TOTAL ORGANIC","mg/L",17.3
"03/06/2019","S65E","CARBON, TOTAL ORGANIC","mg/L",16.8
"03/18/2019","S65E","CARBON, TOTAL ORGANIC","mg/L",14.4
"04/08/2019","S65E","CARBON, TOTAL ORGANIC","mg/L",15.8
"04/22/2019","S65E","CARBON, TOTAL ORGANIC","mg/L",15.2
"05/06/2019","S65E","CARBON, TOTAL ORGANIC","mg/L",14.7
"05/20/2019","S65E","CARBON, TOTAL ORGANIC","mg/L",15.3
"06/03/2019","S65E","CARBON, TOTAL ORGANIC","mg/L",14.3
"06/20/2019","S65E","CARBON, TOTAL ORGANIC","mg/L",13.7
"07/01/2019","S65E","CARBON, TOTAL ORGANIC","mg/L",37.2
"07/15/2019","S65E","CARBON, TOTAL ORGANIC","mg/L",26.3
"07/29/2019","S65E","CARBON, TOTAL ORGANIC","mg/L",17.1
"08/12/2019","S65E","CARBON, TOTAL ORGANIC","mg/L",24.3
"08/26/2019","S65E","CARBON, TOTAL ORGANIC","mg/L",19.6
"09/09/2019","S65E","CARBON, TOTAL ORGANIC","mg/L",16.1
"09/23/2019","S65E","CARBON, TOTAL ORGANIC","mg/L",18
"10/08/2019","S65E","CARBON, TOTAL ORGANIC","mg/L",17.1
"10/21/2019","S65E","CARBON, TOTAL ORGANIC","mg/L",14.4
"11/04/2019","S65E","CARBON, TOTAL ORGANIC","mg/L",15.1
"11/18/2019","S65E","CARBON, TOTAL ORGANIC","mg/L",15.7
"12/02/2019","S65E","CARBON, TOTAL ORGANIC","mg/L",15.4
"12/16/2019","S65E","CARBON, TOTAL ORGANIC","mg/L",15.4
"12/30/2019","S65E","CARBON, TOTAL ORGANIC","mg/L",15.9
"01/13/2020","S65E","CARBON, TOTAL ORGANIC","mg/L",19.2
"01/27/2020","S65E","CARBON, TOTAL ORGANIC","mg/L",15.9
"02/10/2020","S65E","CARBON, TOTAL ORGANIC","mg/L",14.8
"02/24/2020","S65E","CARBON, TOTAL ORGANIC","mg/L",16
"03/09/2020","S65E","CARBON, TOTAL ORGANIC","mg/L",14.6
"03/23/2020","S65E","CARBON, TOTAL ORGANIC","mg/L",16
"04/06/2020","S65E","CARBON, TOTAL ORGANIC","mg/L",15.4
"04/20/2020","S65E","CARBON, TOTAL ORGANIC","mg/L",15
"05/04/2020","S65E","CARBON, TOTAL ORGANIC","mg/L",14.7
"05/18/2020","S65E","CARBON, TOTAL ORGANIC","mg/L",14.4
"06/01/2020","S65E","CARBON, TOTAL ORGANIC","mg/L",13.9
"06/15/2020","S65E","CARBON, TOTAL ORGANIC","mg/L",32.8
"06/29/2020","S65E","CARBON, TOTAL ORGANIC","mg/L",26.4
"07/13/2020","S65E","CARBON, TOTAL ORGANIC","mg/L",18.4
"07/27/2020","S65E","CARBON, TOTAL ORGANIC","mg/L",16.6
"08/10/2020","S65E","CARBON, TOTAL ORGANIC","mg/L",17.9
"08/24/2020","S65E","CARBON, TOTAL ORGANIC","mg/L",16.3
"09/08/2020","S65E","CARBON, TOTAL ORGANIC","mg/L",16.4
"09/21/2020","S65E","CARBON, TOTAL ORGANIC","mg/L",18.5
"10/05/2020","S65E","CARBON, TOTAL ORGANIC","mg/L",18.6
"10/19/2020","S65E","CARBON, TOTAL ORGANIC","mg/L",18.7
"11/02/2020","S65E","CARBON, TOTAL ORGANIC","mg/L",20
"11/16/2020","S65E","CARBON, TOTAL ORGANIC","mg/L",22.4
"11/30/2020","S65E","CARBON, TOTAL ORGANIC","mg/L",18.1
"12/14/2020","S65E","CARBON, TOTAL ORGANIC","mg/L",16.5
"12/28/2020","S65E","CARBON, TOTAL ORGANIC","mg/L",16.4
"01/11/2021","S65E","CARBON, TOTAL ORGANIC","mg/L",15.4
"01/25/2021","S65E","CARBON, TOTAL ORGANIC","mg/L",13.7
"02/08/2021","S65E","CARBON, TOTAL ORGANIC","mg/L",12.2
"02/22/2021","S65E","CARBON, TOTAL ORGANIC","mg/L",12.8
"03/08/2021","S65E","CARBON, TOTAL ORGANIC","mg/L",13.3
"03/22/2021","S65E","CARBON, TOTAL ORGANIC","mg/L",12.3
"04/05/2021","S65E","CARBON, TOTAL ORGANIC","mg/L",14.2
"04/19/2021","S65E","CARBON, TOTAL ORGANIC","mg/L",12.9
"05/03/2021","S65E","CARBON, TOTAL ORGANIC","mg/L",14.1
"05/17/2021","S65E","CARBON, TOTAL ORGANIC","mg/L",14.4
"06/01/2021","S65E","CARBON, TOTAL ORGANIC","mg/L",14.7
"06/14/2021","S65E","CARBON, TOTAL ORGANIC","mg/L",16.8
"06/28/2021","S65E","CARBON, TOTAL ORGANIC","mg/L",14.2
"07/12/2021","S65E","CARBON, TOTAL ORGANIC","mg/L",19.2
"07/26/2021","S65E","CARBON, TOTAL ORGANIC","mg/L",16.9
"08/09/2021","S65E","CARBON, TOTAL ORGANIC","mg/L",19.1
"08/23/2021","S65E","CARBON, TOTAL ORGANIC","mg/L",21.2
"09/07/2021","S65E","CARBON, TOTAL ORGANIC","mg/L",17.5
"09/20/2021","S65E","CARBON, TOTAL ORGANIC","mg/L",18.5
"10/04/2021","S65E","CARBON, TOTAL ORGANIC","mg/L",20.5
"10/18/2021","S65E","CARBON, TOTAL ORGANIC","mg/L",18.5
"11/01/2021","S65E","CARBON, TOTAL ORGANIC","mg/L",16.2
"11/15/2021","S65E","CARBON, TOTAL ORGANIC","mg/L",16.6
"11/29/2021","S65E","CARBON, TOTAL ORGANIC","mg/L",17.6
"12/13/2021","S65E","CARBON, TOTAL ORGANIC","mg/L",16.6
"12/27/2021","S65E","CARBON, TOTAL ORGANIC","mg/L",15.3
"01/10/2022","S65E","CARBON, TOTAL ORGANIC","mg/L",14.9
"01/24/2022","S65E","CARBON, TOTAL ORGANIC","mg/L",15.1
"02/07/2022","S65E","CARBON, TOTAL ORGANIC","mg/L",14
"02/21/2022","S65E","CARBON, TOTAL ORGANIC","mg/L",14.8
"03/07/2022","S65E","CARBON, TOTAL ORGANIC","mg/L",16.3
"03/21/2022","S65E","CARBON, TOTAL ORGANIC","mg/L",14.3
"04/04/2022","S65E","CARBON, TOTAL ORGANIC","mg/L",14.7
"04/18/2022","S65E","CARBON, TOTAL ORGANIC","mg/L",14.3
"05/02/2022","S65E","CARBON, TOTAL ORGANIC","mg/L",19.4
"05/16/2022","S65E","CARBON, TOTAL ORGANIC","mg/L",17.1
"05/31/2022","S65E","CARBON, TOTAL ORGANIC","mg/L",15.4
"06/13/2022","S65E","CARBON, TOTAL ORGANIC","mg/L",15
"06/27/2022","S65E","CARBON, TOTAL ORGANIC","mg/L",15.8
"07/11/2022","S65E","CARBON, TOTAL ORGANIC","mg/L",16.8
"07/25/2022","S65E","CARBON, TOTAL ORGANIC","mg/L",19
"08/08/2022","S65E","CARBON, TOTAL ORGANIC","mg/L",22.4
"08/22/2022","S65E","CARBON, TOTAL ORGANIC","mg/L",24.6
"09/06/2022","S65E","CARBON, TOTAL ORGANIC","mg/L",24.8
"09/19/2022","S65E","CARBON, TOTAL ORGANIC","mg/L",26.3
"10/03/2022","S65E","CARBON, TOTAL ORGANIC","mg/L",20.2
"10/17/2022","S65E","CARBON, TOTAL ORGANIC","mg/L",17.4
"10/31/2022","S65E","CARBON, TOTAL ORGANIC","mg/L",18.8
"11/14/2022","S65E","CARBON, TOTAL ORGANIC","mg/L",18.8
"11/28/2022","S65E","CARBON, TOTAL ORGANIC","mg/L",18.8
"12/12/2022","S65E","CARBON, TOTAL ORGANIC","mg/L",18.2
"12/27/2022","S65E","CARBON, TOTAL ORGANIC","mg/L",16.4
"01/09/2023","S65E","CARBON, TOTAL ORGANIC","mg/L",16.4
"01/23/2023","S65E","CARBON, TOTAL ORGANIC","mg/L",15.4
"02/06/2023","S65E","CARBON, TOTAL ORGANIC","mg/L",17
"02/20/2023","S65E","CARBON, TOTAL ORGANIC","mg/L",17
"03/06/2023","S65E","CARBON, TOTAL ORGANIC","mg/L",17.2
"03/20/2023","S65E","CARBON, TOTAL ORGANIC","mg/L",16.9
"04/03/2023","S65E","CARBON, TOTAL ORGANIC","mg/L",16
"04/17/2023","S65E","CARBON, TOTAL ORGANIC","mg/L",17.2
"05/01/2023","S65E","CARBON, TOTAL ORGANIC","mg/L",15.6
"01/09/1996","S65E","CAROTENOIDS","ug/L",-1
"01/23/1996","S65E","CAROTENOIDS","ug/L",7
"02/06/1996","S65E","CAROTENOIDS","ug/L",8
"02/20/1996","S65E","CAROTENOIDS","ug/L",14.45
"03/05/1996","S65E","CAROTENOIDS","ug/L",10.55
"03/19/1996","S65E","CAROTENOIDS","ug/L",2.5
"04/02/1996","S65E","CAROTENOIDS","ug/L",6.1
"04/16/1996","S65E","CAROTENOIDS","ug/L",3.9
"04/30/1996","S65E","CAROTENOIDS","ug/L",1.96
"05/14/1996","S65E","CAROTENOIDS","ug/L",1.75
"05/28/1996","S65E","CAROTENOIDS","ug/L",6.05
"06/11/1996","S65E","CAROTENOIDS","ug/L",3.56815
"06/25/1996","S65E","CAROTENOIDS","ug/L",2.75
"07/09/1996","S65E","CAROTENOIDS","ug/L",2.5
"07/23/1996","S65E","CAROTENOIDS","ug/L",3.95
"08/06/1996","S65E","CAROTENOIDS","ug/L",-1
"08/20/1996","S65E","CAROTENOIDS","ug/L",-1
"09/03/1996","S65E","CAROTENOIDS","ug/L",1.65
"09/17/1996","S65E","CAROTENOIDS","ug/L",0.25
"10/01/1996","S65E","CAROTENOIDS","ug/L",-1
"10/15/1996","S65E","CAROTENOIDS","ug/L",-1
"10/29/1996","S65E","CAROTENOIDS","ug/L",0.05
"11/12/1996","S65E","CAROTENOIDS","ug/L",-1
"11/26/1996","S65E","CAROTENOIDS","ug/L",-0.2
"12/10/1996","S65E","CAROTENOIDS","ug/L",-1
"12/26/1996","S65E","CAROTENOIDS","ug/L",-1
"01/07/1997","S65E","CAROTENOIDS","ug/L",2.35
"01/21/1997","S65E","CAROTENOIDS","ug/L",0.4
"02/05/1997","S65E","CAROTENOIDS","ug/L",3.85
"02/18/1997","S65E","CAROTENOIDS","ug/L",2.46666666666667
"03/04/1997","S65E","CAROTENOIDS","ug/L",1.65
"03/18/1997","S65E","CAROTENOIDS","ug/L",1
"04/01/1997","S65E","CAROTENOIDS","ug/L",1.5
"04/15/1997","S65E","CAROTENOIDS","ug/L",3.3
"04/29/1997","S65E","CAROTENOIDS","ug/L",2.7
"05/13/1997","S65E","CAROTENOIDS","ug/L",6
"05/27/1997","S65E","CAROTENOIDS","ug/L",3.95
"06/10/1997","S65E","CAROTENOIDS","ug/L",7.6
"06/24/1997","S65E","CAROTENOIDS","ug/L",2.55
"07/08/1997","S65E","CAROTENOIDS","ug/L",4.1
"07/22/1997","S65E","CAROTENOIDS","ug/L",7.6
"08/05/1997","S65E","CAROTENOIDS","ug/L",8.8
"08/19/1997","S65E","CAROTENOIDS","ug/L",4.4
"09/02/1997","S65E","CAROTENOIDS","ug/L",3.26666666666667
"09/16/1997","S65E","CAROTENOIDS","ug/L",2.3
"09/30/1997","S65E","CAROTENOIDS","ug/L",1.7
"10/14/1997","S65E","CAROTENOIDS","ug/L",-1
"10/28/1997","S65E","CAROTENOIDS","ug/L",1.6
"11/12/1997","S65E","CAROTENOIDS","ug/L",-1
"11/25/1997","S65E","CAROTENOIDS","ug/L",1.3
"12/09/1997","S65E","CAROTENOIDS","ug/L",1.6
"12/23/1997","S65E","CAROTENOIDS","ug/L",8.6
"01/20/1998","S65E","CAROTENOIDS","ug/L",5.2
"02/03/1998","S65E","CAROTENOIDS","ug/L",3
"02/17/1998","S65E","CAROTENOIDS","ug/L",4.2
"03/03/1998","S65E","CAROTENOIDS","ug/L",4.2
"03/17/1998","S65E","CAROTENOIDS","ug/L",6.3
"03/31/1998","S65E","CAROTENOIDS","ug/L",3.3
"04/14/1998","S65E","CAROTENOIDS","ug/L",1.8
"04/28/1998","S65E","CAROTENOIDS","ug/L",-1
"05/12/1998","S65E","CAROTENOIDS","ug/L",3
"05/26/1998","S65E","CAROTENOIDS","ug/L",1
"06/09/1998","S65E","CAROTENOIDS","ug/L",1.9
"06/23/1998","S65E","CAROTENOIDS","ug/L",7.1
"07/07/1998","S65E","CAROTENOIDS","ug/L",6.1
"07/21/1998","S65E","CAROTENOIDS","ug/L",2.7
"08/04/1998","S65E","CAROTENOIDS","ug/L",4.3
"08/18/1998","S65E","CAROTENOIDS","ug/L",4.1
"09/01/1998","S65E","CAROTENOIDS","ug/L",4.4
"09/29/1998","S65E","CAROTENOIDS","ug/L",2.2
"10/13/1998","S65E","CAROTENOIDS","ug/L",10
"10/27/1998","S65E","CAROTENOIDS","ug/L",1.8
"11/09/1998","S65E","CAROTENOIDS","ug/L",-1
"11/24/1998","S65E","CAROTENOIDS","ug/L",1.3
"12/08/1998","S65E","CAROTENOIDS","ug/L",-1
"12/22/1998","S65E","CAROTENOIDS","ug/L",-1
"01/05/1999","S65E","CAROTENOIDS","ug/L",-1
"01/19/1999","S65E","CAROTENOIDS","ug/L",1.8
"02/02/1999","S65E","CAROTENOIDS","ug/L",-1
"02/16/1999","S65E","CAROTENOIDS","ug/L",-1
"03/02/1999","S65E","CAROTENOIDS","ug/L",0.1
"03/16/1999","S65E","CAROTENOIDS","ug/L",-1
"03/30/1999","S65E","CAROTENOIDS","ug/L",-1
"04/13/1999","S65E","CAROTENOIDS","ug/L",5.3
"04/27/1999","S65E","CAROTENOIDS","ug/L",7.5
"05/11/1999","S65E","CAROTENOIDS","ug/L",7.1
"05/25/1999","S65E","CAROTENOIDS","ug/L",-1
"06/08/1999","S65E","CAROTENOIDS","ug/L",3.4
"06/22/1999","S65E","CAROTENOIDS","ug/L",8.1
"07/06/1999","S65E","CAROTENOIDS","ug/L",0.75
"07/20/1999","S65E","CAROTENOIDS","ug/L",1.05
"08/03/1999","S65E","CAROTENOIDS","ug/L",2.25
"08/17/1999","S65E","CAROTENOIDS","ug/L",7.8
"08/31/1999","S65E","CAROTENOIDS","ug/L",2.5
"09/16/1999","S65E","CAROTENOIDS","ug/L",1.06666666666667
"09/28/1999","S65E","CAROTENOIDS","ug/L",0.25
"10/12/1999","S65E","CAROTENOIDS","ug/L",2.4
"10/26/1999","S65E","CAROTENOIDS","ug/L",8.2
"11/09/1999","S65E","CAROTENOIDS","ug/L",1.9
"11/23/1999","S65E","CAROTENOIDS","ug/L",6.5
"12/07/1999","S65E","CAROTENOIDS","ug/L",-1
"12/21/1999","S65E","CAROTENOIDS","ug/L",0.25
"01/04/2000","S65E","CAROTENOIDS","ug/L",2.23333333333333
"01/18/2000","S65E","CAROTENOIDS","ug/L",1.85
"02/01/2000","S65E","CAROTENOIDS","ug/L",5.8
"02/15/2000","S65E","CAROTENOIDS","ug/L",6.6
"02/29/2000","S65E","CAROTENOIDS","ug/L",1.55
"03/14/2000","S65E","CAROTENOIDS","ug/L",2.9
"03/28/2000","S65E","CAROTENOIDS","ug/L",3.8
"04/11/2000","S65E","CAROTENOIDS","ug/L",3.9
"04/24/2000","S65E","CAROTENOIDS","ug/L",0.15
"05/09/2000","S65E","CAROTENOIDS","ug/L",-1
"05/23/2000","S65E","CAROTENOIDS","ug/L",56.5
"06/06/2000","S65E","CAROTENOIDS","ug/L",11.5
"06/20/2000","S65E","CAROTENOIDS","ug/L",7.5
"07/05/2000","S65E","CAROTENOIDS","ug/L",4.7
"07/18/2000","S65E","CAROTENOIDS","ug/L",6.1
"08/01/2000","S65E","CAROTENOIDS","ug/L",4.4
"08/15/2000","S65E","CAROTENOIDS","ug/L",5.53333333333333
"08/29/2000","S65E","CAROTENOIDS","ug/L",15.2
"09/12/2000","S65E","CAROTENOIDS","ug/L",6.1
"09/26/2000","S65E","CAROTENOIDS","ug/L",12.3
"10/10/2000","S65E","CAROTENOIDS","ug/L",-1
"10/24/2000","S65E","CAROTENOIDS","ug/L",-1
"11/07/2000","S65E","CAROTENOIDS","ug/L",-1
"11/21/2000","S65E","CAROTENOIDS","ug/L",-1
"12/05/2000","S65E","CAROTENOIDS","ug/L",-1
"01/02/2001","S65E","CAROTENOIDS","ug/L",-1
"01/16/2001","S65E","CAROTENOIDS","ug/L",-1
"02/13/2001","S65E","CAROTENOIDS","ug/L",-1
"02/27/2001","S65E","CAROTENOIDS","ug/L",2
"03/13/2001","S65E","CAROTENOIDS","ug/L",-1
"03/27/2001","S65E","CAROTENOIDS","ug/L",2.1
"04/10/2001","S65E","CAROTENOIDS","ug/L",-1
"04/24/2001","S65E","CAROTENOIDS","ug/L",-1
"05/08/2001","S65E","CAROTENOIDS","ug/L",1.5
"05/22/2001","S65E","CAROTENOIDS","ug/L",9.3
"06/05/2001","S65E","CAROTENOIDS","ug/L",-1
"06/19/2001","S65E","CAROTENOIDS","ug/L",0.7
"07/03/2001","S65E","CAROTENOIDS","ug/L",0.466666666666667
"07/17/2001","S65E","CAROTENOIDS","ug/L",3.4
"07/31/2001","S65E","CAROTENOIDS","ug/L",1.7
"08/14/2001","S65E","CAROTENOIDS","ug/L",5.6
"08/28/2001","S65E","CAROTENOIDS","ug/L",8
"09/11/2001","S65E","CAROTENOIDS","ug/L",2.53333333333333
"09/25/2001","S65E","CAROTENOIDS","ug/L",4
"10/09/2001","S65E","CAROTENOIDS","ug/L",4
"11/06/2001","S65E","CAROTENOIDS","ug/L",2.8
"11/20/2001","S65E","CAROTENOIDS","ug/L",3.8
"12/04/2001","S65E","CAROTENOIDS","ug/L",1
"12/18/2001","S65E","CAROTENOIDS","ug/L",2.6
"01/15/2002","S65E","CAROTENOIDS","ug/L",1.2
"01/29/2002","S65E","CAROTENOIDS","ug/L",1.6
"02/12/2002","S65E","CAROTENOIDS","ug/L",1.15
"02/26/2002","S65E","CAROTENOIDS","ug/L",2.9
"03/12/2002","S65E","CAROTENOIDS","ug/L",2.6
"03/26/2002","S65E","CAROTENOIDS","ug/L",1.7
"04/09/2002","S65E","CAROTENOIDS","ug/L",0.55
"04/23/2002","S65E","CAROTENOIDS","ug/L",3.8
"05/07/2002","S65E","CAROTENOIDS","ug/L",3.4
"05/21/2002","S65E","CAROTENOIDS","ug/L",3.9
"06/04/2002","S65E","CAROTENOIDS","ug/L",6.8
"06/18/2002","S65E","CAROTENOIDS","ug/L",0.8
"07/02/2002","S65E","CAROTENOIDS","ug/L",2.3
"07/16/2002","S65E","CAROTENOIDS","ug/L",0.95
"07/30/2002","S65E","CAROTENOIDS","ug/L",1.15
"08/13/2002","S65E","CAROTENOIDS","ug/L",2.7
"08/27/2002","S65E","CAROTENOIDS","ug/L",1
"09/10/2002","S65E","CAROTENOIDS","ug/L",0.75
"09/24/2002","S65E","CAROTENOIDS","ug/L",0.5
"10/08/2002","S65E","CAROTENOIDS","ug/L",2.4
"10/22/2002","S65E","CAROTENOIDS","ug/L",3.7
"11/05/2002","S65E","CAROTENOIDS","ug/L",2.2
"11/19/2002","S65E","CAROTENOIDS","ug/L",1.7
"12/03/2002","S65E","CAROTENOIDS","ug/L",4.4
"12/17/2002","S65E","CAROTENOIDS","ug/L",0.75
"12/31/2002","S65E","CAROTENOIDS","ug/L",3.2
"01/14/2003","S65E","CAROTENOIDS","ug/L",4.1
"01/28/2003","S65E","CAROTENOIDS","ug/L",-1
"02/11/2003","S65E","CAROTENOIDS","ug/L",1.1
"02/25/2003","S65E","CAROTENOIDS","ug/L",1.1
"03/11/2003","S65E","CAROTENOIDS","ug/L",3.8
"03/25/2003","S65E","CAROTENOIDS","ug/L",3
"04/08/2003","S65E","CAROTENOIDS","ug/L",3.6
"04/22/2003","S65E","CAROTENOIDS","ug/L",2.5
"05/06/2003","S65E","CAROTENOIDS","ug/L",0.4
"06/03/2003","S65E","CAROTENOIDS","ug/L",0.6
"06/17/2003","S65E","CAROTENOIDS","ug/L",1.35
"07/01/2003","S65E","CAROTENOIDS","ug/L",4
"07/15/2003","S65E","CAROTENOIDS","ug/L",6.9
"07/29/2003","S65E","CAROTENOIDS","ug/L",7.2
"08/12/2003","S65E","CAROTENOIDS","ug/L",2.2
"08/26/2003","S65E","CAROTENOIDS","ug/L",2.9
"09/09/2003","S65E","CAROTENOIDS","ug/L",1
"09/23/2003","S65E","CAROTENOIDS","ug/L",2
"10/07/2003","S65E","CAROTENOIDS","ug/L",0
"10/21/2003","S65E","CAROTENOIDS","ug/L",2
"11/04/2003","S65E","CAROTENOIDS","ug/L",3
"11/18/2003","S65E","CAROTENOIDS","ug/L",3
"12/02/2003","S65E","CAROTENOIDS","ug/L",3
"12/16/2003","S65E","CAROTENOIDS","ug/L",2
"12/30/2003","S65E","CAROTENOIDS","ug/L",1
"01/13/2004","S65E","CAROTENOIDS","ug/L",2
"01/27/2004","S65E","CAROTENOIDS","ug/L",2
"02/10/2004","S65E","CAROTENOIDS","ug/L",0.5
"02/24/2004","S65E","CAROTENOIDS","ug/L",4
"03/09/2004","S65E","CAROTENOIDS","ug/L",10
"03/23/2004","S65E","CAROTENOIDS","ug/L",5
"04/06/2004","S65E","CAROTENOIDS","ug/L",5
"04/20/2004","S65E","CAROTENOIDS","ug/L",2
"05/04/2004","S65E","CAROTENOIDS","ug/L",1
"05/18/2004","S65E","CAROTENOIDS","ug/L",3
"06/08/2004","S65E","CAROTENOIDS","ug/L",2
"06/22/2004","S65E","CAROTENOIDS","ug/L",8
"07/06/2004","S65E","CAROTENOIDS","ug/L",1.5
"07/20/2004","S65E","CAROTENOIDS","ug/L",1
"08/03/2004","S65E","CAROTENOIDS","ug/L",3
"08/17/2004","S65E","CAROTENOIDS","ug/L",8
"08/31/2004","S65E","CAROTENOIDS","ug/L",6
"09/14/2004","S65E","CAROTENOIDS","ug/L",8
"09/29/2004","S65E","CAROTENOIDS","ug/L",9
"10/12/2004","S65E","CAROTENOIDS","ug/L",2
"10/26/2004","S65E","CAROTENOIDS","ug/L",0
"11/09/2004","S65E","CAROTENOIDS","ug/L",1
"11/22/2004","S65E","CAROTENOIDS","ug/L",2
"12/07/2004","S65E","CAROTENOIDS","ug/L",2
"12/21/2004","S65E","CAROTENOIDS","ug/L",0
"01/04/2005","S65E","CAROTENOIDS","ug/L",1
"01/18/2005","S65E","CAROTENOIDS","ug/L",3
"02/01/2005","S65E","CAROTENOIDS","ug/L",2
"02/15/2005","S65E","CAROTENOIDS","ug/L",2
"03/01/2005","S65E","CAROTENOIDS","ug/L",-1
"03/15/2005","S65E","CAROTENOIDS","ug/L",2
"03/29/2005","S65E","CAROTENOIDS","ug/L",2
"04/12/2005","S65E","CAROTENOIDS","ug/L",2
"04/26/2005","S65E","CAROTENOIDS","ug/L",3
"05/10/2005","S65E","CAROTENOIDS","ug/L",5
"05/24/2005","S65E","CAROTENOIDS","ug/L",2
"06/07/2005","S65E","CAROTENOIDS","ug/L",-1
"06/21/2005","S65E","CAROTENOIDS","ug/L",2
"07/05/2005","S65E","CAROTENOIDS","ug/L",0
"07/19/2005","S65E","CAROTENOIDS","ug/L",0
"08/02/2005","S65E","CAROTENOIDS","ug/L",0
"08/16/2005","S65E","CAROTENOIDS","ug/L",2
"08/30/2005","S65E","CAROTENOIDS","ug/L",2
"09/12/2005","S65E","CAROTENOIDS","ug/L",0.5
"09/26/2005","S65E","CAROTENOIDS","ug/L",5
"10/11/2005","S65E","CAROTENOIDS","ug/L",3
"11/08/2005","S65E","CAROTENOIDS","ug/L",1
"11/16/2005","S65E","CAROTENOIDS","ug/L",1
"12/06/2005","S65E","CAROTENOIDS","ug/L",2
"12/20/2005","S65E","CAROTENOIDS","ug/L",1
"01/03/2006","S65E","CAROTENOIDS","ug/L",2
"01/17/2006","S65E","CAROTENOIDS","ug/L",2
"01/30/2006","S65E","CAROTENOIDS","ug/L",2
"02/13/2006","S65E","CAROTENOIDS","ug/L",0.5
"02/28/2006","S65E","CAROTENOIDS","ug/L",3
"03/13/2006","S65E","CAROTENOIDS","ug/L",0.5
"03/28/2006","S65E","CAROTENOIDS","ug/L",2
"04/11/2006","S65E","CAROTENOIDS","ug/L",0.5
"04/24/2006","S65E","CAROTENOIDS","ug/L",5
"05/08/2006","S65E","CAROTENOIDS","ug/L",5
"05/23/2006","S65E","CAROTENOIDS","ug/L",1.5
"06/06/2006","S65E","CAROTENOIDS","ug/L",1
"06/19/2006","S65E","CAROTENOIDS","ug/L",0
"07/18/2006","S65E","CAROTENOIDS","ug/L",2
"07/31/2006","S65E","CAROTENOIDS","ug/L",0.5
"08/14/2006","S65E","CAROTENOIDS","ug/L",4
"08/31/2006","S65E","CAROTENOIDS","ug/L",4
"09/11/2006","S65E","CAROTENOIDS","ug/L",0
"09/25/2006","S65E","CAROTENOIDS","ug/L",1
"10/10/2006","S65E","CAROTENOIDS","ug/L",3
"10/24/2006","S65E","CAROTENOIDS","ug/L",-1
"11/07/2006","S65E","CAROTENOIDS","ug/L",-1
"11/21/2006","S65E","CAROTENOIDS","ug/L",-1
"12/05/2006","S65E","CAROTENOIDS","ug/L",-1
"12/19/2006","S65E","CAROTENOIDS","ug/L",1.25
"01/02/2007","S65E","CAROTENOIDS","ug/L",0.5
"01/16/2007","S65E","CAROTENOIDS","ug/L",-1
"01/30/2007","S65E","CAROTENOIDS","ug/L",-1
"02/13/2007","S65E","CAROTENOIDS","ug/L",1.4
"02/27/2007","S65E","CAROTENOIDS","ug/L",-1
"03/13/2007","S65E","CAROTENOIDS","ug/L",-0.4
"03/27/2007","S65E","CAROTENOIDS","ug/L",1.9
"04/10/2007","S65E","CAROTENOIDS","ug/L",1.1
"04/24/2007","S65E","CAROTENOIDS","ug/L",1.5
"05/08/2007","S65E","CAROTENOIDS","ug/L",0.2
"05/22/2007","S65E","CAROTENOIDS","ug/L",2.5
"06/05/2007","S65E","CAROTENOIDS","ug/L",1.88
"06/19/2007","S65E","CAROTENOIDS","ug/L",2.2
"07/02/2007","S65E","CAROTENOIDS","ug/L",4.9
"08/06/2007","S65E","CAROTENOIDS","ug/L",0.9
"08/21/2007","S65E","CAROTENOIDS","ug/L",4.1
"09/04/2007","S65E","CAROTENOIDS","ug/L",0.9
"09/17/2007","S65E","CAROTENOIDS","ug/L",1.3
"10/01/2007","S65E","CAROTENOIDS","ug/L",2.1
"10/15/2007","S65E","CAROTENOIDS","ug/L",0.15
"10/29/2007","S65E","CAROTENOIDS","ug/L",-1
"11/05/2007","S65E","CAROTENOIDS","ug/L",5
"11/20/2007","S65E","CAROTENOIDS","ug/L",1.3
"12/03/2007","S65E","CAROTENOIDS","ug/L",0.94
"12/18/2007","S65E","CAROTENOIDS","ug/L",1.7
"01/17/2008","S65E","CAROTENOIDS","ug/L",6.4
"01/29/2008","S65E","CAROTENOIDS","ug/L",1.2
"02/04/2008","S65E","CAROTENOIDS","ug/L",4.1
"02/19/2008","S65E","CAROTENOIDS","ug/L",3.4
"03/03/2008","S65E","CAROTENOIDS","ug/L",2.78
"03/17/2008","S65E","CAROTENOIDS","ug/L",3.4
"04/07/2008","S65E","CAROTENOIDS","ug/L",10.5
"04/21/2008","S65E","CAROTENOIDS","ug/L",6.3
"05/06/2008","S65E","CAROTENOIDS","ug/L",6.7
"05/19/2008","S65E","CAROTENOIDS","ug/L",4.45
"06/03/2008","S65E","CAROTENOIDS","ug/L",4.32
"06/17/2008","S65E","CAROTENOIDS","ug/L",5.8
"07/01/2008","S65E","CAROTENOIDS","ug/L",2.6
"07/16/2008","S65E","CAROTENOIDS","ug/L",2.2
"08/06/2008","S65E","CAROTENOIDS","ug/L",8.7
"08/26/2008","S65E","CAROTENOIDS","ug/L",3.1
"09/08/2008","S65E","CAROTENOIDS","ug/L",2.62
"09/22/2008","S65E","CAROTENOIDS","ug/L",6
"10/06/2008","S65E","CAROTENOIDS","ug/L",2
"10/20/2008","S65E","CAROTENOIDS","ug/L",1.25
"11/13/2008","S65E","CAROTENOIDS","ug/L",0.55
"11/24/2008","S65E","CAROTENOIDS","ug/L",3.4
"12/10/2008","S65E","CAROTENOIDS","ug/L",1.1
"12/23/2008","S65E","CAROTENOIDS","ug/L",1.1
"01/14/2009","S65E","CAROTENOIDS","ug/L",1.05
"01/27/2009","S65E","CAROTENOIDS","ug/L",1.8
"02/02/2009","S65E","CAROTENOIDS","ug/L",2.2
"02/17/2009","S65E","CAROTENOIDS","ug/L",6.2
"03/03/2009","S65E","CAROTENOIDS","ug/L",2.02
"03/17/2009","S65E","CAROTENOIDS","ug/L",3.2
"03/31/2009","S65E","CAROTENOIDS","ug/L",1.2
"04/14/2009","S65E","CAROTENOIDS","ug/L",1.1
"04/29/2009","S65E","CAROTENOIDS","ug/L",4.4
"05/13/2009","S65E","CAROTENOIDS","ug/L",2.2
"05/27/2009","S65E","CAROTENOIDS","ug/L",13.6
"06/02/2009","S65E","CAROTENOIDS","ug/L",4
"06/16/2009","S65E","CAROTENOIDS","ug/L",1.7
"07/07/2009","S65E","CAROTENOIDS","ug/L",1.6
"07/20/2009","S65E","CAROTENOIDS","ug/L",3.7
"08/04/2009","S65E","CAROTENOIDS","ug/L",1.5
"08/18/2009","S65E","CAROTENOIDS","ug/L",1.05
"09/08/2009","S65E","CAROTENOIDS","ug/L",1.4
"09/22/2009","S65E","CAROTENOIDS","ug/L",0.8
"10/07/2009","S65E","CAROTENOIDS","ug/L",0.55
"10/21/2009","S65E","CAROTENOIDS","ug/L",0.1
"11/09/2009","S65E","CAROTENOIDS","ug/L",0.25
"11/30/2009","S65E","CAROTENOIDS","ug/L",0.05
"12/16/2009","S65E","CAROTENOIDS","ug/L",0.1
"12/28/2009","S65E","CAROTENOIDS","ug/L",0.2
"01/11/2010","S65E","CAROTENOIDS","ug/L",-1
"01/25/2010","S65E","CAROTENOIDS","ug/L",2.2
"02/08/2010","S65E","CAROTENOIDS","ug/L",1.8
"02/17/2010","S65E","CAROTENOIDS","ug/L",2.7
"03/15/2010","S65E","CAROTENOIDS","ug/L",1.28
"03/29/2010","S65E","CAROTENOIDS","ug/L",1.5
"04/12/2010","S65E","CAROTENOIDS","ug/L",-1
"04/26/2010","S65E","CAROTENOIDS","ug/L",1.3
"05/10/2010","S65E","CAROTENOIDS","ug/L",0.05
"05/24/2010","S65E","CAROTENOIDS","ug/L",4.6
"06/07/2010","S65E","CAROTENOIDS","ug/L",3.75
"06/21/2010","S65E","CAROTENOIDS","ug/L",2.7
"07/08/2010","S65E","CAROTENOIDS","ug/L",1.75
"07/19/2010","S65E","CAROTENOIDS","ug/L",2
"08/02/2010","S65E","CAROTENOIDS","ug/L",2.2
"08/16/2010","S65E","CAROTENOIDS","ug/L",2.1
"09/14/2010","S65E","CAROTENOIDS","ug/L",2.46666666666667
"09/27/2010","S65E","CAROTENOIDS","ug/L",-1
"10/11/2010","S65E","CAROTENOIDS","ug/L",1.7
"10/26/2010","S65E","CAROTENOIDS","ug/L",1
"11/09/2010","S65E","CAROTENOIDS","ug/L",1.6
"11/29/2010","S65E","CAROTENOIDS","ug/L",1.6
"12/09/2010","S65E","CAROTENOIDS","ug/L",3.9
"12/22/2010","S65E","CAROTENOIDS","ug/L",5.8
"01/10/2011","S65E","CAROTENOIDS","ug/L",3
"01/24/2011","S65E","CAROTENOIDS","ug/L",4.4
"02/07/2011","S65E","CAROTENOIDS","ug/L",6.9
"02/23/2011","S65E","CAROTENOIDS","ug/L",7.6
"03/09/2011","S65E","CAROTENOIDS","ug/L",4.46666666666667
"03/23/2011","S65E","CAROTENOIDS","ug/L",4.5
"04/13/2011","S65E","CAROTENOIDS","ug/L",12.6
"04/27/2011","S65E","CAROTENOIDS","ug/L",8.3
"04/16/1973","S65E","CHLORIDE","mg/L",18
"04/23/1973","S65E","CHLORIDE","mg/L",25
"04/30/1973","S65E","CHLORIDE","mg/L",21
"05/07/1973","S65E","CHLORIDE","mg/L",20
"05/14/1973","S65E","CHLORIDE","mg/L",21.7
"05/21/1973","S65E","CHLORIDE","mg/L",19.5
"05/29/1973","S65E","CHLORIDE","mg/L",18
"06/04/1973","S65E","CHLORIDE","mg/L",21
"06/11/1973","S65E","CHLORIDE","mg/L",29
"06/13/1973","S65E","CHLORIDE","mg/L",26
"06/18/1973","S65E","CHLORIDE","mg/L",27
"06/25/1973","S65E","CHLORIDE","mg/L",23
"07/02/1973","S65E","CHLORIDE","mg/L",22.3
"07/09/1973","S65E","CHLORIDE","mg/L",20.4
"07/16/1973","S65E","CHLORIDE","mg/L",18.8666666666667
"07/23/1973","S65E","CHLORIDE","mg/L",16.9
"07/30/1973","S65E","CHLORIDE","mg/L",15
"08/06/1973","S65E","CHLORIDE","mg/L",15.8
"08/13/1973","S65E","CHLORIDE","mg/L",14.9
"08/20/1973","S65E","CHLORIDE","mg/L",21.5
"08/27/1973","S65E","CHLORIDE","mg/L",19.2
"08/29/1973","S65E","CHLORIDE","mg/L",21.1
"09/04/1973","S65E","CHLORIDE","mg/L",13.2
"09/10/1973","S65E","CHLORIDE","mg/L",12.4
"09/17/1973","S65E","CHLORIDE","mg/L",16.1
"09/24/1973","S65E","CHLORIDE","mg/L",16.6
"10/01/1973","S65E","CHLORIDE","mg/L",14.1
"10/02/1973","S65E","CHLORIDE","mg/L",14.5
"10/08/1973","S65E","CHLORIDE","mg/L",17.9
"10/15/1973","S65E","CHLORIDE","mg/L",16.8
"10/23/1973","S65E","CHLORIDE","mg/L",16.3
"10/29/1973","S65E","CHLORIDE","mg/L",19.6
"11/07/1973","S65E","CHLORIDE","mg/L",27.9
"11/12/1973","S65E","CHLORIDE","mg/L",22
"11/13/1973","S65E","CHLORIDE","mg/L",38
"11/26/1973","S65E","CHLORIDE","mg/L",28.6
"12/03/1973","S65E","CHLORIDE","mg/L",28
"12/05/1973","S65E","CHLORIDE","mg/L",26.7
"12/10/1973","S65E","CHLORIDE","mg/L",23
"12/11/1973","S65E","CHLORIDE","mg/L",67
"12/17/1973","S65E","CHLORIDE","mg/L",27
"01/02/1974","S65E","CHLORIDE","mg/L",12
"01/08/1974","S65E","CHLORIDE","mg/L",36.5
"01/14/1974","S65E","CHLORIDE","mg/L",16.4
"01/28/1974","S65E","CHLORIDE","mg/L",18.8
"02/11/1974","S65E","CHLORIDE","mg/L",17
"02/12/1974","S65E","CHLORIDE","mg/L",20.6
"02/25/1974","S65E","CHLORIDE","mg/L",18.5
"03/05/1974","S65E","CHLORIDE","mg/L",22.7
"03/11/1974","S65E","CHLORIDE","mg/L",20
"03/25/1974","S65E","CHLORIDE","mg/L",27.1
"04/02/1974","S65E","CHLORIDE","mg/L",29.35
"04/08/1974","S65E","CHLORIDE","mg/L",35.5
"04/22/1974","S65E","CHLORIDE","mg/L",26.8
"05/07/1974","S65E","CHLORIDE","mg/L",21.5
"05/13/1974","S65E","CHLORIDE","mg/L",20.3
"05/28/1974","S65E","CHLORIDE","mg/L",21
"06/10/1974","S65E","CHLORIDE","mg/L",21.4
"06/11/1974","S65E","CHLORIDE","mg/L",22.1
"06/24/1974","S65E","CHLORIDE","mg/L",28.3
"07/08/1974","S65E","CHLORIDE","mg/L",13.2
"07/09/1974","S65E","CHLORIDE","mg/L",33.05
"07/22/1974","S65E","CHLORIDE","mg/L",13.9
"08/05/1974","S65E","CHLORIDE","mg/L",6.3
"08/13/1974","S65E","CHLORIDE","mg/L",16.6
"08/19/1974","S65E","CHLORIDE","mg/L",13.6
"09/03/1974","S65E","CHLORIDE","mg/L",11.8
"09/10/1974","S65E","CHLORIDE","mg/L",31.8
"09/16/1974","S65E","CHLORIDE","mg/L",15.9
"09/30/1974","S65E","CHLORIDE","mg/L",14.7
"10/08/1974","S65E","CHLORIDE","mg/L",11.8
"10/14/1974","S65E","CHLORIDE","mg/L",16.4
"10/28/1974","S65E","CHLORIDE","mg/L",12.3
"11/05/1974","S65E","CHLORIDE","mg/L",14.6
"11/12/1974","S65E","CHLORIDE","mg/L",18.8
"12/10/1974","S65E","CHLORIDE","mg/L",69.3
"01/07/1975","S65E","CHLORIDE","mg/L",43.6
"02/04/1975","S65E","CHLORIDE","mg/L",41.25
"03/05/1975","S65E","CHLORIDE","mg/L",41.75
"04/08/1975","S65E","CHLORIDE","mg/L",47.4
"05/06/1975","S65E","CHLORIDE","mg/L",17.2
"06/03/1975","S65E","CHLORIDE","mg/L",20.35
"07/15/1975","S65E","CHLORIDE","mg/L",22.7
"08/12/1975","S65E","CHLORIDE","mg/L",17.2
"09/12/1975","S65E","CHLORIDE","mg/L",19.3
"10/27/1975","S65E","CHLORIDE","mg/L",22.8
"10/28/1975","S65E","CHLORIDE","mg/L",16.2
"11/18/1975","S65E","CHLORIDE","mg/L",17.65
"02/12/1976","S65E","CHLORIDE","mg/L",17.3
"05/11/1976","S65E","CHLORIDE","mg/L",16.4
"06/22/1976","S65E","CHLORIDE","mg/L",17.1
"06/25/1976","S65E","CHLORIDE","mg/L",17.7
"07/20/1976","S65E","CHLORIDE","mg/L",14.5
"08/24/1976","S65E","CHLORIDE","mg/L",14.4
"09/21/1976","S65E","CHLORIDE","mg/L",13.4
"10/19/1976","S65E","CHLORIDE","mg/L",16.5
"12/06/1976","S65E","CHLORIDE","mg/L",22.1
"01/25/1977","S65E","CHLORIDE","mg/L",20.35
"03/21/1977","S65E","CHLORIDE","mg/L",17
"05/23/1977","S65E","CHLORIDE","mg/L",35.85
"07/25/1977","S65E","CHLORIDE","mg/L",56.45
"09/20/1977","S65E","CHLORIDE","mg/L",33.1
"12/01/1977","S65E","CHLORIDE","mg/L",33.25
"01/24/1978","S65E","CHLORIDE","mg/L",20.9
"03/21/1978","S65E","CHLORIDE","mg/L",19.7
"05/30/1978","S65E","CHLORIDE","mg/L",22.8
"06/21/1978","S65E","CHLORIDE","mg/L",30.3
"07/25/1978","S65E","CHLORIDE","mg/L",12.1
"08/22/1978","S65E","CHLORIDE","mg/L",14.6
"09/18/1978","S65E","CHLORIDE","mg/L",15.7
"10/09/1978","S65E","CHLORIDE","mg/L",14.8
"10/17/1978","S65E","CHLORIDE","mg/L",12.75
"10/23/1978","S65E","CHLORIDE","mg/L",13.1
"11/14/1978","S65E","CHLORIDE","mg/L",21.9
"12/04/1978","S65E","CHLORIDE","mg/L",18.4
"12/12/1978","S65E","CHLORIDE","mg/L",18.4
"12/19/1978","S65E","CHLORIDE","mg/L",18.1
"01/08/1979","S65E","CHLORIDE","mg/L",22.3
"01/22/1979","S65E","CHLORIDE","mg/L",17
"01/23/1979","S65E","CHLORIDE","mg/L",15.6
"02/05/1979","S65E","CHLORIDE","mg/L",19
"02/20/1979","S65E","CHLORIDE","mg/L",16.8333333333333
"03/05/1979","S65E","CHLORIDE","mg/L",18.9
"03/19/1979","S65E","CHLORIDE","mg/L",21.0333333333333
"04/02/1979","S65E","CHLORIDE","mg/L",22.3
"04/16/1979","S65E","CHLORIDE","mg/L",24.4
"04/24/1979","S65E","CHLORIDE","mg/L",33
"04/30/1979","S65E","CHLORIDE","mg/L",31.6666666666667
"05/14/1979","S65E","CHLORIDE","mg/L",22.8
"05/22/1979","S65E","CHLORIDE","mg/L",24.25
"05/29/1979","S65E","CHLORIDE","mg/L",22.3
"06/11/1979","S65E","CHLORIDE","mg/L",18.9
"06/18/1979","S65E","CHLORIDE","mg/L",22.6
"06/25/1979","S65E","CHLORIDE","mg/L",20.1
"07/09/1979","S65E","CHLORIDE","mg/L",10.7
"07/17/1979","S65E","CHLORIDE","mg/L",15.4
"07/23/1979","S65E","CHLORIDE","mg/L",18
"08/06/1979","S65E","CHLORIDE","mg/L",15.3
"08/20/1979","S65E","CHLORIDE","mg/L",-4
"08/21/1979","S65E","CHLORIDE","mg/L",14.8
"09/05/1979","S65E","CHLORIDE","mg/L",18.6
"09/18/1979","S65E","CHLORIDE","mg/L",12.6666666666667
"10/01/1979","S65E","CHLORIDE","mg/L",22.7
"10/02/1979","S65E","CHLORIDE","mg/L",15.9
"10/15/1979","S65E","CHLORIDE","mg/L",11.5
"10/29/1979","S65E","CHLORIDE","mg/L",16.1
"11/13/1979","S65E","CHLORIDE","mg/L",16.1
"12/11/1979","S65E","CHLORIDE","mg/L",14.9
"01/08/1980","S65E","CHLORIDE","mg/L",16.4
"01/22/1980","S65E","CHLORIDE","mg/L",13.7
"02/19/1980","S65E","CHLORIDE","mg/L",17.2
"03/04/1980","S65E","CHLORIDE","mg/L",17.5
"03/18/1980","S65E","CHLORIDE","mg/L",20.7
"04/02/1980","S65E","CHLORIDE","mg/L",17.1
"04/16/1980","S65E","CHLORIDE","mg/L",18.2
"04/30/1980","S65E","CHLORIDE","mg/L",18.1
"05/12/1980","S65E","CHLORIDE","mg/L",15.3333333333333
"05/13/1980","S65E","CHLORIDE","mg/L",38.4
"05/28/1980","S65E","CHLORIDE","mg/L",21.1
"06/09/1980","S65E","CHLORIDE","mg/L",17.5
"06/25/1980","S65E","CHLORIDE","mg/L",19.7
"07/07/1980","S65E","CHLORIDE","mg/L",22.2
"07/08/1980","S65E","CHLORIDE","mg/L",22.2
"07/24/1980","S65E","CHLORIDE","mg/L",19
"08/04/1980","S65E","CHLORIDE","mg/L",21.6
"08/20/1980","S65E","CHLORIDE","mg/L",20.2
"09/03/1980","S65E","CHLORIDE","mg/L",18
"09/17/1980","S65E","CHLORIDE","mg/L",17.4
"09/30/1980","S65E","CHLORIDE","mg/L",15
"10/01/1980","S65E","CHLORIDE","mg/L",13.9
"10/14/1980","S65E","CHLORIDE","mg/L",18.2
"10/28/1980","S65E","CHLORIDE","mg/L",15.7
"10/29/1980","S65E","CHLORIDE","mg/L",16.8
"11/12/1980","S65E","CHLORIDE","mg/L",21.7
"11/25/1980","S65E","CHLORIDE","mg/L",26
"12/02/1980","S65E","CHLORIDE","mg/L",18.7333333333333
"12/23/1980","S65E","CHLORIDE","mg/L",21.8
"12/31/1980","S65E","CHLORIDE","mg/L",21.1
"01/14/1981","S65E","CHLORIDE","mg/L",18.9
"01/20/1981","S65E","CHLORIDE","mg/L",22.7
"01/27/1981","S65E","CHLORIDE","mg/L",21.6
"02/11/1981","S65E","CHLORIDE","mg/L",30.1
"02/17/1981","S65E","CHLORIDE","mg/L",26.8
"02/24/1981","S65E","CHLORIDE","mg/L",21.1
"03/11/1981","S65E","CHLORIDE","mg/L",20.5
"03/16/1981","S65E","CHLORIDE","mg/L",18.6
"03/24/1981","S65E","CHLORIDE","mg/L",27.6
"04/08/1981","S65E","CHLORIDE","mg/L",13.6
"04/13/1981","S65E","CHLORIDE","mg/L",24.5
"04/21/1981","S65E","CHLORIDE","mg/L",27.8
"05/06/1981","S65E","CHLORIDE","mg/L",25.9
"05/11/1981","S65E","CHLORIDE","mg/L",24
"05/19/1981","S65E","CHLORIDE","mg/L",26.5
"06/02/1981","S65E","CHLORIDE","mg/L",27.6
"06/08/1981","S65E","CHLORIDE","mg/L",24.2
"06/17/1981","S65E","CHLORIDE","mg/L",28.6
"06/30/1981","S65E","CHLORIDE","mg/L",38.5
"07/06/1981","S65E","CHLORIDE","mg/L",30.3
"07/16/1981","S65E","CHLORIDE","mg/L",28
"07/28/1981","S65E","CHLORIDE","mg/L",30.6
"08/03/1981","S65E","CHLORIDE","mg/L",29.5
"08/12/1981","S65E","CHLORIDE","mg/L",30.6
"08/25/1981","S65E","CHLORIDE","mg/L",28.5666666666667
"08/31/1981","S65E","CHLORIDE","mg/L",26.4
"09/10/1981","S65E","CHLORIDE","mg/L",17.8
"09/23/1981","S65E","CHLORIDE","mg/L",18.5
"09/28/1981","S65E","CHLORIDE","mg/L",13.4
"10/06/1981","S65E","CHLORIDE","mg/L",24.8
"10/20/1981","S65E","CHLORIDE","mg/L",18.6333333333333
"10/26/1981","S65E","CHLORIDE","mg/L",15.4
"11/04/1981","S65E","CHLORIDE","mg/L",26.5
"11/23/1981","S65E","CHLORIDE","mg/L",48.8
"12/02/1981","S65E","CHLORIDE","mg/L",36.8
"12/21/1981","S65E","CHLORIDE","mg/L",50.4
"12/29/1981","S65E","CHLORIDE","mg/L",46.2
"01/18/1982","S65E","CHLORIDE","mg/L",42.3
"02/16/1982","S65E","CHLORIDE","mg/L",42.7
"02/24/1982","S65E","CHLORIDE","mg/L",63.5
"03/09/1982","S65E","CHLORIDE","mg/L",61.9
"03/15/1982","S65E","CHLORIDE","mg/L",45.9
"04/05/1982","S65E","CHLORIDE","mg/L",32.2
"04/12/1982","S65E","CHLORIDE","mg/L",32.4
"04/19/1982","S65E","CHLORIDE","mg/L",33.3
"05/04/1982","S65E","CHLORIDE","mg/L",24.9
"05/10/1982","S65E","CHLORIDE","mg/L",18.8666666666667
"05/18/1982","S65E","CHLORIDE","mg/L",25.5
"06/01/1982","S65E","CHLORIDE","mg/L",31.4
"06/07/1982","S65E","CHLORIDE","mg/L",19.4
"06/14/1982","S65E","CHLORIDE","mg/L",19.2
"07/01/1982","S65E","CHLORIDE","mg/L",19.7
"07/07/1982","S65E","CHLORIDE","mg/L",30.7
"07/12/1982","S65E","CHLORIDE","mg/L",22.7
"07/27/1982","S65E","CHLORIDE","mg/L",21.8
"08/02/1982","S65E","CHLORIDE","mg/L",19.1
"08/09/1982","S65E","CHLORIDE","mg/L",15.4
"08/25/1982","S65E","CHLORIDE","mg/L",25.6333333333333
"09/01/1982","S65E","CHLORIDE","mg/L",17.2
"09/09/1982","S65E","CHLORIDE","mg/L",18.1
"09/21/1982","S65E","CHLORIDE","mg/L",13.7
"09/27/1982","S65E","CHLORIDE","mg/L",17.9
"10/05/1982","S65E","CHLORIDE","mg/L",14
"10/20/1982","S65E","CHLORIDE","mg/L",12.9
"10/26/1982","S65E","CHLORIDE","mg/L",15.3666666666667
"11/01/1982","S65E","CHLORIDE","mg/L",15.4
"11/22/1982","S65E","CHLORIDE","mg/L",15.5
"12/06/1982","S65E","CHLORIDE","mg/L",16.5
"12/20/1982","S65E","CHLORIDE","mg/L",15.1
"12/22/1982","S65E","CHLORIDE","mg/L",16.5
"01/04/1983","S65E","CHLORIDE","mg/L",16.7
"01/18/1983","S65E","CHLORIDE","mg/L",17
"01/19/1983","S65E","CHLORIDE","mg/L",17.6
"02/01/1983","S65E","CHLORIDE","mg/L",33.3
"02/15/1983","S65E","CHLORIDE","mg/L",19.2
"02/17/1983","S65E","CHLORIDE","mg/L",22
"03/02/1983","S65E","CHLORIDE","mg/L",18.8
"03/15/1983","S65E","CHLORIDE","mg/L",14.9
"03/17/1983","S65E","CHLORIDE","mg/L",14.9
"03/29/1983","S65E","CHLORIDE","mg/L",16.7
"04/14/1983","S65E","CHLORIDE","mg/L",14.8666666666667
"04/15/1983","S65E","CHLORIDE","mg/L",15
"04/26/1983","S65E","CHLORIDE","mg/L",17.1
"05/11/1983","S65E","CHLORIDE","mg/L",15.8
"05/12/1983","S65E","CHLORIDE","mg/L",16.3
"05/24/1983","S65E","CHLORIDE","mg/L",15.8
"06/07/1983","S65E","CHLORIDE","mg/L",18
"06/09/1983","S65E","CHLORIDE","mg/L",17.9
"06/21/1983","S65E","CHLORIDE","mg/L",19.1
"07/06/1983","S65E","CHLORIDE","mg/L",18.8
"07/07/1983","S65E","CHLORIDE","mg/L",18.1
"07/19/1983","S65E","CHLORIDE","mg/L",13.3
"08/02/1983","S65E","CHLORIDE","mg/L",14.8
"08/03/1983","S65E","CHLORIDE","mg/L",16.2
"08/16/1983","S65E","CHLORIDE","mg/L",18.2
"08/30/1983","S65E","CHLORIDE","mg/L",19.3
"09/01/1983","S65E","CHLORIDE","mg/L",15.5
"09/12/1983","S65E","CHLORIDE","mg/L",19.2
"09/27/1983","S65E","CHLORIDE","mg/L",15.7
"09/28/1983","S65E","CHLORIDE","mg/L",16.0333333333333
"10/10/1983","S65E","CHLORIDE","mg/L",17.2
"10/25/1983","S65E","CHLORIDE","mg/L",22.8
"10/28/1983","S65E","CHLORIDE","mg/L",22.6
"11/08/1983","S65E","CHLORIDE","mg/L",25
"11/16/1983","S65E","CHLORIDE","mg/L",24.8
"11/21/1983","S65E","CHLORIDE","mg/L",25
"12/20/1983","S65E","CHLORIDE","mg/L",20.2
"12/29/1983","S65E","CHLORIDE","mg/L",17.7
"01/04/1984","S65E","CHLORIDE","mg/L",20.9
"01/17/1984","S65E","CHLORIDE","mg/L",21.3
"01/25/1984","S65E","CHLORIDE","mg/L",18.6
"01/31/1984","S65E","CHLORIDE","mg/L",18.5
"02/14/1984","S65E","CHLORIDE","mg/L",19.4
"02/23/1984","S65E","CHLORIDE","mg/L",17.2
"02/29/1984","S65E","CHLORIDE","mg/L",22.5
"03/13/1984","S65E","CHLORIDE","mg/L",21.1
"03/21/1984","S65E","CHLORIDE","mg/L",21.1
"03/27/1984","S65E","CHLORIDE","mg/L",22.5
"04/09/1984","S65E","CHLORIDE","mg/L",18.7
"04/18/1984","S65E","CHLORIDE","mg/L",18.1
"05/31/1984","S65E","CHLORIDE","mg/L",17
"06/04/1984","S65E","CHLORIDE","mg/L",14.6
"06/19/1984","S65E","CHLORIDE","mg/L",18.4
"06/27/1984","S65E","CHLORIDE","mg/L",19.5
"07/31/1984","S65E","CHLORIDE","mg/L",14.6
"08/13/1984","S65E","CHLORIDE","mg/L",16.5
"08/22/1984","S65E","CHLORIDE","mg/L",18
"08/27/1984","S65E","CHLORIDE","mg/L",17.5
"09/10/1984","S65E","CHLORIDE","mg/L",15.3
"09/21/1984","S65E","CHLORIDE","mg/L",17.6
"09/25/1984","S65E","CHLORIDE","mg/L",20.4
"10/09/1984","S65E","CHLORIDE","mg/L",18.9
"10/23/1984","S65E","CHLORIDE","mg/L",17.4
"10/30/1984","S65E","CHLORIDE","mg/L",16.6666666666667
"11/06/1984","S65E","CHLORIDE","mg/L",16.7
"11/14/1984","S65E","CHLORIDE","mg/L",22
"12/04/1984","S65E","CHLORIDE","mg/L",32.8
"12/18/1984","S65E","CHLORIDE","mg/L",19.2
"12/27/1984","S65E","CHLORIDE","mg/L",20.3
"01/15/1985","S65E","CHLORIDE","mg/L",19.8
"01/24/1985","S65E","CHLORIDE","mg/L",30.3
"02/20/1985","S65E","CHLORIDE","mg/L",27.3
"02/26/1985","S65E","CHLORIDE","mg/L",29.1
"03/20/1985","S65E","CHLORIDE","mg/L",65.9
"03/26/1985","S65E","CHLORIDE","mg/L",50.1
"04/17/1985","S65E","CHLORIDE","mg/L",40.7666666666667
"04/23/1985","S65E","CHLORIDE","mg/L",40.2
"05/06/1985","S65E","CHLORIDE","mg/L",22.7
"05/16/1985","S65E","CHLORIDE","mg/L",22.3
"05/20/1985","S65E","CHLORIDE","mg/L",20.4
"06/19/1985","S65E","CHLORIDE","mg/L",25.2
"06/26/1985","S65E","CHLORIDE","mg/L",43.8
"07/02/1985","S65E","CHLORIDE","mg/L",20
"07/23/1985","S65E","CHLORIDE","mg/L",28.3
"07/30/1985","S65E","CHLORIDE","mg/L",24.5
"08/21/1985","S65E","CHLORIDE","mg/L",24.1
"08/27/1985","S65E","CHLORIDE","mg/L",20.7
"09/09/1985","S65E","CHLORIDE","mg/L",19.6
"09/19/1985","S65E","CHLORIDE","mg/L",20.9
"09/24/1985","S65E","CHLORIDE","mg/L",20.6
"10/08/1985","S65E","CHLORIDE","mg/L",18.1
"10/17/1985","S65E","CHLORIDE","mg/L",19.6666666666667
"10/22/1985","S65E","CHLORIDE","mg/L",21.6
"11/05/1985","S65E","CHLORIDE","mg/L",22.8
"11/14/1985","S65E","CHLORIDE","mg/L",27.7
"12/03/1985","S65E","CHLORIDE","mg/L",24.7
"12/12/1985","S65E","CHLORIDE","mg/L",25.4
"01/14/1986","S65E","CHLORIDE","mg/L",21.4
"01/16/1986","S65E","CHLORIDE","mg/L",20.5
"01/28/1986","S65E","CHLORIDE","mg/L",20.8
"02/12/1986","S65E","CHLORIDE","mg/L",28
"02/18/1986","S65E","CHLORIDE","mg/L",23.3
"02/25/1986","S65E","CHLORIDE","mg/L",23.3
"03/18/1986","S65E","CHLORIDE","mg/L",23.9
"03/25/1986","S65E","CHLORIDE","mg/L",25.8
"04/08/1986","S65E","CHLORIDE","mg/L",25.6
"04/15/1986","S65E","CHLORIDE","mg/L",26
"04/22/1986","S65E","CHLORIDE","mg/L",27.4
"05/06/1986","S65E","CHLORIDE","mg/L",24.2
"05/14/1986","S65E","CHLORIDE","mg/L",23.4
"05/20/1986","S65E","CHLORIDE","mg/L",27.8
"06/04/1986","S65E","CHLORIDE","mg/L",25.6
"06/19/1986","S65E","CHLORIDE","mg/L",25.5
"07/01/1986","S65E","CHLORIDE","mg/L",18.8
"07/15/1986","S65E","CHLORIDE","mg/L",14.5
"07/17/1986","S65E","CHLORIDE","mg/L",14.3
"07/29/1986","S65E","CHLORIDE","mg/L",20.4
"08/14/1986","S65E","CHLORIDE","mg/L",20.2
"08/26/1986","S65E","CHLORIDE","mg/L",16.6
"09/09/1986","S65E","CHLORIDE","mg/L",21.6
"09/10/1986","S65E","CHLORIDE","mg/L",19.6
"09/23/1986","S65E","CHLORIDE","mg/L",17.9
"10/07/1986","S65E","CHLORIDE","mg/L",19
"10/09/1986","S65E","CHLORIDE","mg/L",89.8
"10/21/1986","S65E","CHLORIDE","mg/L",27.8
"11/04/1986","S65E","CHLORIDE","mg/L",20.2
"11/06/1986","S65E","CHLORIDE","mg/L",20.3
"11/18/1986","S65E","CHLORIDE","mg/L",21.8
"12/03/1986","S65E","CHLORIDE","mg/L",24.9
"12/04/1986","S65E","CHLORIDE","mg/L",28.6
"12/18/1986","S65E","CHLORIDE","mg/L",23.5
"01/07/1987","S65E","CHLORIDE","mg/L",27.6
"01/08/1987","S65E","CHLORIDE","mg/L",27.3
"01/15/1987","S65E","CHLORIDE","mg/L",24.6
"01/22/1987","S65E","CHLORIDE","mg/L",23.4
"01/29/1987","S65E","CHLORIDE","mg/L",25.4
"02/03/1987","S65E","CHLORIDE","mg/L",24.7
"02/05/1987","S65E","CHLORIDE","mg/L",27.6
"02/12/1987","S65E","CHLORIDE","mg/L",24.5
"02/18/1987","S65E","CHLORIDE","mg/L",28.2
"02/19/1987","S65E","CHLORIDE","mg/L",23.9
"02/26/1987","S65E","CHLORIDE","mg/L",25.4
"03/03/1987","S65E","CHLORIDE","mg/L",25.6
"03/05/1987","S65E","CHLORIDE","mg/L",25.3
"03/12/1987","S65E","CHLORIDE","mg/L",25.5
"03/17/1987","S65E","CHLORIDE","mg/L",33.4
"03/19/1987","S65E","CHLORIDE","mg/L",27.4
"03/26/1987","S65E","CHLORIDE","mg/L",29.2
"03/31/1987","S65E","CHLORIDE","mg/L",29.8
"04/14/1987","S65E","CHLORIDE","mg/L",22.9
"04/22/1987","S65E","CHLORIDE","mg/L",23.7
"04/28/1987","S65E","CHLORIDE","mg/L",25.9
"05/11/1987","S65E","CHLORIDE","mg/L",23.6
"05/13/1987","S65E","CHLORIDE","mg/L",23.7
"05/20/1987","S65E","CHLORIDE","mg/L",24.9
"05/26/1987","S65E","CHLORIDE","mg/L",22.7
"06/01/1987","S65E","CHLORIDE","mg/L",23.8
"06/17/1987","S65E","CHLORIDE","mg/L",22.8
"06/24/1987","S65E","CHLORIDE","mg/L",35.7
"07/01/1987","S65E","CHLORIDE","mg/L",30
"07/08/1987","S65E","CHLORIDE","mg/L",25.5
"07/16/1987","S65E","CHLORIDE","mg/L",22.7
"07/21/1987","S65E","CHLORIDE","mg/L",26.3
"07/30/1987","S65E","CHLORIDE","mg/L",20.2
"08/04/1987","S65E","CHLORIDE","mg/L",23
"08/12/1987","S65E","CHLORIDE","mg/L",24
"08/18/1987","S65E","CHLORIDE","mg/L",23.4
"08/28/1987","S65E","CHLORIDE","mg/L",27.1
"09/09/1987","S65E","CHLORIDE","mg/L",26.5
"09/24/1987","S65E","CHLORIDE","mg/L",25.7
"09/29/1987","S65E","CHLORIDE","mg/L",24.1
"10/07/1987","S65E","CHLORIDE","mg/L",33.6
"10/13/1987","S65E","CHLORIDE","mg/L",33.9
"10/21/1987","S65E","CHLORIDE","mg/L",15.7
"10/28/1987","S65E","CHLORIDE","mg/L",16.3
"11/04/1987","S65E","CHLORIDE","mg/L",18.5
"11/10/1987","S65E","CHLORIDE","mg/L",22.2
"11/18/1987","S65E","CHLORIDE","mg/L",28.7
"11/24/1987","S65E","CHLORIDE","mg/L",23.8
"12/03/1987","S65E","CHLORIDE","mg/L",20.2
"12/08/1987","S65E","CHLORIDE","mg/L",20.9
"12/17/1987","S65E","CHLORIDE","mg/L",20.6
"12/22/1987","S65E","CHLORIDE","mg/L",24.1
"12/28/1987","S65E","CHLORIDE","mg/L",21.6
"12/30/1987","S65E","CHLORIDE","mg/L",21.2
"01/01/1988","S65E","CHLORIDE","mg/L",22.8
"01/03/1988","S65E","CHLORIDE","mg/L",22.2
"01/05/1988","S65E","CHLORIDE","mg/L",31.7
"01/06/1988","S65E","CHLORIDE","mg/L",25.2
"01/07/1988","S65E","CHLORIDE","mg/L",27.2
"01/09/1988","S65E","CHLORIDE","mg/L",24.9
"01/10/1988","S65E","CHLORIDE","mg/L",27.5
"01/13/1988","S65E","CHLORIDE","mg/L",30.8
"01/14/1988","S65E","CHLORIDE","mg/L",24.1
"01/15/1988","S65E","CHLORIDE","mg/L",24.3
"01/19/1988","S65E","CHLORIDE","mg/L",49.3
"01/21/1988","S65E","CHLORIDE","mg/L",26.35
"01/22/1988","S65E","CHLORIDE","mg/L",29.9
"01/23/1988","S65E","CHLORIDE","mg/L",33.6
"01/26/1988","S65E","CHLORIDE","mg/L",30.4
"01/27/1988","S65E","CHLORIDE","mg/L",33
"01/29/1988","S65E","CHLORIDE","mg/L",31.2
"02/01/1988","S65E","CHLORIDE","mg/L",17
"02/02/1988","S65E","CHLORIDE","mg/L",23.45
"02/04/1988","S65E","CHLORIDE","mg/L",30.4
"02/06/1988","S65E","CHLORIDE","mg/L",13.1
"02/11/1988","S65E","CHLORIDE","mg/L",34.6
"02/14/1988","S65E","CHLORIDE","mg/L",31.8
"02/16/1988","S65E","CHLORIDE","mg/L",29.9
"02/18/1988","S65E","CHLORIDE","mg/L",33.9
"02/20/1988","S65E","CHLORIDE","mg/L",33.7
"02/22/1988","S65E","CHLORIDE","mg/L",27.8
"02/23/1988","S65E","CHLORIDE","mg/L",45.3
"02/25/1988","S65E","CHLORIDE","mg/L",24.3
"02/26/1988","S65E","CHLORIDE","mg/L",25.7
"02/27/1988","S65E","CHLORIDE","mg/L",32.3
"02/29/1988","S65E","CHLORIDE","mg/L",29.15
"03/01/1988","S65E","CHLORIDE","mg/L",37.5
"03/03/1988","S65E","CHLORIDE","mg/L",27.1
"03/05/1988","S65E","CHLORIDE","mg/L",23.8
"03/06/1988","S65E","CHLORIDE","mg/L",20.9
"03/08/1988","S65E","CHLORIDE","mg/L",26.6
"03/10/1988","S65E","CHLORIDE","mg/L",33.4
"03/13/1988","S65E","CHLORIDE","mg/L",29.5
"03/14/1988","S65E","CHLORIDE","mg/L",26.7
"03/15/1988","S65E","CHLORIDE","mg/L",27
"03/16/1988","S65E","CHLORIDE","mg/L",26.9
"03/17/1988","S65E","CHLORIDE","mg/L",26.9
"03/19/1988","S65E","CHLORIDE","mg/L",25.9
"03/20/1988","S65E","CHLORIDE","mg/L",29.6
"03/21/1988","S65E","CHLORIDE","mg/L",25.5
"03/22/1988","S65E","CHLORIDE","mg/L",24.9
"03/23/1988","S65E","CHLORIDE","mg/L",37.1
"03/28/1988","S65E","CHLORIDE","mg/L",26.6
"03/29/1988","S65E","CHLORIDE","mg/L",21.8
"03/30/1988","S65E","CHLORIDE","mg/L",24.2
"04/01/1988","S65E","CHLORIDE","mg/L",23.4
"04/02/1988","S65E","CHLORIDE","mg/L",23
"04/03/1988","S65E","CHLORIDE","mg/L",24.5
"04/06/1988","S65E","CHLORIDE","mg/L",22.2
"04/07/1988","S65E","CHLORIDE","mg/L",22.5
"04/08/1988","S65E","CHLORIDE","mg/L",22.5
"04/09/1988","S65E","CHLORIDE","mg/L",22.85
"04/10/1988","S65E","CHLORIDE","mg/L",23.1
"04/11/1988","S65E","CHLORIDE","mg/L",29.05
"04/12/1988","S65E","CHLORIDE","mg/L",26
"04/13/1988","S65E","CHLORIDE","mg/L",101
"04/14/1988","S65E","CHLORIDE","mg/L",31.65
"04/18/1988","S65E","CHLORIDE","mg/L",51.6333333333333
"04/19/1988","S65E","CHLORIDE","mg/L",105
"04/20/1988","S65E","CHLORIDE","mg/L",31.3
"04/21/1988","S65E","CHLORIDE","mg/L",26.6
"04/22/1988","S65E","CHLORIDE","mg/L",29.6
"04/23/1988","S65E","CHLORIDE","mg/L",83.2
"04/24/1988","S65E","CHLORIDE","mg/L",26.3
"04/25/1988","S65E","CHLORIDE","mg/L",24.1
"04/26/1988","S65E","CHLORIDE","mg/L",29
"04/28/1988","S65E","CHLORIDE","mg/L",23.9
"04/29/1988","S65E","CHLORIDE","mg/L",26.6
"04/30/1988","S65E","CHLORIDE","mg/L",26.95
"05/01/1988","S65E","CHLORIDE","mg/L",40.15
"05/03/1988","S65E","CHLORIDE","mg/L",34.2
"05/04/1988","S65E","CHLORIDE","mg/L",25.4
"05/05/1988","S65E","CHLORIDE","mg/L",28.9
"05/06/1988","S65E","CHLORIDE","mg/L",32.95
"05/08/1988","S65E","CHLORIDE","mg/L",28.1
"05/09/1988","S65E","CHLORIDE","mg/L",21.4
"05/10/1988","S65E","CHLORIDE","mg/L",23.8
"05/11/1988","S65E","CHLORIDE","mg/L",25.6
"05/12/1988","S65E","CHLORIDE","mg/L",26.1
"05/13/1988","S65E","CHLORIDE","mg/L",27.55
"05/14/1988","S65E","CHLORIDE","mg/L",23.9
"05/17/1988","S65E","CHLORIDE","mg/L",25.8
"05/18/1988","S65E","CHLORIDE","mg/L",30.1
"05/22/1988","S65E","CHLORIDE","mg/L",42.9
"05/23/1988","S65E","CHLORIDE","mg/L",23.1
"05/24/1988","S65E","CHLORIDE","mg/L",25.575
"05/25/1988","S65E","CHLORIDE","mg/L",25.9
"05/26/1988","S65E","CHLORIDE","mg/L",23.8
"05/28/1988","S65E","CHLORIDE","mg/L",23.5
"05/29/1988","S65E","CHLORIDE","mg/L",24.3
"05/31/1988","S65E","CHLORIDE","mg/L",25.2
"06/02/1988","S65E","CHLORIDE","mg/L",23
"06/03/1988","S65E","CHLORIDE","mg/L",22.7
"06/04/1988","S65E","CHLORIDE","mg/L",25
"06/05/1988","S65E","CHLORIDE","mg/L",32.5
"06/06/1988","S65E","CHLORIDE","mg/L",33.2
"06/07/1988","S65E","CHLORIDE","mg/L",38.5333333333333
"06/08/1988","S65E","CHLORIDE","mg/L",25.3
"06/09/1988","S65E","CHLORIDE","mg/L",25.7
"06/10/1988","S65E","CHLORIDE","mg/L",27.7
"06/11/1988","S65E","CHLORIDE","mg/L",30.3
"06/12/1988","S65E","CHLORIDE","mg/L",26.5
"06/15/1988","S65E","CHLORIDE","mg/L",31.3
"06/16/1988","S65E","CHLORIDE","mg/L",26.2
"06/17/1988","S65E","CHLORIDE","mg/L",28.6
"06/18/1988","S65E","CHLORIDE","mg/L",28.5
"06/19/1988","S65E","CHLORIDE","mg/L",26.7
"06/20/1988","S65E","CHLORIDE","mg/L",27
"06/21/1988","S65E","CHLORIDE","mg/L",25.8
"06/28/1988","S65E","CHLORIDE","mg/L",167
"06/29/1988","S65E","CHLORIDE","mg/L",34.3
"06/30/1988","S65E","CHLORIDE","mg/L",46.85
"07/01/1988","S65E","CHLORIDE","mg/L",28.3
"07/02/1988","S65E","CHLORIDE","mg/L",43.1
"07/03/1988","S65E","CHLORIDE","mg/L",30
"07/05/1988","S65E","CHLORIDE","mg/L",28.4
"07/06/1988","S65E","CHLORIDE","mg/L",41.9
"07/07/1988","S65E","CHLORIDE","mg/L",46.7
"07/08/1988","S65E","CHLORIDE","mg/L",47.9
"07/09/1988","S65E","CHLORIDE","mg/L",37.15
"07/12/1988","S65E","CHLORIDE","mg/L",36.6
"07/13/1988","S65E","CHLORIDE","mg/L",28.9
"07/14/1988","S65E","CHLORIDE","mg/L",42.8
"07/15/1988","S65E","CHLORIDE","mg/L",29.1
"07/16/1988","S65E","CHLORIDE","mg/L",33.3
"07/17/1988","S65E","CHLORIDE","mg/L",31.1
"07/18/1988","S65E","CHLORIDE","mg/L",51.2
"07/19/1988","S65E","CHLORIDE","mg/L",35.4
"07/26/1988","S65E","CHLORIDE","mg/L",40.2
"07/27/1988","S65E","CHLORIDE","mg/L",32.6
"08/02/1988","S65E","CHLORIDE","mg/L",30
"08/03/1988","S65E","CHLORIDE","mg/L",30.3
"08/09/1988","S65E","CHLORIDE","mg/L",27.5
"08/15/1988","S65E","CHLORIDE","mg/L",26.6
"08/16/1988","S65E","CHLORIDE","mg/L",25.9
"08/18/1988","S65E","CHLORIDE","mg/L",24.7
"08/19/1988","S65E","CHLORIDE","mg/L",28.2
"08/20/1988","S65E","CHLORIDE","mg/L",25.7
"08/22/1988","S65E","CHLORIDE","mg/L",25.1
"08/23/1988","S65E","CHLORIDE","mg/L",25.4
"08/25/1988","S65E","CHLORIDE","mg/L",33
"08/27/1988","S65E","CHLORIDE","mg/L",34.4
"08/28/1988","S65E","CHLORIDE","mg/L",32.4
"08/29/1988","S65E","CHLORIDE","mg/L",25.6
"08/30/1988","S65E","CHLORIDE","mg/L",26.8
"08/31/1988","S65E","CHLORIDE","mg/L",23.2
"09/01/1988","S65E","CHLORIDE","mg/L",23
"09/02/1988","S65E","CHLORIDE","mg/L",23.5
"09/04/1988","S65E","CHLORIDE","mg/L",21.5
"09/05/1988","S65E","CHLORIDE","mg/L",22.5
"09/12/1988","S65E","CHLORIDE","mg/L",17.2
"09/13/1988","S65E","CHLORIDE","mg/L",20.5
"09/26/1988","S65E","CHLORIDE","mg/L",21.1
"09/27/1988","S65E","CHLORIDE","mg/L",20.9
"09/29/1988","S65E","CHLORIDE","mg/L",32.7
"10/10/1988","S65E","CHLORIDE","mg/L",22
"10/11/1988","S65E","CHLORIDE","mg/L",22.1
"10/19/1988","S65E","CHLORIDE","mg/L",19.8
"10/21/1988","S65E","CHLORIDE","mg/L",28.7
"10/23/1988","S65E","CHLORIDE","mg/L",24.5
"10/25/1988","S65E","CHLORIDE","mg/L",22.8
"11/07/1988","S65E","CHLORIDE","mg/L",33.4
"11/21/1988","S65E","CHLORIDE","mg/L",21.3
"11/22/1988","S65E","CHLORIDE","mg/L",41.9
"12/05/1988","S65E","CHLORIDE","mg/L",38.5
"12/19/1988","S65E","CHLORIDE","mg/L",49.5
"12/28/1988","S65E","CHLORIDE","mg/L",41.4
"12/30/1988","S65E","CHLORIDE","mg/L",35.5
"01/01/1989","S65E","CHLORIDE","mg/L",39.2
"01/03/1989","S65E","CHLORIDE","mg/L",35.6
"01/11/1989","S65E","CHLORIDE","mg/L",35.8
"01/13/1989","S65E","CHLORIDE","mg/L",38.9
"01/15/1989","S65E","CHLORIDE","mg/L",38.6
"01/17/1989","S65E","CHLORIDE","mg/L",44.8
"01/24/1989","S65E","CHLORIDE","mg/L",24.6
"01/26/1989","S65E","CHLORIDE","mg/L",20.3
"01/29/1989","S65E","CHLORIDE","mg/L",18.7
"01/30/1989","S65E","CHLORIDE","mg/L",27.4
"01/31/1989","S65E","CHLORIDE","mg/L",27.8
"02/08/1989","S65E","CHLORIDE","mg/L",26.2
"02/10/1989","S65E","CHLORIDE","mg/L",24.9
"02/12/1989","S65E","CHLORIDE","mg/L",29.8
"02/13/1989","S65E","CHLORIDE","mg/L",30.1
"02/14/1989","S65E","CHLORIDE","mg/L",26.9
"02/18/1989","S65E","CHLORIDE","mg/L",23.8
"02/20/1989","S65E","CHLORIDE","mg/L",21.4
"02/22/1989","S65E","CHLORIDE","mg/L",26.3
"02/27/1989","S65E","CHLORIDE","mg/L",27.1
"02/28/1989","S65E","CHLORIDE","mg/L",29
"03/04/1989","S65E","CHLORIDE","mg/L",23.9
"03/06/1989","S65E","CHLORIDE","mg/L",24.9
"03/09/1989","S65E","CHLORIDE","mg/L",27.4
"03/10/1989","S65E","CHLORIDE","mg/L",23.3
"03/13/1989","S65E","CHLORIDE","mg/L",24.1
"03/15/1989","S65E","CHLORIDE","mg/L",27.3
"03/16/1989","S65E","CHLORIDE","mg/L",24.2
"03/17/1989","S65E","CHLORIDE","mg/L",23
"03/19/1989","S65E","CHLORIDE","mg/L",21.6
"03/21/1989","S65E","CHLORIDE","mg/L",19.8
"03/22/1989","S65E","CHLORIDE","mg/L",25.5
"03/24/1989","S65E","CHLORIDE","mg/L",23.6
"03/27/1989","S65E","CHLORIDE","mg/L",24.1
"03/28/1989","S65E","CHLORIDE","mg/L",35.1
"03/29/1989","S65E","CHLORIDE","mg/L",26.6666666666667
"04/07/1989","S65E","CHLORIDE","mg/L",25.6
"04/08/1989","S65E","CHLORIDE","mg/L",24.2
"04/09/1989","S65E","CHLORIDE","mg/L",23.3
"04/10/1989","S65E","CHLORIDE","mg/L",25.3
"04/11/1989","S65E","CHLORIDE","mg/L",26.15
"04/13/1989","S65E","CHLORIDE","mg/L",21.5
"04/16/1989","S65E","CHLORIDE","mg/L",20.4
"04/20/1989","S65E","CHLORIDE","mg/L",23.4
"04/22/1989","S65E","CHLORIDE","mg/L",32.3
"04/23/1989","S65E","CHLORIDE","mg/L",21.8
"04/24/1989","S65E","CHLORIDE","mg/L",23.9
"04/26/1989","S65E","CHLORIDE","mg/L",24.25
"04/29/1989","S65E","CHLORIDE","mg/L",20.1
"05/01/1989","S65E","CHLORIDE","mg/L",20.2
"05/03/1989","S65E","CHLORIDE","mg/L",18.5
"05/06/1989","S65E","CHLORIDE","mg/L",20.9
"05/08/1989","S65E","CHLORIDE","mg/L",23.7
"05/10/1989","S65E","CHLORIDE","mg/L",26.3
"05/13/1989","S65E","CHLORIDE","mg/L",20.6
"05/14/1989","S65E","CHLORIDE","mg/L",21.8
"05/16/1989","S65E","CHLORIDE","mg/L",20.5
"05/17/1989","S65E","CHLORIDE","mg/L",23.9
"05/20/1989","S65E","CHLORIDE","mg/L",22.1
"05/22/1989","S65E","CHLORIDE","mg/L",23.5666666666667
"05/24/1989","S65E","CHLORIDE","mg/L",24
"05/26/1989","S65E","CHLORIDE","mg/L",21.9
"05/28/1989","S65E","CHLORIDE","mg/L",23.3
"06/01/1989","S65E","CHLORIDE","mg/L",23.6
"06/03/1989","S65E","CHLORIDE","mg/L",35
"06/05/1989","S65E","CHLORIDE","mg/L",22.75
"06/07/1989","S65E","CHLORIDE","mg/L",24.1
"06/09/1989","S65E","CHLORIDE","mg/L",22.3
"06/11/1989","S65E","CHLORIDE","mg/L",25.5
"06/13/1989","S65E","CHLORIDE","mg/L",23.5
"06/16/1989","S65E","CHLORIDE","mg/L",29.2
"06/19/1989","S65E","CHLORIDE","mg/L",25.6666666666667
"06/20/1989","S65E","CHLORIDE","mg/L",28
"06/21/1989","S65E","CHLORIDE","mg/L",29.5
"06/22/1989","S65E","CHLORIDE","mg/L",26.9
"07/03/1989","S65E","CHLORIDE","mg/L",28.8
"07/17/1989","S65E","CHLORIDE","mg/L",28.5
"07/19/1989","S65E","CHLORIDE","mg/L",29.8
"07/26/1989","S65E","CHLORIDE","mg/L",32.4
"07/27/1989","S65E","CHLORIDE","mg/L",28.6
"07/28/1989","S65E","CHLORIDE","mg/L",27.5
"07/31/1989","S65E","CHLORIDE","mg/L",30.6
"08/01/1989","S65E","CHLORIDE","mg/L",28.3
"08/02/1989","S65E","CHLORIDE","mg/L",32.4
"08/03/1989","S65E","CHLORIDE","mg/L",33.2
"08/06/1989","S65E","CHLORIDE","mg/L",32.8
"08/07/1989","S65E","CHLORIDE","mg/L",26.7
"08/09/1989","S65E","CHLORIDE","mg/L",26
"08/12/1989","S65E","CHLORIDE","mg/L",28.5
"08/14/1989","S65E","CHLORIDE","mg/L",29.85
"08/15/1989","S65E","CHLORIDE","mg/L",29.2
"08/16/1989","S65E","CHLORIDE","mg/L",18.3
"08/18/1989","S65E","CHLORIDE","mg/L",39.7
"08/19/1989","S65E","CHLORIDE","mg/L",32.3
"08/21/1989","S65E","CHLORIDE","mg/L",28.1
"08/23/1989","S65E","CHLORIDE","mg/L",24
"08/26/1989","S65E","CHLORIDE","mg/L",23.2
"08/27/1989","S65E","CHLORIDE","mg/L",26.3
"08/28/1989","S65E","CHLORIDE","mg/L",25.3
"08/29/1989","S65E","CHLORIDE","mg/L",26.9
"08/30/1989","S65E","CHLORIDE","mg/L",22
"09/01/1989","S65E","CHLORIDE","mg/L",25
"09/04/1989","S65E","CHLORIDE","mg/L",24.4
"09/06/1989","S65E","CHLORIDE","mg/L",26.1
"09/07/1989","S65E","CHLORIDE","mg/L",27.2
"09/08/1989","S65E","CHLORIDE","mg/L",24.8
"09/09/1989","S65E","CHLORIDE","mg/L",26.9
"09/11/1989","S65E","CHLORIDE","mg/L",26.1
"09/12/1989","S65E","CHLORIDE","mg/L",29.1
"09/13/1989","S65E","CHLORIDE","mg/L",26.8
"09/14/1989","S65E","CHLORIDE","mg/L",30.8
"09/17/1989","S65E","CHLORIDE","mg/L",25.3
"09/20/1989","S65E","CHLORIDE","mg/L",28.6
"09/23/1989","S65E","CHLORIDE","mg/L",27.3
"09/25/1989","S65E","CHLORIDE","mg/L",26
"09/27/1989","S65E","CHLORIDE","mg/L",27.6
"09/29/1989","S65E","CHLORIDE","mg/L",25.8
"10/02/1989","S65E","CHLORIDE","mg/L",24.9
"10/03/1989","S65E","CHLORIDE","mg/L",28.1
"10/06/1989","S65E","CHLORIDE","mg/L",20.5
"10/09/1989","S65E","CHLORIDE","mg/L",22.8666666666667
"10/11/1989","S65E","CHLORIDE","mg/L",22.6
"10/14/1989","S65E","CHLORIDE","mg/L",21.5
"10/16/1989","S65E","CHLORIDE","mg/L",24.4
"10/17/1989","S65E","CHLORIDE","mg/L",20.3
"10/18/1989","S65E","CHLORIDE","mg/L",18.9
"10/21/1989","S65E","CHLORIDE","mg/L",22.8
"10/22/1989","S65E","CHLORIDE","mg/L",19.8
"10/23/1989","S65E","CHLORIDE","mg/L",26
"10/24/1989","S65E","CHLORIDE","mg/L",20.05
"10/26/1989","S65E","CHLORIDE","mg/L",20.7
"10/29/1989","S65E","CHLORIDE","mg/L",16.3
"10/30/1989","S65E","CHLORIDE","mg/L",21.4
"10/31/1989","S65E","CHLORIDE","mg/L",18.5
"11/03/1989","S65E","CHLORIDE","mg/L",18.6
"11/05/1989","S65E","CHLORIDE","mg/L",18.1
"11/06/1989","S65E","CHLORIDE","mg/L",21.7
"11/08/1989","S65E","CHLORIDE","mg/L",21.5
"11/13/1989","S65E","CHLORIDE","mg/L",23.45
"11/14/1989","S65E","CHLORIDE","mg/L",22.3
"11/16/1989","S65E","CHLORIDE","mg/L",21.4
"11/17/1989","S65E","CHLORIDE","mg/L",20.2
"11/20/1989","S65E","CHLORIDE","mg/L",23.6
"11/22/1989","S65E","CHLORIDE","mg/L",23.5
"11/23/1989","S65E","CHLORIDE","mg/L",21.7
"11/25/1989","S65E","CHLORIDE","mg/L",20.4
"11/27/1989","S65E","CHLORIDE","mg/L",23.9
"11/28/1989","S65E","CHLORIDE","mg/L",25.3
"12/02/1989","S65E","CHLORIDE","mg/L",27.1
"12/04/1989","S65E","CHLORIDE","mg/L",24.4333333333333
"12/11/1989","S65E","CHLORIDE","mg/L",25.85
"12/18/1989","S65E","CHLORIDE","mg/L",25.55
"12/19/1989","S65E","CHLORIDE","mg/L",24.7
"12/20/1989","S65E","CHLORIDE","mg/L",22.1
"12/21/1989","S65E","CHLORIDE","mg/L",29
"12/22/1989","S65E","CHLORIDE","mg/L",37.2
"12/23/1989","S65E","CHLORIDE","mg/L",26.1
"12/24/1989","S65E","CHLORIDE","mg/L",27.6
"12/26/1989","S65E","CHLORIDE","mg/L",29.1
"12/27/1989","S65E","CHLORIDE","mg/L",26.4
"12/28/1989","S65E","CHLORIDE","mg/L",23.9
"12/29/1989","S65E","CHLORIDE","mg/L",23
"12/30/1989","S65E","CHLORIDE","mg/L",24.9
"12/31/1989","S65E","CHLORIDE","mg/L",26.1
"01/01/1990","S65E","CHLORIDE","mg/L",26.2
"01/02/1990","S65E","CHLORIDE","mg/L",25.3
"01/03/1990","S65E","CHLORIDE","mg/L",25.1333333333333
"01/06/1990","S65E","CHLORIDE","mg/L",24.4
"01/07/1990","S65E","CHLORIDE","mg/L",33.9
"01/09/1990","S65E","CHLORIDE","mg/L",31.3
"01/10/1990","S65E","CHLORIDE","mg/L",25.8
"01/12/1990","S65E","CHLORIDE","mg/L",29.9
"01/14/1990","S65E","CHLORIDE","mg/L",47.1
"01/16/1990","S65E","CHLORIDE","mg/L",27.75
"01/18/1990","S65E","CHLORIDE","mg/L",21.5
"01/20/1990","S65E","CHLORIDE","mg/L",23.8
"01/23/1990","S65E","CHLORIDE","mg/L",30.2
"01/30/1990","S65E","CHLORIDE","mg/L",25.35
"01/31/1990","S65E","CHLORIDE","mg/L",26.4
"02/06/1990","S65E","CHLORIDE","mg/L",27.1
"02/13/1990","S65E","CHLORIDE","mg/L",25.9
"02/14/1990","S65E","CHLORIDE","mg/L",27
"02/16/1990","S65E","CHLORIDE","mg/L",26.8
"02/18/1990","S65E","CHLORIDE","mg/L",26.7
"02/20/1990","S65E","CHLORIDE","mg/L",27.2
"02/22/1990","S65E","CHLORIDE","mg/L",26.2
"02/24/1990","S65E","CHLORIDE","mg/L",24.8
"02/26/1990","S65E","CHLORIDE","mg/L",25.8
"02/27/1990","S65E","CHLORIDE","mg/L",28.9
"02/28/1990","S65E","CHLORIDE","mg/L",27.5
"03/02/1990","S65E","CHLORIDE","mg/L",27.9
"03/04/1990","S65E","CHLORIDE","mg/L",25.8
"03/06/1990","S65E","CHLORIDE","mg/L",26.1
"03/08/1990","S65E","CHLORIDE","mg/L",35.1
"03/10/1990","S65E","CHLORIDE","mg/L",26.8
"03/12/1990","S65E","CHLORIDE","mg/L",26.7
"03/16/1990","S65E","CHLORIDE","mg/L",26.6
"03/26/1990","S65E","CHLORIDE","mg/L",25.3
"03/27/1990","S65E","CHLORIDE","mg/L",28.5
"04/03/1990","S65E","CHLORIDE","mg/L",29.6
"04/05/1990","S65E","CHLORIDE","mg/L",29.2
"04/07/1990","S65E","CHLORIDE","mg/L",28.2
"04/09/1990","S65E","CHLORIDE","mg/L",28
"04/10/1990","S65E","CHLORIDE","mg/L",26.8
"04/11/1990","S65E","CHLORIDE","mg/L",26.4
"04/17/1990","S65E","CHLORIDE","mg/L",28.3
"04/23/1990","S65E","CHLORIDE","mg/L",25.9
"04/24/1990","S65E","CHLORIDE","mg/L",26.8
"04/26/1990","S65E","CHLORIDE","mg/L",33.3
"04/28/1990","S65E","CHLORIDE","mg/L",27.6
"04/30/1990","S65E","CHLORIDE","mg/L",27.2
"05/07/1990","S65E","CHLORIDE","mg/L",25.2333333333333
"05/09/1990","S65E","CHLORIDE","mg/L",26.8
"05/11/1990","S65E","CHLORIDE","mg/L",26.4
"05/13/1990","S65E","CHLORIDE","mg/L",26.6
"05/14/1990","S65E","CHLORIDE","mg/L",27
"05/16/1990","S65E","CHLORIDE","mg/L",27.1
"05/18/1990","S65E","CHLORIDE","mg/L",26.4
"05/20/1990","S65E","CHLORIDE","mg/L",27.2
"05/21/1990","S65E","CHLORIDE","mg/L",27.15
"05/29/1990","S65E","CHLORIDE","mg/L",27.1
"06/04/1990","S65E","CHLORIDE","mg/L",27.6
"06/05/1990","S65E","CHLORIDE","mg/L",26.3
"06/12/1990","S65E","CHLORIDE","mg/L",29.5
"06/18/1990","S65E","CHLORIDE","mg/L",31.35
"06/25/1990","S65E","CHLORIDE","mg/L",28.2
"07/02/1990","S65E","CHLORIDE","mg/L",25.35
"07/03/1990","S65E","CHLORIDE","mg/L",26
"07/09/1990","S65E","CHLORIDE","mg/L",28.5
"07/16/1990","S65E","CHLORIDE","mg/L",26.75
"07/23/1990","S65E","CHLORIDE","mg/L",22.6
"07/30/1990","S65E","CHLORIDE","mg/L",19.75
"08/06/1990","S65E","CHLORIDE","mg/L",19.5
"08/13/1990","S65E","CHLORIDE","mg/L",17.7
"08/20/1990","S65E","CHLORIDE","mg/L",22.1
"08/27/1990","S65E","CHLORIDE","mg/L",16.4
"09/04/1990","S65E","CHLORIDE","mg/L",20.9
"09/10/1990","S65E","CHLORIDE","mg/L",19
"09/17/1990","S65E","CHLORIDE","mg/L",18.1
"09/24/1990","S65E","CHLORIDE","mg/L",19.1
"10/01/1990","S65E","CHLORIDE","mg/L",18.4
"10/08/1990","S65E","CHLORIDE","mg/L",24.2
"10/09/1990","S65E","CHLORIDE","mg/L",20.8
"10/16/1990","S65E","CHLORIDE","mg/L",17.6
"10/22/1990","S65E","CHLORIDE","mg/L",18.3
"10/31/1990","S65E","CHLORIDE","mg/L",22.2
"11/05/1990","S65E","CHLORIDE","mg/L",19.5
"11/06/1990","S65E","CHLORIDE","mg/L",19
"11/13/1990","S65E","CHLORIDE","mg/L",22.3
"11/19/1990","S65E","CHLORIDE","mg/L",27
"11/20/1990","S65E","CHLORIDE","mg/L",25.1
"11/26/1990","S65E","CHLORIDE","mg/L",24.5
"12/03/1990","S65E","CHLORIDE","mg/L",21.7
"12/10/1990","S65E","CHLORIDE","mg/L",27.1
"12/17/1990","S65E","CHLORIDE","mg/L",22.4
"12/18/1990","S65E","CHLORIDE","mg/L",21.8
"12/26/1990","S65E","CHLORIDE","mg/L",21
"12/31/1990","S65E","CHLORIDE","mg/L",22.05
"01/07/1991","S65E","CHLORIDE","mg/L",23
"01/14/1991","S65E","CHLORIDE","mg/L",25.4
"01/17/1991","S65E","CHLORIDE","mg/L",22.7
"01/22/1991","S65E","CHLORIDE","mg/L",29.8
"01/28/1991","S65E","CHLORIDE","mg/L",25.45
"02/04/1991","S65E","CHLORIDE","mg/L",27.6
"02/11/1991","S65E","CHLORIDE","mg/L",24
"02/19/1991","S65E","CHLORIDE","mg/L",26
"02/25/1991","S65E","CHLORIDE","mg/L",25
"02/26/1991","S65E","CHLORIDE","mg/L",25.7
"03/04/1991","S65E","CHLORIDE","mg/L",27.3
"03/11/1991","S65E","CHLORIDE","mg/L",35.15
"03/18/1991","S65E","CHLORIDE","mg/L",27.1
"03/25/1991","S65E","CHLORIDE","mg/L",31.45
"04/01/1991","S65E","CHLORIDE","mg/L",28.6
"04/08/1991","S65E","CHLORIDE","mg/L",32.4
"04/15/1991","S65E","CHLORIDE","mg/L",29.4
"04/22/1991","S65E","CHLORIDE","mg/L",26.4
"04/29/1991","S65E","CHLORIDE","mg/L",27
"05/06/1991","S65E","CHLORIDE","mg/L",28.2
"05/13/1991","S65E","CHLORIDE","mg/L",28.9
"05/20/1991","S65E","CHLORIDE","mg/L",27.35
"05/28/1991","S65E","CHLORIDE","mg/L",29.1
"06/03/1991","S65E","CHLORIDE","mg/L",26.2
"06/10/1991","S65E","CHLORIDE","mg/L",27.2
"06/17/1991","S65E","CHLORIDE","mg/L",26.4
"06/18/1991","S65E","CHLORIDE","mg/L",27
"06/24/1991","S65E","CHLORIDE","mg/L",27.5
"07/01/1991","S65E","CHLORIDE","mg/L",28.45
"07/08/1991","S65E","CHLORIDE","mg/L",25
"07/15/1991","S65E","CHLORIDE","mg/L",26.9
"07/22/1991","S65E","CHLORIDE","mg/L",19.1
"07/29/1991","S65E","CHLORIDE","mg/L",25.3
"08/05/1991","S65E","CHLORIDE","mg/L",24.1
"08/12/1991","S65E","CHLORIDE","mg/L",26.15
"08/19/1991","S65E","CHLORIDE","mg/L",24.4
"08/26/1991","S65E","CHLORIDE","mg/L",27.25
"08/28/1991","S65E","CHLORIDE","mg/L",24.4
"09/03/1991","S65E","CHLORIDE","mg/L",20.8
"09/09/1991","S65E","CHLORIDE","mg/L",23.6
"09/17/1991","S65E","CHLORIDE","mg/L",20.3
"09/23/1991","S65E","CHLORIDE","mg/L",19.2
"09/30/1991","S65E","CHLORIDE","mg/L",20.3
"10/07/1991","S65E","CHLORIDE","mg/L",19.2
"10/14/1991","S65E","CHLORIDE","mg/L",16.8
"10/21/1991","S65E","CHLORIDE","mg/L",17.3
"10/28/1991","S65E","CHLORIDE","mg/L",17.5
"11/04/1991","S65E","CHLORIDE","mg/L",18.9
"11/18/1991","S65E","CHLORIDE","mg/L",18.8
"11/20/1991","S65E","CHLORIDE","mg/L",20.1
"11/25/1991","S65E","CHLORIDE","mg/L",19.1
"12/02/1991","S65E","CHLORIDE","mg/L",19.85
"12/09/1991","S65E","CHLORIDE","mg/L",18.9
"12/16/1991","S65E","CHLORIDE","mg/L",23.45
"12/23/1991","S65E","CHLORIDE","mg/L",19.9
"12/30/1991","S65E","CHLORIDE","mg/L",24.4
"01/06/1992","S65E","CHLORIDE","mg/L",19.9
"01/13/1992","S65E","CHLORIDE","mg/L",20.1
"01/21/1992","S65E","CHLORIDE","mg/L",25.9
"01/27/1992","S65E","CHLORIDE","mg/L",19
"02/03/1992","S65E","CHLORIDE","mg/L",19.8
"02/10/1992","S65E","CHLORIDE","mg/L",21.5
"02/11/1992","S65E","CHLORIDE","mg/L",19.1
"02/19/1992","S65E","CHLORIDE","mg/L",21
"02/24/1992","S65E","CHLORIDE","mg/L",20.5
"02/27/1992","S65E","CHLORIDE","mg/L",21.9
"03/02/1992","S65E","CHLORIDE","mg/L",20
"03/09/1992","S65E","CHLORIDE","mg/L",21
"03/11/1992","S65E","CHLORIDE","mg/L",21.6
"03/16/1992","S65E","CHLORIDE","mg/L",22
"03/23/1992","S65E","CHLORIDE","mg/L",22.7
"03/26/1992","S65E","CHLORIDE","mg/L",22.3
"03/30/1992","S65E","CHLORIDE","mg/L",22.7
"04/06/1992","S65E","CHLORIDE","mg/L",21.8
"04/07/1992","S65E","CHLORIDE","mg/L",20.8
"04/13/1992","S65E","CHLORIDE","mg/L",24.8
"04/20/1992","S65E","CHLORIDE","mg/L",24.5
"04/21/1992","S65E","CHLORIDE","mg/L",21.9
"04/27/1992","S65E","CHLORIDE","mg/L",20.9
"05/04/1992","S65E","CHLORIDE","mg/L",20.9
"05/05/1992","S65E","CHLORIDE","mg/L",21.2
"05/11/1992","S65E","CHLORIDE","mg/L",20.9
"05/18/1992","S65E","CHLORIDE","mg/L",21.3
"05/19/1992","S65E","CHLORIDE","mg/L",21.9
"05/26/1992","S65E","CHLORIDE","mg/L",20.3
"06/01/1992","S65E","CHLORIDE","mg/L",20.7
"06/02/1992","S65E","CHLORIDE","mg/L",20.7
"06/08/1992","S65E","CHLORIDE","mg/L",22.1
"06/15/1992","S65E","CHLORIDE","mg/L",21.3
"06/16/1992","S65E","CHLORIDE","mg/L",25.2
"06/22/1992","S65E","CHLORIDE","mg/L",22.1
"06/29/1992","S65E","CHLORIDE","mg/L",24.3
"06/30/1992","S65E","CHLORIDE","mg/L",14.6
"07/06/1992","S65E","CHLORIDE","mg/L",14.5
"07/08/1992","S65E","CHLORIDE","mg/L",47.5
"07/13/1992","S65E","CHLORIDE","mg/L",15.8
"07/14/1992","S65E","CHLORIDE","mg/L",13.4
"07/21/1992","S65E","CHLORIDE","mg/L",14
"07/27/1992","S65E","CHLORIDE","mg/L",17.5
"07/28/1992","S65E","CHLORIDE","mg/L",13.1
"08/03/1992","S65E","CHLORIDE","mg/L",18.3
"08/11/1992","S65E","CHLORIDE","mg/L",22.55
"08/17/1992","S65E","CHLORIDE","mg/L",13.4
"08/25/1992","S65E","CHLORIDE","mg/L",31.3
"08/26/1992","S65E","CHLORIDE","mg/L",25.1
"08/31/1992","S65E","CHLORIDE","mg/L",20.5
"09/08/1992","S65E","CHLORIDE","mg/L",19.1
"09/10/1992","S65E","CHLORIDE","mg/L",18.2
"09/15/1992","S65E","CHLORIDE","mg/L",18.8
"09/21/1992","S65E","CHLORIDE","mg/L",22.5
"09/22/1992","S65E","CHLORIDE","mg/L",17.4
"09/28/1992","S65E","CHLORIDE","mg/L",21.1
"10/06/1992","S65E","CHLORIDE","mg/L",15.4428571428571
"10/13/1992","S65E","CHLORIDE","mg/L",18.8
"10/20/1992","S65E","CHLORIDE","mg/L",14.2571428571429
"10/27/1992","S65E","CHLORIDE","mg/L",18.9
"11/03/1992","S65E","CHLORIDE","mg/L",13.6285714285714
"11/10/1992","S65E","CHLORIDE","mg/L",19.3
"11/17/1992","S65E","CHLORIDE","mg/L",18.6
"11/18/1992","S65E","CHLORIDE","mg/L",22.5
"11/23/1992","S65E","CHLORIDE","mg/L",27.8
"12/02/1992","S65E","CHLORIDE","mg/L",19.2
"12/03/1992","S65E","CHLORIDE","mg/L",55.3333333333333
"12/08/1992","S65E","CHLORIDE","mg/L",23.7
"12/15/1992","S65E","CHLORIDE","mg/L",22
"12/22/1992","S65E","CHLORIDE","mg/L",23.8
"12/29/1992","S65E","CHLORIDE","mg/L",22.5
"12/30/1992","S65E","CHLORIDE","mg/L",41.1
"01/06/1993","S65E","CHLORIDE","mg/L",20.7
"01/11/1993","S65E","CHLORIDE","mg/L",10.25
"01/13/1993","S65E","CHLORIDE","mg/L",19.8
"01/21/1993","S65E","CHLORIDE","mg/L",19.1
"01/27/1993","S65E","CHLORIDE","mg/L",18.95
"02/03/1993","S65E","CHLORIDE","mg/L",19.3
"02/08/1993","S65E","CHLORIDE","mg/L",19
"02/10/1993","S65E","CHLORIDE","mg/L",19.1
"02/18/1993","S65E","CHLORIDE","mg/L",54.85
"02/23/1993","S65E","CHLORIDE","mg/L",26.1
"02/24/1993","S65E","CHLORIDE","mg/L",27.9
"03/03/1993","S65E","CHLORIDE","mg/L",33.8
"03/08/1993","S65E","CHLORIDE","mg/L",57.4666666666667
"03/10/1993","S65E","CHLORIDE","mg/L",29.1
"03/17/1993","S65E","CHLORIDE","mg/L",30.5
"03/23/1993","S65E","CHLORIDE","mg/L",24.95
"03/25/1993","S65E","CHLORIDE","mg/L",21.2
"03/30/1993","S65E","CHLORIDE","mg/L",15.5
"04/06/1993","S65E","CHLORIDE","mg/L",53.6333333333333
"04/20/1993","S65E","CHLORIDE","mg/L",17.9
"05/04/1993","S65E","CHLORIDE","mg/L",42.95
"05/18/1993","S65E","CHLORIDE","mg/L",20.7
"05/20/1993","S65E","CHLORIDE","mg/L",22.7
"06/01/1993","S65E","CHLORIDE","mg/L",22.4
"06/02/1993","S65E","CHLORIDE","mg/L",52.9666666666667
"06/15/1993","S65E","CHLORIDE","mg/L",22.3
"06/26/1993","S65E","CHLORIDE","mg/L",37.1
"06/29/1993","S65E","CHLORIDE","mg/L",23.4
"07/13/1993","S65E","CHLORIDE","mg/L",23.3
"07/27/1993","S65E","CHLORIDE","mg/L",25.7
"08/10/1993","S65E","CHLORIDE","mg/L",28.15
"08/17/1993","S65E","CHLORIDE","mg/L",28.4
"08/24/1993","S65E","CHLORIDE","mg/L",28.9
"09/07/1993","S65E","CHLORIDE","mg/L",22.5
"09/21/1993","S65E","CHLORIDE","mg/L",19.4
"10/05/1993","S65E","CHLORIDE","mg/L",24.8
"10/19/1993","S65E","CHLORIDE","mg/L",21.2
"11/02/1993","S65E","CHLORIDE","mg/L",32.1
"11/16/1993","S65E","CHLORIDE","mg/L",30.45
"12/01/1993","S65E","CHLORIDE","mg/L",17.7
"12/14/1993","S65E","CHLORIDE","mg/L",26.16
"12/28/1993","S65E","CHLORIDE","mg/L",32.7
"01/11/1994","S65E","CHLORIDE","mg/L",29.3
"01/19/1994","S65E","CHLORIDE","mg/L",33
"01/25/1994","S65E","CHLORIDE","mg/L",35.2
"02/08/1994","S65E","CHLORIDE","mg/L",36.1
"02/15/1994","S65E","CHLORIDE","mg/L",36.4
"02/22/1994","S65E","CHLORIDE","mg/L",31.6
"03/08/1994","S65E","CHLORIDE","mg/L",24.9
"03/15/1994","S65E","CHLORIDE","mg/L",25.1
"03/22/1994","S65E","CHLORIDE","mg/L",22.7
"04/05/1994","S65E","CHLORIDE","mg/L",22.823
"04/12/1994","S65E","CHLORIDE","mg/L",17.38275
"04/19/1994","S65E","CHLORIDE","mg/L",24.796
"05/03/1994","S65E","CHLORIDE","mg/L",27.692
"05/17/1994","S65E","CHLORIDE","mg/L",22.5364
"05/31/1994","S65E","CHLORIDE","mg/L",29.389
"06/14/1994","S65E","CHLORIDE","mg/L",24.0515
"06/28/1994","S65E","CHLORIDE","mg/L",10.1135
"07/12/1994","S65E","CHLORIDE","mg/L",16.051
"07/19/1994","S65E","CHLORIDE","mg/L",16.924
"07/26/1994","S65E","CHLORIDE","mg/L",18.024
"08/03/1994","S65E","CHLORIDE","mg/L",17.98
"08/09/1994","S65E","CHLORIDE","mg/L",13.992
"08/23/1994","S65E","CHLORIDE","mg/L",15.166
"09/06/1994","S65E","CHLORIDE","mg/L",18.052
"09/20/1994","S65E","CHLORIDE","mg/L",19.589
"10/04/1994","S65E","CHLORIDE","mg/L",16.286
"10/18/1994","S65E","CHLORIDE","mg/L",15.862
"11/01/1994","S65E","CHLORIDE","mg/L",17.169
"11/15/1994","S65E","CHLORIDE","mg/L",18.478
"11/29/1994","S65E","CHLORIDE","mg/L",17.289
"12/13/1994","S65E","CHLORIDE","mg/L",15.887
"12/27/1994","S65E","CHLORIDE","mg/L",17.113
"01/10/1995","S65E","CHLORIDE","mg/L",15.931
"01/24/1995","S65E","CHLORIDE","mg/L",17.257
"02/21/1995","S65E","CHLORIDE","mg/L",18.263
"03/07/1995","S65E","CHLORIDE","mg/L",18.15
"03/21/1995","S65E","CHLORIDE","mg/L",18.829
"04/04/1995","S65E","CHLORIDE","mg/L",18.289
"04/18/1995","S65E","CHLORIDE","mg/L",8.9972
"05/02/1995","S65E","CHLORIDE","mg/L",16.705
"05/16/1995","S65E","CHLORIDE","mg/L",16.913
"05/30/1995","S65E","CHLORIDE","mg/L",16.013
"06/13/1995","S65E","CHLORIDE","mg/L",18.731
"06/27/1995","S65E","CHLORIDE","mg/L",17.679
"07/11/1995","S65E","CHLORIDE","mg/L",16.184
"07/25/1995","S65E","CHLORIDE","mg/L",16.664
"08/08/1995","S65E","CHLORIDE","mg/L",13.008
"08/22/1995","S65E","CHLORIDE","mg/L",13.218
"09/05/1995","S65E","CHLORIDE","mg/L",12.667
"09/19/1995","S65E","CHLORIDE","mg/L",12.839
"10/03/1995","S65E","CHLORIDE","mg/L",13.727
"10/17/1995","S65E","CHLORIDE","mg/L",18.709
"10/31/1995","S65E","CHLORIDE","mg/L",14.659
"11/14/1995","S65E","CHLORIDE","mg/L",14.058
"11/28/1995","S65E","CHLORIDE","mg/L",15.884
"12/12/1995","S65E","CHLORIDE","mg/L",13.25
"12/26/1995","S65E","CHLORIDE","mg/L",15.264
"01/09/1996","S65E","CHLORIDE","mg/L",14.661
"01/23/1996","S65E","CHLORIDE","mg/L",13.783
"02/06/1996","S65E","CHLORIDE","mg/L",13.93625
"02/20/1996","S65E","CHLORIDE","mg/L",13.2605
"03/05/1996","S65E","CHLORIDE","mg/L",13.691
"03/19/1996","S65E","CHLORIDE","mg/L",14.0565
"04/02/1996","S65E","CHLORIDE","mg/L",15.1305
"04/16/1996","S65E","CHLORIDE","mg/L",14.72175
"04/30/1996","S65E","CHLORIDE","mg/L",11.2464
"05/14/1996","S65E","CHLORIDE","mg/L",14.7195
"05/20/1996","S65E","CHLORIDE","mg/L",10.6695
"05/28/1996","S65E","CHLORIDE","mg/L",14.977
"06/11/1996","S65E","CHLORIDE","mg/L",14.59125
"06/25/1996","S65E","CHLORIDE","mg/L",12.40025
"07/09/1996","S65E","CHLORIDE","mg/L",15.09
"07/23/1996","S65E","CHLORIDE","mg/L",8.7355
"08/06/1996","S65E","CHLORIDE","mg/L",8.7965
"08/20/1996","S65E","CHLORIDE","mg/L",6.2215
"09/03/1996","S65E","CHLORIDE","mg/L",8.288
"09/17/1996","S65E","CHLORIDE","mg/L",9.8725
"10/01/1996","S65E","CHLORIDE","mg/L",11.6705
"10/15/1996","S65E","CHLORIDE","mg/L",9.4915
"10/29/1996","S65E","CHLORIDE","mg/L",10.9065
"11/04/1996","S65E","CHLORIDE","mg/L",22.131
"11/12/1996","S65E","CHLORIDE","mg/L",16.0598
"11/26/1996","S65E","CHLORIDE","mg/L",21.6714
"12/10/1996","S65E","CHLORIDE","mg/L",15.3545
"12/26/1996","S65E","CHLORIDE","mg/L",16.626
"01/07/1997","S65E","CHLORIDE","mg/L",12.9045
"01/21/1997","S65E","CHLORIDE","mg/L",13.9768
"02/05/1997","S65E","CHLORIDE","mg/L",8.4075
"02/18/1997","S65E","CHLORIDE","mg/L",10.6664
"02/24/1997","S65E","CHLORIDE","mg/L",20.04
"03/04/1997","S65E","CHLORIDE","mg/L",9.339
"03/18/1997","S65E","CHLORIDE","mg/L",17.683
"04/01/1997","S65E","CHLORIDE","mg/L",11.024
"04/15/1997","S65E","CHLORIDE","mg/L",22.125
"04/29/1997","S65E","CHLORIDE","mg/L",18.058
"05/13/1997","S65E","CHLORIDE","mg/L",18.721
"05/19/1997","S65E","CHLORIDE","mg/L",17.968
"05/27/1997","S65E","CHLORIDE","mg/L",8.8965
"06/24/1997","S65E","CHLORIDE","mg/L",10.188
"07/08/1997","S65E","CHLORIDE","mg/L",23.288
"07/22/1997","S65E","CHLORIDE","mg/L",26.71
"08/05/1997","S65E","CHLORIDE","mg/L",14.561
"08/19/1997","S65E","CHLORIDE","mg/L",16.773
"08/28/1997","S65E","CHLORIDE","mg/L",17.431
"09/02/1997","S65E","CHLORIDE","mg/L",10.4532
"09/16/1997","S65E","CHLORIDE","mg/L",18.785
"09/30/1997","S65E","CHLORIDE","mg/L",18.97
"10/14/1997","S65E","CHLORIDE","mg/L",16.665
"10/28/1997","S65E","CHLORIDE","mg/L",21.247
"11/12/1997","S65E","CHLORIDE","mg/L",19.588
"11/17/1997","S65E","CHLORIDE","mg/L",9.324
"11/25/1997","S65E","CHLORIDE","mg/L",7.898
"12/09/1997","S65E","CHLORIDE","mg/L",11.591
"12/23/1997","S65E","CHLORIDE","mg/L",15.691
"01/06/1998","S65E","CHLORIDE","mg/L",16.614
"01/20/1998","S65E","CHLORIDE","mg/L",16.772
"02/03/1998","S65E","CHLORIDE","mg/L",15.997
"02/17/1998","S65E","CHLORIDE","mg/L",15.267
"02/18/1998","S65E","CHLORIDE","mg/L",16.298
"03/03/1998","S65E","CHLORIDE","mg/L",12.66
"03/17/1998","S65E","CHLORIDE","mg/L",12.831
"03/31/1998","S65E","CHLORIDE","mg/L",11.397
"04/14/1998","S65E","CHLORIDE","mg/L",12.32
"04/28/1998","S65E","CHLORIDE","mg/L",13.606
"05/12/1998","S65E","CHLORIDE","mg/L",18.63
"05/18/1998","S65E","CHLORIDE","mg/L",16.819
"05/26/1998","S65E","CHLORIDE","mg/L",15.322
"06/09/1998","S65E","CHLORIDE","mg/L",18.51
"06/23/1998","S65E","CHLORIDE","mg/L",22.205
"07/07/1998","S65E","CHLORIDE","mg/L",22.589
"07/21/1998","S65E","CHLORIDE","mg/L",18.675
"08/04/1998","S65E","CHLORIDE","mg/L",19.33
"08/18/1998","S65E","CHLORIDE","mg/L",19.144
"08/24/1998","S65E","CHLORIDE","mg/L",17.277
"09/10/1998","S65E","CHLORIDE","mg/L",21.3
"09/15/1998","S65E","CHLORIDE","mg/L",16.685
"09/29/1998","S65E","CHLORIDE","mg/L",12.507
"10/13/1998","S65E","CHLORIDE","mg/L",15.127
"10/27/1998","S65E","CHLORIDE","mg/L",16.488
"11/09/1998","S65E","CHLORIDE","mg/L",15.519
"11/24/1998","S65E","CHLORIDE","mg/L",19.184
"12/08/1998","S65E","CHLORIDE","mg/L",18.353
"12/22/1998","S65E","CHLORIDE","mg/L",17.406
"01/05/1999","S65E","CHLORIDE","mg/L",21.013
"01/19/1999","S65E","CHLORIDE","mg/L",19.357
"01/25/1999","S65E","CHLORIDE","mg/L",20.437
"02/02/1999","S65E","CHLORIDE","mg/L",21.829
"02/16/1999","S65E","CHLORIDE","mg/L",28.522
"03/02/1999","S65E","CHLORIDE","mg/L",13.4445
"03/16/1999","S65E","CHLORIDE","mg/L",18.7426
"03/30/1999","S65E","CHLORIDE","mg/L",17.056
"04/13/1999","S65E","CHLORIDE","mg/L",16.732
"04/19/1999","S65E","CHLORIDE","mg/L",23.76
"04/27/1999","S65E","CHLORIDE","mg/L",19.295
"05/11/1999","S65E","CHLORIDE","mg/L",19.25
"05/25/1999","S65E","CHLORIDE","mg/L",19.59
"06/08/1999","S65E","CHLORIDE","mg/L",23.04
"06/22/1999","S65E","CHLORIDE","mg/L",21.79
"07/06/1999","S65E","CHLORIDE","mg/L",12.6
"07/20/1999","S65E","CHLORIDE","mg/L",8.525
"07/26/1999","S65E","CHLORIDE","mg/L",19.3
"08/03/1999","S65E","CHLORIDE","mg/L",9.73
"08/17/1999","S65E","CHLORIDE","mg/L",18.63
"08/31/1999","S65E","CHLORIDE","mg/L",12.87
"09/16/1999","S65E","CHLORIDE","mg/L",10.964
"09/28/1999","S65E","CHLORIDE","mg/L",8.2
"10/12/1999","S65E","CHLORIDE","mg/L",17.95
"10/18/1999","S65E","CHLORIDE","mg/L",29.13
"10/26/1999","S65E","CHLORIDE","mg/L",15.71
"11/09/1999","S65E","CHLORIDE","mg/L",15.62
"11/23/1999","S65E","CHLORIDE","mg/L",18.34
"12/07/1999","S65E","CHLORIDE","mg/L",8.84
"12/21/1999","S65E","CHLORIDE","mg/L",8.9
"01/04/2000","S65E","CHLORIDE","mg/L",11.614
"01/18/2000","S65E","CHLORIDE","mg/L",9.555
"01/24/2000","S65E","CHLORIDE","mg/L",46.13
"02/01/2000","S65E","CHLORIDE","mg/L",20.31
"02/15/2000","S65E","CHLORIDE","mg/L",19.76
"02/29/2000","S65E","CHLORIDE","mg/L",9.475
"03/14/2000","S65E","CHLORIDE","mg/L",20.38
"03/28/2000","S65E","CHLORIDE","mg/L",26.29
"04/11/2000","S65E","CHLORIDE","mg/L",23.98
"04/17/2000","S65E","CHLORIDE","mg/L",24.43
"04/24/2000","S65E","CHLORIDE","mg/L",11.035
"05/09/2000","S65E","CHLORIDE","mg/L",24.76
"05/23/2000","S65E","CHLORIDE","mg/L",23.64
"06/06/2000","S65E","CHLORIDE","mg/L",26.53
"06/20/2000","S65E","CHLORIDE","mg/L",25.64
"07/05/2000","S65E","CHLORIDE","mg/L",26.1
"07/18/2000","S65E","CHLORIDE","mg/L",27.7
"07/25/2000","S65E","CHLORIDE","mg/L",34.03
"08/01/2000","S65E","CHLORIDE","mg/L",17.144
"08/15/2000","S65E","CHLORIDE","mg/L",15.726
"08/29/2000","S65E","CHLORIDE","mg/L",28.39
"09/12/2000","S65E","CHLORIDE","mg/L",28.94
"09/26/2000","S65E","CHLORIDE","mg/L",21.63
"10/10/2000","S65E","CHLORIDE","mg/L",12.16
"10/16/2000","S65E","CHLORIDE","mg/L",29
"10/24/2000","S65E","CHLORIDE","mg/L",26.46
"11/07/2000","S65E","CHLORIDE","mg/L",31.96
"11/21/2000","S65E","CHLORIDE","mg/L",30.14
"12/05/2000","S65E","CHLORIDE","mg/L",31.78
"12/19/2000","S65E","CHLORIDE","mg/L",32.13
"01/02/2001","S65E","CHLORIDE","mg/L",16.97
"01/16/2001","S65E","CHLORIDE","mg/L",33.67
"01/22/2001","S65E","CHLORIDE","mg/L",34.81
"01/30/2001","S65E","CHLORIDE","mg/L",33.98
"02/13/2001","S65E","CHLORIDE","mg/L",32.6
"02/27/2001","S65E","CHLORIDE","mg/L",34.23
"03/13/2001","S65E","CHLORIDE","mg/L",34.45
"03/27/2001","S65E","CHLORIDE","mg/L",37
"04/10/2001","S65E","CHLORIDE","mg/L",39.86
"04/16/2001","S65E","CHLORIDE","mg/L",20.83
"04/24/2001","S65E","CHLORIDE","mg/L",22.42
"05/08/2001","S65E","CHLORIDE","mg/L",21.185
"05/22/2001","S65E","CHLORIDE","mg/L",41.89
"06/05/2001","S65E","CHLORIDE","mg/L",45.34
"06/19/2001","S65E","CHLORIDE","mg/L",20.58
"07/03/2001","S65E","CHLORIDE","mg/L",25.3
"07/16/2001","S65E","CHLORIDE","mg/L",42.885
"07/17/2001","S65E","CHLORIDE","mg/L",45.95
"07/31/2001","S65E","CHLORIDE","mg/L",30.44
"08/14/2001","S65E","CHLORIDE","mg/L",20.46
"08/28/2001","S65E","CHLORIDE","mg/L",24.5
"09/11/2001","S65E","CHLORIDE","mg/L",16.852
"09/25/2001","S65E","CHLORIDE","mg/L",24.21
"10/08/2001","S65E","CHLORIDE","mg/L",25.01
"10/09/2001","S65E","CHLORIDE","mg/L",24.33
"11/06/2001","S65E","CHLORIDE","mg/L",11.39
"11/20/2001","S65E","CHLORIDE","mg/L",11.785
"12/04/2001","S65E","CHLORIDE","mg/L",12.165
"12/18/2001","S65E","CHLORIDE","mg/L",23.35
"01/02/2002","S65E","CHLORIDE","mg/L",12.12
"01/15/2002","S65E","CHLORIDE","mg/L",12.135
"01/29/2002","S65E","CHLORIDE","mg/L",13.05
"02/12/2002","S65E","CHLORIDE","mg/L",13.15
"02/26/2002","S65E","CHLORIDE","mg/L",25.73
"03/12/2002","S65E","CHLORIDE","mg/L",26.09
"03/18/2002","S65E","CHLORIDE","mg/L",14.525
"03/26/2002","S65E","CHLORIDE","mg/L",27.18
"04/09/2002","S65E","CHLORIDE","mg/L",13.235
"04/23/2002","S65E","CHLORIDE","mg/L",24.82
"05/07/2002","S65E","CHLORIDE","mg/L",24.09
"05/21/2002","S65E","CHLORIDE","mg/L",24.76
"06/04/2002","S65E","CHLORIDE","mg/L",25.41
"06/18/2002","S65E","CHLORIDE","mg/L",8.68
"06/24/2002","S65E","CHLORIDE","mg/L",26.835
"07/02/2002","S65E","CHLORIDE","mg/L",18.19
"07/16/2002","S65E","CHLORIDE","mg/L",9.525
"07/30/2002","S65E","CHLORIDE","mg/L",9.685
"08/13/2002","S65E","CHLORIDE","mg/L",23.34
"08/27/2002","S65E","CHLORIDE","mg/L",10.305
"09/10/2002","S65E","CHLORIDE","mg/L",9.18
"09/16/2002","S65E","CHLORIDE","mg/L",19.12
"09/24/2002","S65E","CHLORIDE","mg/L",9.84
"10/08/2002","S65E","CHLORIDE","mg/L",19.18
"10/22/2002","S65E","CHLORIDE","mg/L",21.06
"11/05/2002","S65E","CHLORIDE","mg/L",21.02
"11/19/2002","S65E","CHLORIDE","mg/L",21.39
"12/03/2002","S65E","CHLORIDE","mg/L",22.69
"12/17/2002","S65E","CHLORIDE","mg/L",10.628
"12/30/2002","S65E","CHLORIDE","mg/L",19.805
"12/31/2002","S65E","CHLORIDE","mg/L",19.12
"01/14/2003","S65E","CHLORIDE","mg/L",19.62
"01/28/2003","S65E","CHLORIDE","mg/L",18.61
"02/11/2003","S65E","CHLORIDE","mg/L",19.11
"02/25/2003","S65E","CHLORIDE","mg/L",21.59
"03/11/2003","S65E","CHLORIDE","mg/L",23.81
"03/24/2003","S65E","CHLORIDE","mg/L",19.5
"03/25/2003","S65E","CHLORIDE","mg/L",22.17
"04/08/2003","S65E","CHLORIDE","mg/L",18.06
"04/22/2003","S65E","CHLORIDE","mg/L",17.83
"05/06/2003","S65E","CHLORIDE","mg/L",9.045
"05/20/2003","S65E","CHLORIDE","mg/L",18.33
"06/03/2003","S65E","CHLORIDE","mg/L",10.59
"06/16/2003","S65E","CHLORIDE","mg/L",21.405
"06/17/2003","S65E","CHLORIDE","mg/L",11.095
"07/01/2003","S65E","CHLORIDE","mg/L",27.32
"07/15/2003","S65E","CHLORIDE","mg/L",18.6
"07/29/2003","S65E","CHLORIDE","mg/L",19.05
"08/12/2003","S65E","CHLORIDE","mg/L",18.7
"08/26/2003","S65E","CHLORIDE","mg/L",18.3
"09/09/2003","S65E","CHLORIDE","mg/L",7.5
"09/15/2003","S65E","CHLORIDE","mg/L",14.2
"09/23/2003","S65E","CHLORIDE","mg/L",14.7
"10/07/2003","S65E","CHLORIDE","mg/L",8.65
"10/21/2003","S65E","CHLORIDE","mg/L",14.9
"11/04/2003","S65E","CHLORIDE","mg/L",15.6
"11/18/2003","S65E","CHLORIDE","mg/L",17
"12/02/2003","S65E","CHLORIDE","mg/L",16.4
"12/15/2003","S65E","CHLORIDE","mg/L",12.1333333333333
"12/16/2003","S65E","CHLORIDE","mg/L",15.5
"12/30/2003","S65E","CHLORIDE","mg/L",11.55
"01/13/2004","S65E","CHLORIDE","mg/L",16
"01/27/2004","S65E","CHLORIDE","mg/L",16.8
"02/10/2004","S65E","CHLORIDE","mg/L",9.05
"02/24/2004","S65E","CHLORIDE","mg/L",18.6
"03/09/2004","S65E","CHLORIDE","mg/L",20.8
"03/15/2004","S65E","CHLORIDE","mg/L",21.9
"03/23/2004","S65E","CHLORIDE","mg/L",19.4
"04/06/2004","S65E","CHLORIDE","mg/L",19.3
"04/20/2004","S65E","CHLORIDE","mg/L",19.3
"05/04/2004","S65E","CHLORIDE","mg/L",10.05
"05/17/2004","S65E","CHLORIDE","mg/L",21.15
"05/18/2004","S65E","CHLORIDE","mg/L",21.4
"06/08/2004","S65E","CHLORIDE","mg/L",21.7
"06/22/2004","S65E","CHLORIDE","mg/L",21
"07/06/2004","S65E","CHLORIDE","mg/L",11.1
"07/20/2004","S65E","CHLORIDE","mg/L",10.55
"08/03/2004","S65E","CHLORIDE","mg/L",23.1
"08/17/2004","S65E","CHLORIDE","mg/L",23.6
"08/23/2004","S65E","CHLORIDE","mg/L",9.85
"08/31/2004","S65E","CHLORIDE","mg/L",17.7
"09/14/2004","S65E","CHLORIDE","mg/L",18.4
"09/29/2004","S65E","CHLORIDE","mg/L",14.9
"10/12/2004","S65E","CHLORIDE","mg/L",13.4
"10/26/2004","S65E","CHLORIDE","mg/L",4.43333333333333
"11/09/2004","S65E","CHLORIDE","mg/L",13.6
"11/22/2004","S65E","CHLORIDE","mg/L",14.1
"12/07/2004","S65E","CHLORIDE","mg/L",14.1
"12/21/2004","S65E","CHLORIDE","mg/L",6.8
"01/04/2005","S65E","CHLORIDE","mg/L",14.9
"01/18/2005","S65E","CHLORIDE","mg/L",16
"02/01/2005","S65E","CHLORIDE","mg/L",16.2
"02/14/2005","S65E","CHLORIDE","mg/L",15.9
"02/15/2005","S65E","CHLORIDE","mg/L",15.6
"03/01/2005","S65E","CHLORIDE","mg/L",7.6
"03/15/2005","S65E","CHLORIDE","mg/L",20.2
"03/29/2005","S65E","CHLORIDE","mg/L",16.5
"04/12/2005","S65E","CHLORIDE","mg/L",15.3
"04/26/2005","S65E","CHLORIDE","mg/L",16
"05/10/2005","S65E","CHLORIDE","mg/L",18.2
"05/16/2005","S65E","CHLORIDE","mg/L",8.9
"05/24/2005","S65E","CHLORIDE","mg/L",17.5
"06/07/2005","S65E","CHLORIDE","mg/L",5.1
"06/21/2005","S65E","CHLORIDE","mg/L",16
"07/05/2005","S65E","CHLORIDE","mg/L",7.55
"07/19/2005","S65E","CHLORIDE","mg/L",7.65
"08/02/2005","S65E","CHLORIDE","mg/L",5.7
"08/16/2005","S65E","CHLORIDE","mg/L",13.3
"08/22/2005","S65E","CHLORIDE","mg/L",13.3
"08/30/2005","S65E","CHLORIDE","mg/L",14.1
"09/12/2005","S65E","CHLORIDE","mg/L",6.05
"09/26/2005","S65E","CHLORIDE","mg/L",13.2
"10/11/2005","S65E","CHLORIDE","mg/L",14.8
"11/08/2005","S65E","CHLORIDE","mg/L",5.85
"11/14/2005","S65E","CHLORIDE","mg/L",11.9
"11/16/2005","S65E","CHLORIDE","mg/L",12.3
"12/06/2005","S65E","CHLORIDE","mg/L",14.5
"12/20/2005","S65E","CHLORIDE","mg/L",14.3
"01/03/2006","S65E","CHLORIDE","mg/L",14.7
"01/17/2006","S65E","CHLORIDE","mg/L",13.9
"01/30/2006","S65E","CHLORIDE","mg/L",14.4
"02/13/2006","S65E","CHLORIDE","mg/L",10.55
"02/21/2006","S65E","CHLORIDE","mg/L",9.7
"02/28/2006","S65E","CHLORIDE","mg/L",18.3
"03/13/2006","S65E","CHLORIDE","mg/L",8.2
"03/28/2006","S65E","CHLORIDE","mg/L",15.9
"04/11/2006","S65E","CHLORIDE","mg/L",7.7
"04/24/2006","S65E","CHLORIDE","mg/L",16
"05/08/2006","S65E","CHLORIDE","mg/L",16.3
"05/22/2006","S65E","CHLORIDE","mg/L",17
"05/23/2006","S65E","CHLORIDE","mg/L",8.35
"06/06/2006","S65E","CHLORIDE","mg/L",9.98
"06/19/2006","S65E","CHLORIDE","mg/L",8.6
"07/18/2006","S65E","CHLORIDE","mg/L",18.4
"07/31/2006","S65E","CHLORIDE","mg/L",9.05
"08/14/2006","S65E","CHLORIDE","mg/L",18.6
"08/21/2006","S65E","CHLORIDE","mg/L",19.1
"08/31/2006","S65E","CHLORIDE","mg/L",20.1
"09/11/2006","S65E","CHLORIDE","mg/L",3.73333333333333
"09/25/2006","S65E","CHLORIDE","mg/L",12.7
"10/10/2006","S65E","CHLORIDE","mg/L",15.4
"10/24/2006","S65E","CHLORIDE","mg/L",17.2
"11/07/2006","S65E","CHLORIDE","mg/L",18.2
"11/21/2006","S65E","CHLORIDE","mg/L",19
"11/27/2006","S65E","CHLORIDE","mg/L",19.6
"12/05/2006","S65E","CHLORIDE","mg/L",9.55
"12/19/2006","S65E","CHLORIDE","mg/L",14.625
"01/02/2007","S65E","CHLORIDE","mg/L",9.9
"01/16/2007","S65E","CHLORIDE","mg/L",20.4
"01/30/2007","S65E","CHLORIDE","mg/L",10.4
"02/13/2007","S65E","CHLORIDE","mg/L",21
"02/26/2007","S65E","CHLORIDE","mg/L",21.4
"02/27/2007","S65E","CHLORIDE","mg/L",21.2
"03/13/2007","S65E","CHLORIDE","mg/L",17.825
"03/27/2007","S65E","CHLORIDE","mg/L",25.6
"04/10/2007","S65E","CHLORIDE","mg/L",27.7
"04/24/2007","S65E","CHLORIDE","mg/L",29.8
"05/08/2007","S65E","CHLORIDE","mg/L",13.8
"05/21/2007","S65E","CHLORIDE","mg/L",37.3
"05/22/2007","S65E","CHLORIDE","mg/L",36.9
"06/05/2007","S65E","CHLORIDE","mg/L",22.62
"06/19/2007","S65E","CHLORIDE","mg/L",37.7
"07/02/2007","S65E","CHLORIDE","mg/L",39
"07/17/2007","S65E","CHLORIDE","mg/L",63.3
"08/06/2007","S65E","CHLORIDE","mg/L",12.4
"08/20/2007","S65E","CHLORIDE","mg/L",16.25
"08/21/2007","S65E","CHLORIDE","mg/L",21.9
"09/04/2007","S65E","CHLORIDE","mg/L",11.75
"09/17/2007","S65E","CHLORIDE","mg/L",24.9
"10/01/2007","S65E","CHLORIDE","mg/L",23.3
"10/15/2007","S65E","CHLORIDE","mg/L",12.95
"10/29/2007","S65E","CHLORIDE","mg/L",24.2
"11/05/2007","S65E","CHLORIDE","mg/L",25.9
"11/20/2007","S65E","CHLORIDE","mg/L",25
"11/26/2007","S65E","CHLORIDE","mg/L",25.3
"12/03/2007","S65E","CHLORIDE","mg/L",15.38
"12/18/2007","S65E","CHLORIDE","mg/L",25.5
"01/17/2008","S65E","CHLORIDE","mg/L",26
"01/29/2008","S65E","CHLORIDE","mg/L",13.85
"02/04/2008","S65E","CHLORIDE","mg/L",27.3
"02/19/2008","S65E","CHLORIDE","mg/L",28.9
"02/20/2008","S65E","CHLORIDE","mg/L",29
"03/03/2008","S65E","CHLORIDE","mg/L",17.32
"03/17/2008","S65E","CHLORIDE","mg/L",14.85
"04/07/2008","S65E","CHLORIDE","mg/L",27.6
"04/21/2008","S65E","CHLORIDE","mg/L",26.9
"05/06/2008","S65E","CHLORIDE","mg/L",27.9
"05/19/2008","S65E","CHLORIDE","mg/L",14.35
"05/28/2008","S65E","CHLORIDE","mg/L",30.5
"06/03/2008","S65E","CHLORIDE","mg/L",18.28
"06/17/2008","S65E","CHLORIDE","mg/L",30.1
"07/01/2008","S65E","CHLORIDE","mg/L",15.15
"07/16/2008","S65E","CHLORIDE","mg/L",11.55
"08/06/2008","S65E","CHLORIDE","mg/L",16.3
"08/26/2008","S65E","CHLORIDE","mg/L",12.4
"08/28/2008","S65E","CHLORIDE","mg/L",14.2
"09/08/2008","S65E","CHLORIDE","mg/L",13.18
"09/22/2008","S65E","CHLORIDE","mg/L",21.8
"10/06/2008","S65E","CHLORIDE","mg/L",12.25
"10/20/2008","S65E","CHLORIDE","mg/L",12.9
"11/13/2008","S65E","CHLORIDE","mg/L",14.4
"11/19/2008","S65E","CHLORIDE","mg/L",26.1
"11/24/2008","S65E","CHLORIDE","mg/L",26
"12/10/2008","S65E","CHLORIDE","mg/L",12.4
"12/23/2008","S65E","CHLORIDE","mg/L",12.5
"01/14/2009","S65E","CHLORIDE","mg/L",12.25
"01/27/2009","S65E","CHLORIDE","mg/L",25.9
"02/02/2009","S65E","CHLORIDE","mg/L",30.3
"02/17/2009","S65E","CHLORIDE","mg/L",26.5
"02/18/2009","S65E","CHLORIDE","mg/L",24.6
"03/03/2009","S65E","CHLORIDE","mg/L",19.72
"03/17/2009","S65E","CHLORIDE","mg/L",27.8
"03/31/2009","S65E","CHLORIDE","mg/L",13.75
"04/14/2009","S65E","CHLORIDE","mg/L",13.7
"04/29/2009","S65E","CHLORIDE","mg/L",27.6
"05/13/2009","S65E","CHLORIDE","mg/L",13.25
"05/20/2009","S65E","CHLORIDE","mg/L",27
"05/27/2009","S65E","CHLORIDE","mg/L",27.1
"06/02/2009","S65E","CHLORIDE","mg/L",13.85
"06/16/2009","S65E","CHLORIDE","mg/L",8.93333333333333
"07/07/2009","S65E","CHLORIDE","mg/L",14.4
"07/20/2009","S65E","CHLORIDE","mg/L",23.7
"08/04/2009","S65E","CHLORIDE","mg/L",10.5
"08/18/2009","S65E","CHLORIDE","mg/L",10.4
"08/26/2009","S65E","CHLORIDE","mg/L",22.8
"09/08/2009","S65E","CHLORIDE","mg/L",11.2
"09/22/2009","S65E","CHLORIDE","mg/L",11.08
"10/07/2009","S65E","CHLORIDE","mg/L",9.45
"10/21/2009","S65E","CHLORIDE","mg/L",8.6
"11/09/2009","S65E","CHLORIDE","mg/L",9.3
"11/30/2009","S65E","CHLORIDE","mg/L",9.75
"12/16/2009","S65E","CHLORIDE","mg/L",10.5
"12/28/2009","S65E","CHLORIDE","mg/L",13
"01/11/2010","S65E","CHLORIDE","mg/L",28
"01/25/2010","S65E","CHLORIDE","mg/L",26
"02/08/2010","S65E","CHLORIDE","mg/L",25.1
"02/17/2010","S65E","CHLORIDE","mg/L",24.5
"03/15/2010","S65E","CHLORIDE","mg/L",15.32
"03/29/2010","S65E","CHLORIDE","mg/L",25.8
"04/12/2010","S65E","CHLORIDE","mg/L",11.1
"04/26/2010","S65E","CHLORIDE","mg/L",23.5
"05/10/2010","S65E","CHLORIDE","mg/L",10.8
"05/24/2010","S65E","CHLORIDE","mg/L",21.8
"06/07/2010","S65E","CHLORIDE","mg/L",16
"06/21/2010","S65E","CHLORIDE","mg/L",23.2
"07/08/2010","S65E","CHLORIDE","mg/L",11.05
"07/19/2010","S65E","CHLORIDE","mg/L",17.6
"08/02/2010","S65E","CHLORIDE","mg/L",20.7
"08/16/2010","S65E","CHLORIDE","mg/L",26.6
"09/14/2010","S65E","CHLORIDE","mg/L",22.5333333333333
"09/27/2010","S65E","CHLORIDE","mg/L",22
"10/11/2010","S65E","CHLORIDE","mg/L",20.6
"10/26/2010","S65E","CHLORIDE","mg/L",22.5
"11/09/2010","S65E","CHLORIDE","mg/L",30.3
"11/29/2010","S65E","CHLORIDE","mg/L",22.6
"12/09/2010","S65E","CHLORIDE","mg/L",23.4
"12/22/2010","S65E","CHLORIDE","mg/L",23.8
"01/10/2011","S65E","CHLORIDE","mg/L",25.4
"01/24/2011","S65E","CHLORIDE","mg/L",25.5
"02/07/2011","S65E","CHLORIDE","mg/L",28.2
"02/23/2011","S65E","CHLORIDE","mg/L",30.1
"03/09/2011","S65E","CHLORIDE","mg/L",28.5666666666667
"03/23/2011","S65E","CHLORIDE","mg/L",27.5
"04/13/2011","S65E","CHLORIDE","mg/L",22.4
"04/27/2011","S65E","CHLORIDE","mg/L",20.2
"05/11/2011","S65E","CHLORIDE","mg/L",20.4
"05/25/2011","S65E","CHLORIDE","mg/L",22.7
"06/08/2011","S65E","CHLORIDE","mg/L",22.1
"06/20/2011","S65E","CHLORIDE","mg/L",22.9
"07/06/2011","S65E","CHLORIDE","mg/L",22.4
"07/20/2011","S65E","CHLORIDE","mg/L",27.3
"08/03/2011","S65E","CHLORIDE","mg/L",20.1
"08/17/2011","S65E","CHLORIDE","mg/L",27.4
"08/31/2011","S65E","CHLORIDE","mg/L",23
"09/14/2011","S65E","CHLORIDE","mg/L",22.7333333333333
"09/28/2011","S65E","CHLORIDE","mg/L",25.4
"10/12/2011","S65E","CHLORIDE","mg/L",13.7
"10/26/2011","S65E","CHLORIDE","mg/L",19.5
"11/07/2011","S65E","CHLORIDE","mg/L",19.7
"11/22/2011","S65E","CHLORIDE","mg/L",20.7
"12/07/2011","S65E","CHLORIDE","mg/L",22.8
"12/21/2011","S65E","CHLORIDE","mg/L",21.3
"01/04/2012","S65E","CHLORIDE","mg/L",21.2
"01/18/2012","S65E","CHLORIDE","mg/L",20.4
"02/01/2012","S65E","CHLORIDE","mg/L",19.9
"02/15/2012","S65E","CHLORIDE","mg/L",20.2
"02/29/2012","S65E","CHLORIDE","mg/L",20.4
"03/14/2012","S65E","CHLORIDE","mg/L",21.1
"03/28/2012","S65E","CHLORIDE","mg/L",25.2
"04/11/2012","S65E","CHLORIDE","mg/L",26.4
"04/25/2012","S65E","CHLORIDE","mg/L",27
"05/09/2012","S65E","CHLORIDE","mg/L",23.4
"05/23/2012","S65E","CHLORIDE","mg/L",22.5
"06/06/2012","S65E","CHLORIDE","mg/L",23.4
"06/20/2012","S65E","CHLORIDE","mg/L",26
"07/11/2012","S65E","CHLORIDE","mg/L",20.7
"07/25/2012","S65E","CHLORIDE","mg/L",26.4
"08/08/2012","S65E","CHLORIDE","mg/L",32.5
"08/22/2012","S65E","CHLORIDE","mg/L",30.6
"09/05/2012","S65E","CHLORIDE","mg/L",17
"09/19/2012","S65E","CHLORIDE","mg/L",18.8
"10/03/2012","S65E","CHLORIDE","mg/L",16.8
"10/17/2012","S65E","CHLORIDE","mg/L",17.7
"10/31/2012","S65E","CHLORIDE","mg/L",25
"11/14/2012","S65E","CHLORIDE","mg/L",23.4
"11/28/2012","S65E","CHLORIDE","mg/L",26.9
"12/05/2012","S65E","CHLORIDE","mg/L",26.7
"12/19/2012","S65E","CHLORIDE","mg/L",24
"01/02/2013","S65E","CHLORIDE","mg/L",24
"01/16/2013","S65E","CHLORIDE","mg/L",25.6
"01/30/2013","S65E","CHLORIDE","mg/L",27.2
"02/13/2013","S65E","CHLORIDE","mg/L",27.9
"02/27/2013","S65E","CHLORIDE","mg/L",26.9
"03/13/2013","S65E","CHLORIDE","mg/L",29
"03/27/2013","S65E","CHLORIDE","mg/L",27.6
"04/10/2013","S65E","CHLORIDE","mg/L",29.1
"04/24/2013","S65E","CHLORIDE","mg/L",31.8
"05/08/2013","S65E","CHLORIDE","mg/L",28.5
"05/22/2013","S65E","CHLORIDE","mg/L",25.7
"06/05/2013","S65E","CHLORIDE","mg/L",27.3
"06/19/2013","S65E","CHLORIDE","mg/L",26.7
"07/02/2013","S65E","CHLORIDE","mg/L",29.4
"07/17/2013","S65E","CHLORIDE","mg/L",24
"07/31/2013","S65E","CHLORIDE","mg/L",20.3
"08/14/2013","S65E","CHLORIDE","mg/L",19.3
"08/28/2013","S65E","CHLORIDE","mg/L",19.9
"09/11/2013","S65E","CHLORIDE","mg/L",20.1
"09/25/2013","S65E","CHLORIDE","mg/L",21
"10/09/2013","S65E","CHLORIDE","mg/L",18.2
"10/23/2013","S65E","CHLORIDE","mg/L",20.5
"11/06/2013","S65E","CHLORIDE","mg/L",22.8
"11/20/2013","S65E","CHLORIDE","mg/L",22.5
"12/04/2013","S65E","CHLORIDE","mg/L",24.4
"12/18/2013","S65E","CHLORIDE","mg/L",24.7
"12/30/2013","S65E","CHLORIDE","mg/L",25.7
"01/15/2014","S65E","CHLORIDE","mg/L",24.1
"01/29/2014","S65E","CHLORIDE","mg/L",24.6
"02/12/2014","S65E","CHLORIDE","mg/L",30.5
"02/26/2014","S65E","CHLORIDE","mg/L",28.6
"03/12/2014","S65E","CHLORIDE","mg/L",24.8
"03/26/2014","S65E","CHLORIDE","mg/L",23.4
"04/09/2014","S65E","CHLORIDE","mg/L",22.8
"04/23/2014","S65E","CHLORIDE","mg/L",23.2
"05/07/2014","S65E","CHLORIDE","mg/L",24.9
"05/21/2014","S65E","CHLORIDE","mg/L",25.5
"06/04/2014","S65E","CHLORIDE","mg/L",26.6
"06/18/2014","S65E","CHLORIDE","mg/L",30
"07/01/2014","S65E","CHLORIDE","mg/L",33.9
"07/16/2014","S65E","CHLORIDE","mg/L",24.4
"07/30/2014","S65E","CHLORIDE","mg/L",21.8
"08/13/2014","S65E","CHLORIDE","mg/L",19.3
"08/18/2014","S65E","CHLORIDE","mg/L",20.5
"08/27/2014","S65E","CHLORIDE","mg/L",17.8
"09/10/2014","S65E","CHLORIDE","mg/L",20
"09/24/2014","S65E","CHLORIDE","mg/L",19.8
"10/08/2014","S65E","CHLORIDE","mg/L",16.2
"10/22/2014","S65E","CHLORIDE","mg/L",20.9
"11/03/2014","S65E","CHLORIDE","mg/L",21.4
"11/05/2014","S65E","CHLORIDE","mg/L",21.8
"11/19/2014","S65E","CHLORIDE","mg/L",23.3
"12/03/2014","S65E","CHLORIDE","mg/L",29.9
"12/17/2014","S65E","CHLORIDE","mg/L",24.9
"12/30/2014","S65E","CHLORIDE","mg/L",22.8
"01/14/2015","S65E","CHLORIDE","mg/L",21.6
"01/28/2015","S65E","CHLORIDE","mg/L",19.6
"02/02/2015","S65E","CHLORIDE","mg/L",21.4
"02/11/2015","S65E","CHLORIDE","mg/L",21.4
"02/25/2015","S65E","CHLORIDE","mg/L",21.4
"03/11/2015","S65E","CHLORIDE","mg/L",20.9
"03/25/2015","S65E","CHLORIDE","mg/L",18.8
"04/08/2015","S65E","CHLORIDE","mg/L",22.8
"04/22/2015","S65E","CHLORIDE","mg/L",22.4
"05/04/2015","S65E","CHLORIDE","mg/L",22.7
"05/06/2015","S65E","CHLORIDE","mg/L",22.4
"05/20/2015","S65E","CHLORIDE","mg/L",24.9
"06/03/2015","S65E","CHLORIDE","mg/L",25.2
"06/17/2015","S65E","CHLORIDE","mg/L",24.6
"07/01/2015","S65E","CHLORIDE","mg/L",26.4
"07/15/2015","S65E","CHLORIDE","mg/L",26
"07/29/2015","S65E","CHLORIDE","mg/L",22.6
"08/03/2015","S65E","CHLORIDE","mg/L",26
"08/12/2015","S65E","CHLORIDE","mg/L",21.9333333333333
"08/26/2015","S65E","CHLORIDE","mg/L",18.1
"09/09/2015","S65E","CHLORIDE","mg/L",17.3
"09/23/2015","S65E","CHLORIDE","mg/L",18.6
"10/07/2015","S65E","CHLORIDE","mg/L",17.9
"10/21/2015","S65E","CHLORIDE","mg/L",18.7
"10/26/2015","S65E","CHLORIDE","mg/L",19.1
"11/04/2015","S65E","CHLORIDE","mg/L",20.3
"11/18/2015","S65E","CHLORIDE","mg/L",20.7
"12/02/2015","S65E","CHLORIDE","mg/L",28.4
"01/20/2016","S65E","CHLORIDE","mg/L",29.2
"04/11/2016","S65E","CHLORIDE","mg/L",20
"07/06/2016","S65E","CHLORIDE","mg/L",19
"09/26/2016","S65E","CHLORIDE","mg/L",16.9
"12/19/2016","S65E","CHLORIDE","mg/L",18.8
"01/09/2017","S65E","CHLORIDE","mg/L",19.2
"01/23/2017","S65E","CHLORIDE","mg/L",22.5
"02/06/2017","S65E","CHLORIDE","mg/L",20.1
"02/20/2017","S65E","CHLORIDE","mg/L",19.7
"03/06/2017","S65E","CHLORIDE","mg/L",19.7
"03/13/2017","S65E","CHLORIDE","mg/L",20
"03/20/2017","S65E","CHLORIDE","mg/L",19.6
"04/17/2017","S65E","CHLORIDE","mg/L",20.5
"04/24/2017","S65E","CHLORIDE","mg/L",20.7
"05/01/2017","S65E","CHLORIDE","mg/L",21
"05/08/2017","S65E","CHLORIDE","mg/L",21.6
"06/05/2017","S65E","CHLORIDE","mg/L",23.1
"06/12/2017","S65E","CHLORIDE","mg/L",24.3
"06/19/2017","S65E","CHLORIDE","mg/L",30.1
"07/05/2017","S65E","CHLORIDE","mg/L",20.6
"07/17/2017","S65E","CHLORIDE","mg/L",22.2
"08/01/2017","S65E","CHLORIDE","mg/L",18.4
"08/14/2017","S65E","CHLORIDE","mg/L",18.1
"08/28/2017","S65E","CHLORIDE","mg/L",18.6
"09/13/2017","S65E","CHLORIDE","mg/L",11.1
"09/25/2017","S65E","CHLORIDE","mg/L",16.6
"10/09/2017","S65E","CHLORIDE","mg/L",18
"10/23/2017","S65E","CHLORIDE","mg/L",17
"11/06/2017","S65E","CHLORIDE","mg/L",16.7
"11/20/2017","S65E","CHLORIDE","mg/L",19.5
"12/04/2017","S65E","CHLORIDE","mg/L",21
"12/18/2017","S65E","CHLORIDE","mg/L",21.8
"01/16/2018","S65E","CHLORIDE","mg/L",19.4
"02/12/2018","S65E","CHLORIDE","mg/L",19.8
"03/12/2018","S65E","CHLORIDE","mg/L",20.1
"03/26/2018","S65E","CHLORIDE","mg/L",20.8
"04/09/2018","S65E","CHLORIDE","mg/L",22.5
"04/23/2018","S65E","CHLORIDE","mg/L",21.1
"05/07/2018","S65E","CHLORIDE","mg/L",22
"05/21/2018","S65E","CHLORIDE","mg/L",28.7
"06/04/2018","S65E","CHLORIDE","mg/L",32.1
"06/18/2018","S65E","CHLORIDE","mg/L",22.9
"07/02/2018","S65E","CHLORIDE","mg/L",23.6
"07/16/2018","S65E","CHLORIDE","mg/L",22.4
"07/30/2018","S65E","CHLORIDE","mg/L",21.4
"08/06/2018","S65E","CHLORIDE","mg/L",20.6
"08/20/2018","S65E","CHLORIDE","mg/L",19.2
"09/04/2018","S65E","CHLORIDE","mg/L",18.6
"09/17/2018","S65E","CHLORIDE","mg/L",17.9
"10/01/2018","S65E","CHLORIDE","mg/L",18.1
"10/04/2018","S65E","CHLORIDE","mg/L",79.6
"10/15/2018","S65E","CHLORIDE","mg/L",18.5
"10/29/2018","S65E","CHLORIDE","mg/L",20.5
"11/13/2018","S65E","CHLORIDE","mg/L",20.8
"11/26/2018","S65E","CHLORIDE","mg/L",21.0666666666667
"12/11/2018","S65E","CHLORIDE","mg/L",20.5
"12/26/2018","S65E","CHLORIDE","mg/L",20.4
"01/07/2019","S65E","CHLORIDE","mg/L",22.9
"01/22/2019","S65E","CHLORIDE","mg/L",22.7
"02/04/2019","S65E","CHLORIDE","mg/L",24.5
"02/18/2019","S65E","CHLORIDE","mg/L",23.7
"03/04/2019","S65E","CHLORIDE","mg/L",22.1333333333333
"03/06/2019","S65E","CHLORIDE","mg/L",22.5
"03/18/2019","S65E","CHLORIDE","mg/L",23.8
"04/08/2019","S65E","CHLORIDE","mg/L",25.2
"04/22/2019","S65E","CHLORIDE","mg/L",23.9
"05/06/2019","S65E","CHLORIDE","mg/L",23.8
"05/20/2019","S65E","CHLORIDE","mg/L",21.2
"06/03/2019","S65E","CHLORIDE","mg/L",63.6
"06/17/2019","S65E","CHLORIDE","mg/L",34.1
"06/20/2019","S65E","CHLORIDE","mg/L",25.5
"07/01/2019","S65E","CHLORIDE","mg/L",15.4
"07/15/2019","S65E","CHLORIDE","mg/L",20.3
"07/29/2019","S65E","CHLORIDE","mg/L",20.9
"08/12/2019","S65E","CHLORIDE","mg/L",16
"08/26/2019","S65E","CHLORIDE","mg/L",16.7
"09/09/2019","S65E","CHLORIDE","mg/L",20.6
"09/23/2019","S65E","CHLORIDE","mg/L",21.6
"10/08/2019","S65E","CHLORIDE","mg/L",23
"10/21/2019","S65E","CHLORIDE","mg/L",23.7
"11/04/2019","S65E","CHLORIDE","mg/L",25.2
"11/18/2019","S65E","CHLORIDE","mg/L",27.2
"12/02/2019","S65E","CHLORIDE","mg/L",25.1
"12/16/2019","S65E","CHLORIDE","mg/L",23.9
"12/30/2019","S65E","CHLORIDE","mg/L",31.6
"01/13/2020","S65E","CHLORIDE","mg/L",39.6
"01/27/2020","S65E","CHLORIDE","mg/L",24.1
"02/10/2020","S65E","CHLORIDE","mg/L",23.6
"02/24/2020","S65E","CHLORIDE","mg/L",23.5
"03/09/2020","S65E","CHLORIDE","mg/L",23.3
"03/23/2020","S65E","CHLORIDE","mg/L",23
"04/06/2020","S65E","CHLORIDE","mg/L",23
"04/20/2020","S65E","CHLORIDE","mg/L",25.3
"05/04/2020","S65E","CHLORIDE","mg/L",25
"05/18/2020","S65E","CHLORIDE","mg/L",25
"06/01/2020","S65E","CHLORIDE","mg/L",28.4
"06/15/2020","S65E","CHLORIDE","mg/L",25
"06/29/2020","S65E","CHLORIDE","mg/L",23.3
"07/13/2020","S65E","CHLORIDE","mg/L",25.2
"07/27/2020","S65E","CHLORIDE","mg/L",20.5
"08/10/2020","S65E","CHLORIDE","mg/L",25.3
"08/24/2020","S65E","CHLORIDE","mg/L",19.8
"09/08/2020","S65E","CHLORIDE","mg/L",19.8
"09/21/2020","S65E","CHLORIDE","mg/L",20.6
"10/05/2020","S65E","CHLORIDE","mg/L",18.4
"10/19/2020","S65E","CHLORIDE","mg/L",17.8
"11/02/2020","S65E","CHLORIDE","mg/L",21
"11/16/2020","S65E","CHLORIDE","mg/L",28.2
"11/30/2020","S65E","CHLORIDE","mg/L",22.7
"12/14/2020","S65E","CHLORIDE","mg/L",26.5
"12/28/2020","S65E","CHLORIDE","mg/L",23.6
"01/11/2021","S65E","CHLORIDE","mg/L",23.7
"01/25/2021","S65E","CHLORIDE","mg/L",22.1
"02/08/2021","S65E","CHLORIDE","mg/L",22.6
"02/22/2021","S65E","CHLORIDE","mg/L",25
"03/08/2021","S65E","CHLORIDE","mg/L",25.3
"03/22/2021","S65E","CHLORIDE","mg/L",22.9
"04/05/2021","S65E","CHLORIDE","mg/L",23
"04/19/2021","S65E","CHLORIDE","mg/L",23.1
"05/03/2021","S65E","CHLORIDE","mg/L",23.7
"05/17/2021","S65E","CHLORIDE","mg/L",24.8
"06/01/2021","S65E","CHLORIDE","mg/L",23.8
"06/14/2021","S65E","CHLORIDE","mg/L",25.1
"06/28/2021","S65E","CHLORIDE","mg/L",26.3
"07/12/2021","S65E","CHLORIDE","mg/L",31.1
"07/26/2021","S65E","CHLORIDE","mg/L",30.2
"08/09/2021","S65E","CHLORIDE","mg/L",28.6
"08/23/2021","S65E","CHLORIDE","mg/L",26.1
"09/07/2021","S65E","CHLORIDE","mg/L",25.5
"09/20/2021","S65E","CHLORIDE","mg/L",20.5
"10/04/2021","S65E","CHLORIDE","mg/L",20.8
"10/18/2021","S65E","CHLORIDE","mg/L",24.5
"11/01/2021","S65E","CHLORIDE","mg/L",25.2
"11/15/2021","S65E","CHLORIDE","mg/L",25.9
"11/29/2021","S65E","CHLORIDE","mg/L",27.9
"12/13/2021","S65E","CHLORIDE","mg/L",27.7
"12/27/2021","S65E","CHLORIDE","mg/L",28
"01/10/2022","S65E","CHLORIDE","mg/L",27.8
"01/24/2022","S65E","CHLORIDE","mg/L",28.9
"02/07/2022","S65E","CHLORIDE","mg/L",26.2
"02/21/2022","S65E","CHLORIDE","mg/L",29.1
"03/07/2022","S65E","CHLORIDE","mg/L",28.4
"03/21/2022","S65E","CHLORIDE","mg/L",27.1
"04/04/2022","S65E","CHLORIDE","mg/L",27
"04/18/2022","S65E","CHLORIDE","mg/L",27.6
"05/02/2022","S65E","CHLORIDE","mg/L",29.7
"05/16/2022","S65E","CHLORIDE","mg/L",28.9
"05/31/2022","S65E","CHLORIDE","mg/L",29.4
"06/13/2022","S65E","CHLORIDE","mg/L",30.8
"06/27/2022","S65E","CHLORIDE","mg/L",34
"07/11/2022","S65E","CHLORIDE","mg/L",32.2
"07/25/2022","S65E","CHLORIDE","mg/L",32.6
"08/08/2022","S65E","CHLORIDE","mg/L",30.6
"08/22/2022","S65E","CHLORIDE","mg/L",26.2
"09/06/2022","S65E","CHLORIDE","mg/L",14.8
"09/19/2022","S65E","CHLORIDE","mg/L",19.3
"10/03/2022","S65E","CHLORIDE","mg/L",22.1
"10/17/2022","S65E","CHLORIDE","mg/L",19.4
"10/31/2022","S65E","CHLORIDE","mg/L",18.1
"11/14/2022","S65E","CHLORIDE","mg/L",24.1
"11/28/2022","S65E","CHLORIDE","mg/L",20.8
"12/12/2022","S65E","CHLORIDE","mg/L",21.3
"12/27/2022","S65E","CHLORIDE","mg/L",21
"01/09/2023","S65E","CHLORIDE","mg/L",20.7
"01/23/2023","S65E","CHLORIDE","mg/L",20
"02/06/2023","S65E","CHLORIDE","mg/L",19.8
"02/20/2023","S65E","CHLORIDE","mg/L",20.6
"03/06/2023","S65E","CHLORIDE","mg/L",20.8
"03/20/2023","S65E","CHLORIDE","mg/L",21
"04/03/2023","S65E","CHLORIDE","mg/L",21.3
"04/17/2023","S65E","CHLORIDE","mg/L",23.4
"05/01/2023","S65E","CHLORIDE","mg/L",27
"01/09/1996","S65E","CHLOROPHYLL-A","ug/L",5.6
"01/23/1996","S65E","CHLOROPHYLL-A","ug/L",20.3
"02/06/1996","S65E","CHLOROPHYLL-A","ug/L",28
"02/20/1996","S65E","CHLOROPHYLL-A","ug/L",50.95
"03/05/1996","S65E","CHLOROPHYLL-A","ug/L",21.95
"03/19/1996","S65E","CHLOROPHYLL-A","ug/L",5.3
"04/02/1996","S65E","CHLOROPHYLL-A","ug/L",21.4
"04/16/1996","S65E","CHLOROPHYLL-A","ug/L",12.5
"04/30/1996","S65E","CHLOROPHYLL-A","ug/L",6.38
"05/14/1996","S65E","CHLOROPHYLL-A","ug/L",4.4
"05/28/1996","S65E","CHLOROPHYLL-A","ug/L",14.2
"06/11/1996","S65E","CHLOROPHYLL-A","ug/L",12.72445
"06/25/1996","S65E","CHLOROPHYLL-A","ug/L",7.6
"07/09/1996","S65E","CHLOROPHYLL-A","ug/L",8.2
"07/23/1996","S65E","CHLOROPHYLL-A","ug/L",13.05
"08/06/1996","S65E","CHLOROPHYLL-A","ug/L",0.2
"08/20/1996","S65E","CHLOROPHYLL-A","ug/L",-1
"09/03/1996","S65E","CHLOROPHYLL-A","ug/L",4.6
"09/17/1996","S65E","CHLOROPHYLL-A","ug/L",1.2
"10/01/1996","S65E","CHLOROPHYLL-A","ug/L",-1
"10/15/1996","S65E","CHLOROPHYLL-A","ug/L",0.45
"10/29/1996","S65E","CHLOROPHYLL-A","ug/L",1.1
"11/12/1996","S65E","CHLOROPHYLL-A","ug/L",1.36666666666667
"11/26/1996","S65E","CHLOROPHYLL-A","ug/L",0.466666666666667
"12/10/1996","S65E","CHLOROPHYLL-A","ug/L",0.35
"12/26/1996","S65E","CHLOROPHYLL-A","ug/L",0.533333333333333
"01/07/1997","S65E","CHLOROPHYLL-A","ug/L",8.7
"01/21/1997","S65E","CHLOROPHYLL-A","ug/L",1.2
"02/05/1997","S65E","CHLOROPHYLL-A","ug/L",12
"02/18/1997","S65E","CHLOROPHYLL-A","ug/L",6.63333333333333
"03/04/1997","S65E","CHLOROPHYLL-A","ug/L",6.6
"03/18/1997","S65E","CHLOROPHYLL-A","ug/L",3.1
"04/01/1997","S65E","CHLOROPHYLL-A","ug/L",5.55
"04/15/1997","S65E","CHLOROPHYLL-A","ug/L",6.5
"04/29/1997","S65E","CHLOROPHYLL-A","ug/L",8.9
"05/13/1997","S65E","CHLOROPHYLL-A","ug/L",16.7
"05/27/1997","S65E","CHLOROPHYLL-A","ug/L",14.1
"06/10/1997","S65E","CHLOROPHYLL-A","ug/L",25.1
"06/24/1997","S65E","CHLOROPHYLL-A","ug/L",8.15
"07/08/1997","S65E","CHLOROPHYLL-A","ug/L",12.5
"07/22/1997","S65E","CHLOROPHYLL-A","ug/L",26.1
"08/05/1997","S65E","CHLOROPHYLL-A","ug/L",25.9
"08/19/1997","S65E","CHLOROPHYLL-A","ug/L",12.4
"09/02/1997","S65E","CHLOROPHYLL-A","ug/L",10.4
"09/16/1997","S65E","CHLOROPHYLL-A","ug/L",3.4
"09/30/1997","S65E","CHLOROPHYLL-A","ug/L",5
"10/14/1997","S65E","CHLOROPHYLL-A","ug/L",-1
"10/28/1997","S65E","CHLOROPHYLL-A","ug/L",2.3
"11/12/1997","S65E","CHLOROPHYLL-A","ug/L",1.2
"11/25/1997","S65E","CHLOROPHYLL-A","ug/L",1.7
"12/09/1997","S65E","CHLOROPHYLL-A","ug/L",3.9
"12/23/1997","S65E","CHLOROPHYLL-A","ug/L",19.1
"01/20/1998","S65E","CHLOROPHYLL-A","ug/L",13.6
"02/03/1998","S65E","CHLOROPHYLL-A","ug/L",6.9
"02/17/1998","S65E","CHLOROPHYLL-A","ug/L",10.3
"03/03/1998","S65E","CHLOROPHYLL-A","ug/L",13.6
"03/17/1998","S65E","CHLOROPHYLL-A","ug/L",14.6
"03/31/1998","S65E","CHLOROPHYLL-A","ug/L",8.4
"04/14/1998","S65E","CHLOROPHYLL-A","ug/L",6
"04/28/1998","S65E","CHLOROPHYLL-A","ug/L",1.5
"05/12/1998","S65E","CHLOROPHYLL-A","ug/L",6.5
"05/26/1998","S65E","CHLOROPHYLL-A","ug/L",1.6
"06/09/1998","S65E","CHLOROPHYLL-A","ug/L",4.4
"06/23/1998","S65E","CHLOROPHYLL-A","ug/L",19.5
"07/07/1998","S65E","CHLOROPHYLL-A","ug/L",20.5
"07/21/1998","S65E","CHLOROPHYLL-A","ug/L",6.5
"08/04/1998","S65E","CHLOROPHYLL-A","ug/L",8.3
"08/18/1998","S65E","CHLOROPHYLL-A","ug/L",6.7
"09/01/1998","S65E","CHLOROPHYLL-A","ug/L",11.5
"09/29/1998","S65E","CHLOROPHYLL-A","ug/L",2
"10/13/1998","S65E","CHLOROPHYLL-A","ug/L",22.1
"10/27/1998","S65E","CHLOROPHYLL-A","ug/L",1.1
"11/09/1998","S65E","CHLOROPHYLL-A","ug/L",-1
"11/24/1998","S65E","CHLOROPHYLL-A","ug/L",4
"12/08/1998","S65E","CHLOROPHYLL-A","ug/L",-1
"12/22/1998","S65E","CHLOROPHYLL-A","ug/L",-1
"01/05/1999","S65E","CHLOROPHYLL-A","ug/L",-1
"01/19/1999","S65E","CHLOROPHYLL-A","ug/L",5.7
"02/02/1999","S65E","CHLOROPHYLL-A","ug/L",-1
"02/16/1999","S65E","CHLOROPHYLL-A","ug/L",-1
"03/02/1999","S65E","CHLOROPHYLL-A","ug/L",1.2
"03/16/1999","S65E","CHLOROPHYLL-A","ug/L",-0.333333333333333
"03/30/1999","S65E","CHLOROPHYLL-A","ug/L",2.8
"04/13/1999","S65E","CHLOROPHYLL-A","ug/L",15.7
"04/27/1999","S65E","CHLOROPHYLL-A","ug/L",20.2
"05/11/1999","S65E","CHLOROPHYLL-A","ug/L",20.9
"05/25/1999","S65E","CHLOROPHYLL-A","ug/L",3.6
"06/08/1999","S65E","CHLOROPHYLL-A","ug/L",8.2
"06/22/1999","S65E","CHLOROPHYLL-A","ug/L",21.9
"07/06/1999","S65E","CHLOROPHYLL-A","ug/L",4
"07/20/1999","S65E","CHLOROPHYLL-A","ug/L",3.5
"08/03/1999","S65E","CHLOROPHYLL-A","ug/L",7.95
"08/17/1999","S65E","CHLOROPHYLL-A","ug/L",17.2
"08/31/1999","S65E","CHLOROPHYLL-A","ug/L",7.6
"09/16/1999","S65E","CHLOROPHYLL-A","ug/L",3.86666666666667
"09/28/1999","S65E","CHLOROPHYLL-A","ug/L",1.65
"10/12/1999","S65E","CHLOROPHYLL-A","ug/L",4.9
"10/26/1999","S65E","CHLOROPHYLL-A","ug/L",18.5
"11/09/1999","S65E","CHLOROPHYLL-A","ug/L",4.5
"11/23/1999","S65E","CHLOROPHYLL-A","ug/L",18.2
"12/07/1999","S65E","CHLOROPHYLL-A","ug/L",0.55
"12/21/1999","S65E","CHLOROPHYLL-A","ug/L",0.95
"01/04/2000","S65E","CHLOROPHYLL-A","ug/L",5.73333333333333
"01/18/2000","S65E","CHLOROPHYLL-A","ug/L",4.35
"02/01/2000","S65E","CHLOROPHYLL-A","ug/L",15.6
"02/15/2000","S65E","CHLOROPHYLL-A","ug/L",18.3
"02/29/2000","S65E","CHLOROPHYLL-A","ug/L",5.2
"03/14/2000","S65E","CHLOROPHYLL-A","ug/L",4.2
"03/28/2000","S65E","CHLOROPHYLL-A","ug/L",8.8
"04/11/2000","S65E","CHLOROPHYLL-A","ug/L",9.3
"04/24/2000","S65E","CHLOROPHYLL-A","ug/L",1.2
"05/09/2000","S65E","CHLOROPHYLL-A","ug/L",2.1
"05/23/2000","S65E","CHLOROPHYLL-A","ug/L",69.3
"06/06/2000","S65E","CHLOROPHYLL-A","ug/L",21.5
"06/20/2000","S65E","CHLOROPHYLL-A","ug/L",23.1
"07/05/2000","S65E","CHLOROPHYLL-A","ug/L",13.8
"07/18/2000","S65E","CHLOROPHYLL-A","ug/L",15.6
"08/01/2000","S65E","CHLOROPHYLL-A","ug/L",11.9333333333333
"08/15/2000","S65E","CHLOROPHYLL-A","ug/L",18.7333333333333
"08/29/2000","S65E","CHLOROPHYLL-A","ug/L",50.4
"09/12/2000","S65E","CHLOROPHYLL-A","ug/L",18.5
"09/26/2000","S65E","CHLOROPHYLL-A","ug/L",39.7
"10/10/2000","S65E","CHLOROPHYLL-A","ug/L",-1
"10/24/2000","S65E","CHLOROPHYLL-A","ug/L",-1
"11/07/2000","S65E","CHLOROPHYLL-A","ug/L",-1
"11/21/2000","S65E","CHLOROPHYLL-A","ug/L",-1
"12/05/2000","S65E","CHLOROPHYLL-A","ug/L",2
"01/02/2001","S65E","CHLOROPHYLL-A","ug/L",-1
"01/16/2001","S65E","CHLOROPHYLL-A","ug/L",1.3
"02/13/2001","S65E","CHLOROPHYLL-A","ug/L",-1
"02/27/2001","S65E","CHLOROPHYLL-A","ug/L",5
"03/13/2001","S65E","CHLOROPHYLL-A","ug/L",1
"03/27/2001","S65E","CHLOROPHYLL-A","ug/L",4.4
"04/10/2001","S65E","CHLOROPHYLL-A","ug/L",2
"04/24/2001","S65E","CHLOROPHYLL-A","ug/L",1.2
"05/08/2001","S65E","CHLOROPHYLL-A","ug/L",3.5
"05/22/2001","S65E","CHLOROPHYLL-A","ug/L",33.5
"06/05/2001","S65E","CHLOROPHYLL-A","ug/L",2.2
"06/19/2001","S65E","CHLOROPHYLL-A","ug/L",2.9
"07/03/2001","S65E","CHLOROPHYLL-A","ug/L",1.8
"07/17/2001","S65E","CHLOROPHYLL-A","ug/L",9.4
"07/31/2001","S65E","CHLOROPHYLL-A","ug/L",1.8
"08/14/2001","S65E","CHLOROPHYLL-A","ug/L",20.2
"08/28/2001","S65E","CHLOROPHYLL-A","ug/L",26.3
"09/11/2001","S65E","CHLOROPHYLL-A","ug/L",7.6
"09/25/2001","S65E","CHLOROPHYLL-A","ug/L",13.1
"10/09/2001","S65E","CHLOROPHYLL-A","ug/L",12.1
"11/06/2001","S65E","CHLOROPHYLL-A","ug/L",7.8
"11/20/2001","S65E","CHLOROPHYLL-A","ug/L",10.1
"12/04/2001","S65E","CHLOROPHYLL-A","ug/L",2.8
"12/18/2001","S65E","CHLOROPHYLL-A","ug/L",7.6
"01/15/2002","S65E","CHLOROPHYLL-A","ug/L",4.55
"01/29/2002","S65E","CHLOROPHYLL-A","ug/L",4.45
"02/12/2002","S65E","CHLOROPHYLL-A","ug/L",3.75
"02/26/2002","S65E","CHLOROPHYLL-A","ug/L",8
"03/12/2002","S65E","CHLOROPHYLL-A","ug/L",7.1
"03/26/2002","S65E","CHLOROPHYLL-A","ug/L",4.8
"04/09/2002","S65E","CHLOROPHYLL-A","ug/L",2.3
"04/23/2002","S65E","CHLOROPHYLL-A","ug/L",10.9
"05/07/2002","S65E","CHLOROPHYLL-A","ug/L",9.7
"05/21/2002","S65E","CHLOROPHYLL-A","ug/L",12.3
"06/04/2002","S65E","CHLOROPHYLL-A","ug/L",15.4
"06/18/2002","S65E","CHLOROPHYLL-A","ug/L",3.73333333333333
"07/02/2002","S65E","CHLOROPHYLL-A","ug/L",2.9
"07/16/2002","S65E","CHLOROPHYLL-A","ug/L",4.25
"07/30/2002","S65E","CHLOROPHYLL-A","ug/L",5
"08/13/2002","S65E","CHLOROPHYLL-A","ug/L",9.4
"08/27/2002","S65E","CHLOROPHYLL-A","ug/L",5.85
"09/10/2002","S65E","CHLOROPHYLL-A","ug/L",3.15
"09/24/2002","S65E","CHLOROPHYLL-A","ug/L",4
"10/08/2002","S65E","CHLOROPHYLL-A","ug/L",7.3
"10/22/2002","S65E","CHLOROPHYLL-A","ug/L",11.1
"11/05/2002","S65E","CHLOROPHYLL-A","ug/L",5.1
"11/19/2002","S65E","CHLOROPHYLL-A","ug/L",4.5
"12/03/2002","S65E","CHLOROPHYLL-A","ug/L",11.9
"12/17/2002","S65E","CHLOROPHYLL-A","ug/L",2.5
"12/31/2002","S65E","CHLOROPHYLL-A","ug/L",8
"01/14/2003","S65E","CHLOROPHYLL-A","ug/L",9.5
"01/28/2003","S65E","CHLOROPHYLL-A","ug/L",3.3
"02/11/2003","S65E","CHLOROPHYLL-A","ug/L",3.4
"02/25/2003","S65E","CHLOROPHYLL-A","ug/L",2.9
"03/11/2003","S65E","CHLOROPHYLL-A","ug/L",9.8
"03/25/2003","S65E","CHLOROPHYLL-A","ug/L",4.1
"04/08/2003","S65E","CHLOROPHYLL-A","ug/L",6.8
"04/22/2003","S65E","CHLOROPHYLL-A","ug/L",6.3
"05/06/2003","S65E","CHLOROPHYLL-A","ug/L",2.35
"06/03/2003","S65E","CHLOROPHYLL-A","ug/L",2.75
"06/17/2003","S65E","CHLOROPHYLL-A","ug/L",6.3
"07/01/2003","S65E","CHLOROPHYLL-A","ug/L",14.6
"07/15/2003","S65E","CHLOROPHYLL-A","ug/L",18.8
"07/29/2003","S65E","CHLOROPHYLL-A","ug/L",20.7
"08/12/2003","S65E","CHLOROPHYLL-A","ug/L",6.6
"08/26/2003","S65E","CHLOROPHYLL-A","ug/L",6.3
"09/09/2003","S65E","CHLOROPHYLL-A","ug/L",2
"09/23/2003","S65E","CHLOROPHYLL-A","ug/L",5
"10/07/2003","S65E","CHLOROPHYLL-A","ug/L",0.5
"10/21/2003","S65E","CHLOROPHYLL-A","ug/L",3
"11/04/2003","S65E","CHLOROPHYLL-A","ug/L",3
"11/18/2003","S65E","CHLOROPHYLL-A","ug/L",6
"12/02/2003","S65E","CHLOROPHYLL-A","ug/L",5
"12/16/2003","S65E","CHLOROPHYLL-A","ug/L",5
"12/30/2003","S65E","CHLOROPHYLL-A","ug/L",3
"01/13/2004","S65E","CHLOROPHYLL-A","ug/L",4
"01/27/2004","S65E","CHLOROPHYLL-A","ug/L",6
"02/10/2004","S65E","CHLOROPHYLL-A","ug/L",1
"02/24/2004","S65E","CHLOROPHYLL-A","ug/L",12
"03/09/2004","S65E","CHLOROPHYLL-A","ug/L",32
"03/23/2004","S65E","CHLOROPHYLL-A","ug/L",14
"04/06/2004","S65E","CHLOROPHYLL-A","ug/L",11
"04/20/2004","S65E","CHLOROPHYLL-A","ug/L",3
"05/04/2004","S65E","CHLOROPHYLL-A","ug/L",3
"05/18/2004","S65E","CHLOROPHYLL-A","ug/L",5
"06/08/2004","S65E","CHLOROPHYLL-A","ug/L",4
"06/22/2004","S65E","CHLOROPHYLL-A","ug/L",20
"07/06/2004","S65E","CHLOROPHYLL-A","ug/L",4
"07/20/2004","S65E","CHLOROPHYLL-A","ug/L",4
"08/03/2004","S65E","CHLOROPHYLL-A","ug/L",6
"08/17/2004","S65E","CHLOROPHYLL-A","ug/L",18
"08/31/2004","S65E","CHLOROPHYLL-A","ug/L",14
"09/14/2004","S65E","CHLOROPHYLL-A","ug/L",17
"09/29/2004","S65E","CHLOROPHYLL-A","ug/L",12
"10/12/2004","S65E","CHLOROPHYLL-A","ug/L",5
"10/26/2004","S65E","CHLOROPHYLL-A","ug/L",0.666666666666667
"11/09/2004","S65E","CHLOROPHYLL-A","ug/L",3
"11/22/2004","S65E","CHLOROPHYLL-A","ug/L",5
"12/07/2004","S65E","CHLOROPHYLL-A","ug/L",4
"12/21/2004","S65E","CHLOROPHYLL-A","ug/L",0.5
"01/04/2005","S65E","CHLOROPHYLL-A","ug/L",4
"01/18/2005","S65E","CHLOROPHYLL-A","ug/L",5
"02/01/2005","S65E","CHLOROPHYLL-A","ug/L",4
"02/15/2005","S65E","CHLOROPHYLL-A","ug/L",6
"03/01/2005","S65E","CHLOROPHYLL-A","ug/L",1.5
"03/15/2005","S65E","CHLOROPHYLL-A","ug/L",8
"03/29/2005","S65E","CHLOROPHYLL-A","ug/L",4
"04/12/2005","S65E","CHLOROPHYLL-A","ug/L",4
"04/26/2005","S65E","CHLOROPHYLL-A","ug/L",7
"05/10/2005","S65E","CHLOROPHYLL-A","ug/L",10
"05/24/2005","S65E","CHLOROPHYLL-A","ug/L",8
"06/07/2005","S65E","CHLOROPHYLL-A","ug/L",0
"06/21/2005","S65E","CHLOROPHYLL-A","ug/L",6
"07/05/2005","S65E","CHLOROPHYLL-A","ug/L",1.5
"07/19/2005","S65E","CHLOROPHYLL-A","ug/L",1.5
"08/02/2005","S65E","CHLOROPHYLL-A","ug/L",1
"08/16/2005","S65E","CHLOROPHYLL-A","ug/L",5
"08/30/2005","S65E","CHLOROPHYLL-A","ug/L",6
"09/12/2005","S65E","CHLOROPHYLL-A","ug/L",2.5
"09/26/2005","S65E","CHLOROPHYLL-A","ug/L",16
"10/11/2005","S65E","CHLOROPHYLL-A","ug/L",9
"11/08/2005","S65E","CHLOROPHYLL-A","ug/L",3
"11/16/2005","S65E","CHLOROPHYLL-A","ug/L",4
"12/06/2005","S65E","CHLOROPHYLL-A","ug/L",6
"12/20/2005","S65E","CHLOROPHYLL-A","ug/L",4
"01/03/2006","S65E","CHLOROPHYLL-A","ug/L",7
"01/17/2006","S65E","CHLOROPHYLL-A","ug/L",5
"01/30/2006","S65E","CHLOROPHYLL-A","ug/L",5
"02/13/2006","S65E","CHLOROPHYLL-A","ug/L",1
"02/28/2006","S65E","CHLOROPHYLL-A","ug/L",7
"03/13/2006","S65E","CHLOROPHYLL-A","ug/L",2
"03/28/2006","S65E","CHLOROPHYLL-A","ug/L",4
"04/11/2006","S65E","CHLOROPHYLL-A","ug/L",1
"04/24/2006","S65E","CHLOROPHYLL-A","ug/L",9
"05/08/2006","S65E","CHLOROPHYLL-A","ug/L",14
"05/23/2006","S65E","CHLOROPHYLL-A","ug/L",4
"06/06/2006","S65E","CHLOROPHYLL-A","ug/L",4.2
"06/19/2006","S65E","CHLOROPHYLL-A","ug/L",1
"07/18/2006","S65E","CHLOROPHYLL-A","ug/L",5
"07/31/2006","S65E","CHLOROPHYLL-A","ug/L",2
"08/14/2006","S65E","CHLOROPHYLL-A","ug/L",7
"08/31/2006","S65E","CHLOROPHYLL-A","ug/L",9
"09/11/2006","S65E","CHLOROPHYLL-A","ug/L",4.33333333333333
"09/25/2006","S65E","CHLOROPHYLL-A","ug/L",2
"10/10/2006","S65E","CHLOROPHYLL-A","ug/L",7
"10/24/2006","S65E","CHLOROPHYLL-A","ug/L",2
"11/07/2006","S65E","CHLOROPHYLL-A","ug/L",-1
"11/21/2006","S65E","CHLOROPHYLL-A","ug/L",2
"12/05/2006","S65E","CHLOROPHYLL-A","ug/L",-1
"12/19/2006","S65E","CHLOROPHYLL-A","ug/L",0.5
"01/02/2007","S65E","CHLOROPHYLL-A","ug/L",0
"01/16/2007","S65E","CHLOROPHYLL-A","ug/L",-1
"01/30/2007","S65E","CHLOROPHYLL-A","ug/L",-1
"02/13/2007","S65E","CHLOROPHYLL-A","ug/L",1
"02/27/2007","S65E","CHLOROPHYLL-A","ug/L",2
"03/13/2007","S65E","CHLOROPHYLL-A","ug/L",-0.5
"03/27/2007","S65E","CHLOROPHYLL-A","ug/L",2
"04/10/2007","S65E","CHLOROPHYLL-A","ug/L",-1
"04/24/2007","S65E","CHLOROPHYLL-A","ug/L",2
"05/08/2007","S65E","CHLOROPHYLL-A","ug/L",1
"05/22/2007","S65E","CHLOROPHYLL-A","ug/L",2
"06/05/2007","S65E","CHLOROPHYLL-A","ug/L",5.2
"06/19/2007","S65E","CHLOROPHYLL-A","ug/L",4
"07/02/2007","S65E","CHLOROPHYLL-A","ug/L",14
"08/06/2007","S65E","CHLOROPHYLL-A","ug/L",4.5
"08/21/2007","S65E","CHLOROPHYLL-A","ug/L",4
"09/04/2007","S65E","CHLOROPHYLL-A","ug/L",0.5
"09/17/2007","S65E","CHLOROPHYLL-A","ug/L",3
"10/01/2007","S65E","CHLOROPHYLL-A","ug/L",3
"10/15/2007","S65E","CHLOROPHYLL-A","ug/L",1.5
"10/29/2007","S65E","CHLOROPHYLL-A","ug/L",2
"11/05/2007","S65E","CHLOROPHYLL-A","ug/L",4
"11/20/2007","S65E","CHLOROPHYLL-A","ug/L",2
"12/03/2007","S65E","CHLOROPHYLL-A","ug/L",3
"12/18/2007","S65E","CHLOROPHYLL-A","ug/L",4
"01/17/2008","S65E","CHLOROPHYLL-A","ug/L",5
"01/29/2008","S65E","CHLOROPHYLL-A","ug/L",4
"02/04/2008","S65E","CHLOROPHYLL-A","ug/L",8
"02/19/2008","S65E","CHLOROPHYLL-A","ug/L",10
"03/03/2008","S65E","CHLOROPHYLL-A","ug/L",10
"03/17/2008","S65E","CHLOROPHYLL-A","ug/L",7
"04/07/2008","S65E","CHLOROPHYLL-A","ug/L",22
"04/21/2008","S65E","CHLOROPHYLL-A","ug/L",18
"05/06/2008","S65E","CHLOROPHYLL-A","ug/L",15
"05/19/2008","S65E","CHLOROPHYLL-A","ug/L",8.5
"06/03/2008","S65E","CHLOROPHYLL-A","ug/L",11.2
"06/17/2008","S65E","CHLOROPHYLL-A","ug/L",12
"07/01/2008","S65E","CHLOROPHYLL-A","ug/L",6.5
"07/16/2008","S65E","CHLOROPHYLL-A","ug/L",7
"08/06/2008","S65E","CHLOROPHYLL-A","ug/L",12
"08/26/2008","S65E","CHLOROPHYLL-A","ug/L",7
"09/08/2008","S65E","CHLOROPHYLL-A","ug/L",7.2
"09/22/2008","S65E","CHLOROPHYLL-A","ug/L",18
"10/06/2008","S65E","CHLOROPHYLL-A","ug/L",5.5
"10/20/2008","S65E","CHLOROPHYLL-A","ug/L",2.5
"11/13/2008","S65E","CHLOROPHYLL-A","ug/L",2.5
"11/24/2008","S65E","CHLOROPHYLL-A","ug/L",10
"12/10/2008","S65E","CHLOROPHYLL-A","ug/L",3.5
"12/23/2008","S65E","CHLOROPHYLL-A","ug/L",5.5
"01/14/2009","S65E","CHLOROPHYLL-A","ug/L",4
"01/27/2009","S65E","CHLOROPHYLL-A","ug/L",6
"02/02/2009","S65E","CHLOROPHYLL-A","ug/L",6
"02/17/2009","S65E","CHLOROPHYLL-A","ug/L",20
"03/03/2009","S65E","CHLOROPHYLL-A","ug/L",8.6
"03/17/2009","S65E","CHLOROPHYLL-A","ug/L",9
"03/31/2009","S65E","CHLOROPHYLL-A","ug/L",4.5
"04/14/2009","S65E","CHLOROPHYLL-A","ug/L",5
"04/29/2009","S65E","CHLOROPHYLL-A","ug/L",18
"05/13/2009","S65E","CHLOROPHYLL-A","ug/L",8
"05/27/2009","S65E","CHLOROPHYLL-A","ug/L",35
"06/02/2009","S65E","CHLOROPHYLL-A","ug/L",12.5
"06/16/2009","S65E","CHLOROPHYLL-A","ug/L",6.66666666666667
"07/07/2009","S65E","CHLOROPHYLL-A","ug/L",5.5
"07/20/2009","S65E","CHLOROPHYLL-A","ug/L",10
"08/04/2009","S65E","CHLOROPHYLL-A","ug/L",4
"08/18/2009","S65E","CHLOROPHYLL-A","ug/L",4
"09/08/2009","S65E","CHLOROPHYLL-A","ug/L",5.5
"09/22/2009","S65E","CHLOROPHYLL-A","ug/L",3
"10/07/2009","S65E","CHLOROPHYLL-A","ug/L",2.5
"10/21/2009","S65E","CHLOROPHYLL-A","ug/L",1
"11/09/2009","S65E","CHLOROPHYLL-A","ug/L",1.5
"11/30/2009","S65E","CHLOROPHYLL-A","ug/L",0.5
"12/16/2009","S65E","CHLOROPHYLL-A","ug/L",1.5
"12/28/2009","S65E","CHLOROPHYLL-A","ug/L",2.5
"01/11/2010","S65E","CHLOROPHYLL-A","ug/L",3
"01/25/2010","S65E","CHLOROPHYLL-A","ug/L",8
"02/08/2010","S65E","CHLOROPHYLL-A","ug/L",5
"02/17/2010","S65E","CHLOROPHYLL-A","ug/L",7
"03/15/2010","S65E","CHLOROPHYLL-A","ug/L",4.4
"03/29/2010","S65E","CHLOROPHYLL-A","ug/L",4
"04/12/2010","S65E","CHLOROPHYLL-A","ug/L",1
"04/26/2010","S65E","CHLOROPHYLL-A","ug/L",4
"05/10/2010","S65E","CHLOROPHYLL-A","ug/L",1.5
"05/24/2010","S65E","CHLOROPHYLL-A","ug/L",15
"06/07/2010","S65E","CHLOROPHYLL-A","ug/L",11.25
"06/21/2010","S65E","CHLOROPHYLL-A","ug/L",7
"07/08/2010","S65E","CHLOROPHYLL-A","ug/L",7.5
"07/19/2010","S65E","CHLOROPHYLL-A","ug/L",5
"08/02/2010","S65E","CHLOROPHYLL-A","ug/L",6
"08/16/2010","S65E","CHLOROPHYLL-A","ug/L",5
"09/14/2010","S65E","CHLOROPHYLL-A","ug/L",6
"09/27/2010","S65E","CHLOROPHYLL-A","ug/L",2
"10/11/2010","S65E","CHLOROPHYLL-A","ug/L",5
"10/26/2010","S65E","CHLOROPHYLL-A","ug/L",3
"11/09/2010","S65E","CHLOROPHYLL-A","ug/L",6
"11/29/2010","S65E","CHLOROPHYLL-A","ug/L",6
"12/09/2010","S65E","CHLOROPHYLL-A","ug/L",16
"12/22/2010","S65E","CHLOROPHYLL-A","ug/L",25
"01/10/2011","S65E","CHLOROPHYLL-A","ug/L",13
"01/24/2011","S65E","CHLOROPHYLL-A","ug/L",13
"02/07/2011","S65E","CHLOROPHYLL-A","ug/L",23
"02/23/2011","S65E","CHLOROPHYLL-A","ug/L",23
"03/09/2011","S65E","CHLOROPHYLL-A","ug/L",13.6666666666667
"03/23/2011","S65E","CHLOROPHYLL-A","ug/L",11
"04/13/2011","S65E","CHLOROPHYLL-A","ug/L",32
"04/27/2011","S65E","CHLOROPHYLL-A","ug/L",24
"10/26/2010","S65E","CHLOROPHYLL-A(LC)","ug/L",1.2
"11/09/2010","S65E","CHLOROPHYLL-A(LC)","ug/L",3.8
"11/29/2010","S65E","CHLOROPHYLL-A(LC)","ug/L",2.5
"12/09/2010","S65E","CHLOROPHYLL-A(LC)","ug/L",7.3
"12/22/2010","S65E","CHLOROPHYLL-A(LC)","ug/L",13.5
"01/10/2011","S65E","CHLOROPHYLL-A(LC)","ug/L",4.7
"01/24/2011","S65E","CHLOROPHYLL-A(LC)","ug/L",5.6
"02/07/2011","S65E","CHLOROPHYLL-A(LC)","ug/L",16.4
"02/23/2011","S65E","CHLOROPHYLL-A(LC)","ug/L",17.2
"03/09/2011","S65E","CHLOROPHYLL-A(LC)","ug/L",6.53333333333333
"03/23/2011","S65E","CHLOROPHYLL-A(LC)","ug/L",7.3
"04/13/2011","S65E","CHLOROPHYLL-A(LC)","ug/L",31.2
"04/27/2011","S65E","CHLOROPHYLL-A(LC)","ug/L",17.2
"05/11/2011","S65E","CHLOROPHYLL-A(LC)","ug/L",15.3
"05/25/2011","S65E","CHLOROPHYLL-A(LC)","ug/L",12.1
"06/08/2011","S65E","CHLOROPHYLL-A(LC)","ug/L",12.2
"06/20/2011","S65E","CHLOROPHYLL-A(LC)","ug/L",14.5
"07/06/2011","S65E","CHLOROPHYLL-A(LC)","ug/L",18
"07/20/2011","S65E","CHLOROPHYLL-A(LC)","ug/L",8.84
"08/03/2011","S65E","CHLOROPHYLL-A(LC)","ug/L",112
"08/17/2011","S65E","CHLOROPHYLL-A(LC)","ug/L",3.41
"08/31/2011","S65E","CHLOROPHYLL-A(LC)","ug/L",1.2
"09/14/2011","S65E","CHLOROPHYLL-A(LC)","ug/L",10.3866666666667
"09/28/2011","S65E","CHLOROPHYLL-A(LC)","ug/L",7.62
"10/12/2011","S65E","CHLOROPHYLL-A(LC)","ug/L",6.32
"10/26/2011","S65E","CHLOROPHYLL-A(LC)","ug/L",3.96
"11/07/2011","S65E","CHLOROPHYLL-A(LC)","ug/L",0.734
"11/22/2011","S65E","CHLOROPHYLL-A(LC)","ug/L",2.15
"12/07/2011","S65E","CHLOROPHYLL-A(LC)","ug/L",4.92
"12/21/2011","S65E","CHLOROPHYLL-A(LC)","ug/L",3.25
"01/04/2012","S65E","CHLOROPHYLL-A(LC)","ug/L",2
"01/18/2012","S65E","CHLOROPHYLL-A(LC)","ug/L",2.05
"02/01/2012","S65E","CHLOROPHYLL-A(LC)","ug/L",3.95
"02/15/2012","S65E","CHLOROPHYLL-A(LC)","ug/L",5.95
"02/29/2012","S65E","CHLOROPHYLL-A(LC)","ug/L",3.61
"03/14/2012","S65E","CHLOROPHYLL-A(LC)","ug/L",8.15
"03/28/2012","S65E","CHLOROPHYLL-A(LC)","ug/L",2.66
"04/11/2012","S65E","CHLOROPHYLL-A(LC)","ug/L",3.51
"04/25/2012","S65E","CHLOROPHYLL-A(LC)","ug/L",9.15
"05/09/2012","S65E","CHLOROPHYLL-A(LC)","ug/L",7.44
"05/23/2012","S65E","CHLOROPHYLL-A(LC)","ug/L",18.8
"06/06/2012","S65E","CHLOROPHYLL-A(LC)","ug/L",19.8
"06/20/2012","S65E","CHLOROPHYLL-A(LC)","ug/L",14.6
"07/11/2012","S65E","CHLOROPHYLL-A(LC)","ug/L",4.44
"07/25/2012","S65E","CHLOROPHYLL-A(LC)","ug/L",0.916
"08/08/2012","S65E","CHLOROPHYLL-A(LC)","ug/L",1.24
"08/22/2012","S65E","CHLOROPHYLL-A(LC)","ug/L",5.08
"09/05/2012","S65E","CHLOROPHYLL-A(LC)","ug/L",9.28
"09/19/2012","S65E","CHLOROPHYLL-A(LC)","ug/L",5.43
"10/03/2012","S65E","CHLOROPHYLL-A(LC)","ug/L",2.4
"10/17/2012","S65E","CHLOROPHYLL-A(LC)","ug/L",2.32
"10/31/2012","S65E","CHLOROPHYLL-A(LC)","ug/L",1.95
"11/14/2012","S65E","CHLOROPHYLL-A(LC)","ug/L",3.16
"11/28/2012","S65E","CHLOROPHYLL-A(LC)","ug/L",2.06
"12/05/2012","S65E","CHLOROPHYLL-A(LC)","ug/L",2.36
"12/19/2012","S65E","CHLOROPHYLL-A(LC)","ug/L",5.75
"01/02/2013","S65E","CHLOROPHYLL-A(LC)","ug/L",2.65
"01/16/2013","S65E","CHLOROPHYLL-A(LC)","ug/L",2.3
"01/30/2013","S65E","CHLOROPHYLL-A(LC)","ug/L",0.795
"02/13/2013","S65E","CHLOROPHYLL-A(LC)","ug/L",13.1
"02/27/2013","S65E","CHLOROPHYLL-A(LC)","ug/L",25.9
"03/13/2013","S65E","CHLOROPHYLL-A(LC)","ug/L",5.85
"03/27/2013","S65E","CHLOROPHYLL-A(LC)","ug/L",16.3
"04/10/2013","S65E","CHLOROPHYLL-A(LC)","ug/L",5.37
"04/24/2013","S65E","CHLOROPHYLL-A(LC)","ug/L",21.2
"05/08/2013","S65E","CHLOROPHYLL-A(LC)","ug/L",9.47
"05/22/2013","S65E","CHLOROPHYLL-A(LC)","ug/L",13.6
"06/05/2013","S65E","CHLOROPHYLL-A(LC)","ug/L",17.9
"06/19/2013","S65E","CHLOROPHYLL-A(LC)","ug/L",9.18
"07/02/2013","S65E","CHLOROPHYLL-A(LC)","ug/L",10.5
"07/17/2013","S65E","CHLOROPHYLL-A(LC)","ug/L",3.34
"07/31/2013","S65E","CHLOROPHYLL-A(LC)","ug/L",2.76
"08/14/2013","S65E","CHLOROPHYLL-A(LC)","ug/L",4.45
"08/28/2013","S65E","CHLOROPHYLL-A(LC)","ug/L",6.72
"09/11/2013","S65E","CHLOROPHYLL-A(LC)","ug/L",5.31
"09/25/2013","S65E","CHLOROPHYLL-A(LC)","ug/L",2.83
"10/09/2013","S65E","CHLOROPHYLL-A(LC)","ug/L",3.65
"10/23/2013","S65E","CHLOROPHYLL-A(LC)","ug/L",2.01
"11/06/2013","S65E","CHLOROPHYLL-A(LC)","ug/L",0.86
"11/20/2013","S65E","CHLOROPHYLL-A(LC)","ug/L",8.06
"12/04/2013","S65E","CHLOROPHYLL-A(LC)","ug/L",2.36
"12/18/2013","S65E","CHLOROPHYLL-A(LC)","ug/L",5.52
"12/30/2013","S65E","CHLOROPHYLL-A(LC)","ug/L",6.45
"01/15/2014","S65E","CHLOROPHYLL-A(LC)","ug/L",9.44
"01/29/2014","S65E","CHLOROPHYLL-A(LC)","ug/L",5.97
"02/12/2014","S65E","CHLOROPHYLL-A(LC)","ug/L",15.6
"02/26/2014","S65E","CHLOROPHYLL-A(LC)","ug/L",13.6
"03/12/2014","S65E","CHLOROPHYLL-A(LC)","ug/L",6.6
"03/26/2014","S65E","CHLOROPHYLL-A(LC)","ug/L",10.3
"04/09/2014","S65E","CHLOROPHYLL-A(LC)","ug/L",22.2
"04/23/2014","S65E","CHLOROPHYLL-A(LC)","ug/L",18.7
"05/07/2014","S65E","CHLOROPHYLL-A(LC)","ug/L",9.69
"05/21/2014","S65E","CHLOROPHYLL-A(LC)","ug/L",14.5
"06/04/2014","S65E","CHLOROPHYLL-A(LC)","ug/L",30.6
"06/18/2014","S65E","CHLOROPHYLL-A(LC)","ug/L",16.6
"07/01/2014","S65E","CHLOROPHYLL-A(LC)","ug/L",4.81
"07/16/2014","S65E","CHLOROPHYLL-A(LC)","ug/L",9.8
"07/30/2014","S65E","CHLOROPHYLL-A(LC)","ug/L",5.59
"08/13/2014","S65E","CHLOROPHYLL-A(LC)","ug/L",6.92
"08/27/2014","S65E","CHLOROPHYLL-A(LC)","ug/L",3.35
"09/10/2014","S65E","CHLOROPHYLL-A(LC)","ug/L",1.21
"09/24/2014","S65E","CHLOROPHYLL-A(LC)","ug/L",2.12
"10/08/2014","S65E","CHLOROPHYLL-A(LC)","ug/L",2.91
"10/22/2014","S65E","CHLOROPHYLL-A(LC)","ug/L",1.97
"11/05/2014","S65E","CHLOROPHYLL-A(LC)","ug/L",1.59
"11/19/2014","S65E","CHLOROPHYLL-A(LC)","ug/L",1.79
"12/03/2014","S65E","CHLOROPHYLL-A(LC)","ug/L",7.88
"12/17/2014","S65E","CHLOROPHYLL-A(LC)","ug/L",6.87
"12/30/2014","S65E","CHLOROPHYLL-A(LC)","ug/L",6.9
"01/14/2015","S65E","CHLOROPHYLL-A(LC)","ug/L",2.49
"01/28/2015","S65E","CHLOROPHYLL-A(LC)","ug/L",3.43
"02/11/2015","S65E","CHLOROPHYLL-A(LC)","ug/L",2.99
"02/25/2015","S65E","CHLOROPHYLL-A(LC)","ug/L",1.74
"03/11/2015","S65E","CHLOROPHYLL-A(LC)","ug/L",1.47
"03/25/2015","S65E","CHLOROPHYLL-A(LC)","ug/L",2.39
"04/08/2015","S65E","CHLOROPHYLL-A(LC)","ug/L",3.4
"04/22/2015","S65E","CHLOROPHYLL-A(LC)","ug/L",11
"05/06/2015","S65E","CHLOROPHYLL-A(LC)","ug/L",10.2
"05/20/2015","S65E","CHLOROPHYLL-A(LC)","ug/L",5.6
"06/03/2015","S65E","CHLOROPHYLL-A(LC)","ug/L",2.71
"06/17/2015","S65E","CHLOROPHYLL-A(LC)","ug/L",9.19
"07/01/2015","S65E","CHLOROPHYLL-A(LC)","ug/L",9.44
"07/15/2015","S65E","CHLOROPHYLL-A(LC)","ug/L",32.2
"07/29/2015","S65E","CHLOROPHYLL-A(LC)","ug/L",11.5
"08/12/2015","S65E","CHLOROPHYLL-A(LC)","ug/L",20.8
"08/26/2015","S65E","CHLOROPHYLL-A(LC)","ug/L",13.6
"09/09/2015","S65E","CHLOROPHYLL-A(LC)","ug/L",3.32
"09/23/2015","S65E","CHLOROPHYLL-A(LC)","ug/L",2.65
"10/07/2015","S65E","CHLOROPHYLL-A(LC)","ug/L",3.48
"10/21/2015","S65E","CHLOROPHYLL-A(LC)","ug/L",4.54
"11/04/2015","S65E","CHLOROPHYLL-A(LC)","ug/L",6.6
"11/18/2015","S65E","CHLOROPHYLL-A(LC)","ug/L",1.66
"12/02/2015","S65E","CHLOROPHYLL-A(LC)","ug/L",3.16
"01/09/2017","S65E","CHLOROPHYLL-A(LC)","ug/L",6.81
"01/23/2017","S65E","CHLOROPHYLL-A(LC)","ug/L",10.3
"02/06/2017","S65E","CHLOROPHYLL-A(LC)","ug/L",14.4
"02/20/2017","S65E","CHLOROPHYLL-A(LC)","ug/L",7.7
"03/06/2017","S65E","CHLOROPHYLL-A(LC)","ug/L",6.55
"03/20/2017","S65E","CHLOROPHYLL-A(LC)","ug/L",18.3666666666667
"04/17/2017","S65E","CHLOROPHYLL-A(LC)","ug/L",4.88
"04/24/2017","S65E","CHLOROPHYLL-A(LC)","ug/L",7.28
"05/01/2017","S65E","CHLOROPHYLL-A(LC)","ug/L",6.54
"05/08/2017","S65E","CHLOROPHYLL-A(LC)","ug/L",42.5
"06/05/2017","S65E","CHLOROPHYLL-A(LC)","ug/L",21.7
"06/12/2017","S65E","CHLOROPHYLL-A(LC)","ug/L",24.6
"06/19/2017","S65E","CHLOROPHYLL-A(LC)","ug/L",9.91
"07/05/2017","S65E","CHLOROPHYLL-A(LC)","ug/L",10.1
"07/17/2017","S65E","CHLOROPHYLL-A(LC)","ug/L",1.35
"08/01/2017","S65E","CHLOROPHYLL-A(LC)","ug/L",51.2
"08/14/2017","S65E","CHLOROPHYLL-A(LC)","ug/L",61.4
"08/28/2017","S65E","CHLOROPHYLL-A(LC)","ug/L",28.9
"09/13/2017","S65E","CHLOROPHYLL-A(LC)","ug/L",2.82
"09/25/2017","S65E","CHLOROPHYLL-A(LC)","ug/L",8.61
"10/09/2017","S65E","CHLOROPHYLL-A(LC)","ug/L",3.75
"10/23/2017","S65E","CHLOROPHYLL-A(LC)","ug/L",4.24
"11/06/2017","S65E","CHLOROPHYLL-A(LC)","ug/L",13.9
"11/20/2017","S65E","CHLOROPHYLL-A(LC)","ug/L",8.06
"12/04/2017","S65E","CHLOROPHYLL-A(LC)","ug/L",5.28
"01/16/2018","S65E","CHLOROPHYLL-A(LC)","ug/L",3.01
"02/12/2018","S65E","CHLOROPHYLL-A(LC)","ug/L",6.42
"03/12/2018","S65E","CHLOROPHYLL-A(LC)","ug/L",14.5
"03/26/2018","S65E","CHLOROPHYLL-A(LC)","ug/L",13.9
"04/23/2018","S65E","CHLOROPHYLL-A(LC)","ug/L",21.1
"05/07/2018","S65E","CHLOROPHYLL-A(LC)","ug/L",15
"05/21/2018","S65E","CHLOROPHYLL-A(LC)","ug/L",16.3
"06/18/2018","S65E","CHLOROPHYLL-A(LC)","ug/L",8.76
"07/02/2018","S65E","CHLOROPHYLL-A(LC)","ug/L",17.8
"07/16/2018","S65E","CHLOROPHYLL-A(LC)","ug/L",14.8
"07/30/2018","S65E","CHLOROPHYLL-A(LC)","ug/L",27.8
"08/06/2018","S65E","CHLOROPHYLL-A(LC)","ug/L",26.7
"08/20/2018","S65E","CHLOROPHYLL-A(LC)","ug/L",16
"09/04/2018","S65E","CHLOROPHYLL-A(LC)","ug/L",7.81
"09/17/2018","S65E","CHLOROPHYLL-A(LC)","ug/L",5.29
"10/01/2018","S65E","CHLOROPHYLL-A(LC)","ug/L",8.77
"10/04/2018","S65E","CHLOROPHYLL-A(LC)","ug/L",17.5
"10/15/2018","S65E","CHLOROPHYLL-A(LC)","ug/L",13.3
"10/29/2018","S65E","CHLOROPHYLL-A(LC)","ug/L",7.78
"11/13/2018","S65E","CHLOROPHYLL-A(LC)","ug/L",1.89
"11/26/2018","S65E","CHLOROPHYLL-A(LC)","ug/L",6.79
"12/11/2018","S65E","CHLOROPHYLL-A(LC)","ug/L",4.13
"12/26/2018","S65E","CHLOROPHYLL-A(LC)","ug/L",6.91
"01/07/2019","S65E","CHLOROPHYLL-A(LC)","ug/L",9.62
"01/22/2019","S65E","CHLOROPHYLL-A(LC)","ug/L",10
"02/04/2019","S65E","CHLOROPHYLL-A(LC)","ug/L",30.9
"02/18/2019","S65E","CHLOROPHYLL-A(LC)","ug/L",15.9
"03/04/2019","S65E","CHLOROPHYLL-A(LC)","ug/L",15.2666666666667
"03/06/2019","S65E","CHLOROPHYLL-A(LC)","ug/L",14.1
"03/18/2019","S65E","CHLOROPHYLL-A(LC)","ug/L",19.5
"04/08/2019","S65E","CHLOROPHYLL-A(LC)","ug/L",16.2
"04/22/2019","S65E","CHLOROPHYLL-A(LC)","ug/L",24.7
"05/06/2019","S65E","CHLOROPHYLL-A(LC)","ug/L",23.6
"05/20/2019","S65E","CHLOROPHYLL-A(LC)","ug/L",29.6
"06/03/2019","S65E","CHLOROPHYLL-A(LC)","ug/L",23.1
"06/17/2019","S65E","CHLOROPHYLL-A(LC)","ug/L",22.2
"06/20/2019","S65E","CHLOROPHYLL-A(LC)","ug/L",24.3
"07/01/2019","S65E","CHLOROPHYLL-A(LC)","ug/L",16.3
"07/15/2019","S65E","CHLOROPHYLL-A(LC)","ug/L",3.5
"07/29/2019","S65E","CHLOROPHYLL-A(LC)","ug/L",34.6
"08/12/2019","S65E","CHLOROPHYLL-A(LC)","ug/L",11.8
"08/26/2019","S65E","CHLOROPHYLL-A(LC)","ug/L",4.2
"09/09/2019","S65E","CHLOROPHYLL-A(LC)","ug/L",4.65
"09/23/2019","S65E","CHLOROPHYLL-A(LC)","ug/L",14.3
"10/08/2019","S65E","CHLOROPHYLL-A(LC)","ug/L",5.74
"10/21/2019","S65E","CHLOROPHYLL-A(LC)","ug/L",2.6
"11/04/2019","S65E","CHLOROPHYLL-A(LC)","ug/L",6.17
"11/18/2019","S65E","CHLOROPHYLL-A(LC)","ug/L",3.95
"12/02/2019","S65E","CHLOROPHYLL-A(LC)","ug/L",7.71
"12/16/2019","S65E","CHLOROPHYLL-A(LC)","ug/L",10.3
"01/13/2020","S65E","CHLOROPHYLL-A(LC)","ug/L",12.6
"01/27/2020","S65E","CHLOROPHYLL-A(LC)","ug/L",17.9
"02/10/2020","S65E","CHLOROPHYLL-A(LC)","ug/L",21
"02/24/2020","S65E","CHLOROPHYLL-A(LC)","ug/L",18.2
"03/09/2020","S65E","CHLOROPHYLL-A(LC)","ug/L",25.1
"03/23/2020","S65E","CHLOROPHYLL-A(LC)","ug/L",19.3
"04/06/2020","S65E","CHLOROPHYLL-A(LC)","ug/L",24.4
"04/20/2020","S65E","CHLOROPHYLL-A(LC)","ug/L",24.6
"05/04/2020","S65E","CHLOROPHYLL-A(LC)","ug/L",25.6
"05/18/2020","S65E","CHLOROPHYLL-A(LC)","ug/L",30.7
"06/01/2020","S65E","CHLOROPHYLL-A(LC)","ug/L",61.1
"06/15/2020","S65E","CHLOROPHYLL-A(LC)","ug/L",34.7
"06/29/2020","S65E","CHLOROPHYLL-A(LC)","ug/L",37.6
"07/13/2020","S65E","CHLOROPHYLL-A(LC)","ug/L",20.1
"07/27/2020","S65E","CHLOROPHYLL-A(LC)","ug/L",15.1
"08/10/2020","S65E","CHLOROPHYLL-A(LC)","ug/L",6
"08/24/2020","S65E","CHLOROPHYLL-A(LC)","ug/L",7.2
"09/08/2020","S65E","CHLOROPHYLL-A(LC)","ug/L",3.84
"09/21/2020","S65E","CHLOROPHYLL-A(LC)","ug/L",3.06
"10/05/2020","S65E","CHLOROPHYLL-A(LC)","ug/L",5.79
"10/19/2020","S65E","CHLOROPHYLL-A(LC)","ug/L",1.68
"11/02/2020","S65E","CHLOROPHYLL-A(LC)","ug/L",7.25
"11/16/2020","S65E","CHLOROPHYLL-A(LC)","ug/L",2.6
"11/30/2020","S65E","CHLOROPHYLL-A(LC)","ug/L",13.3
"12/14/2020","S65E","CHLOROPHYLL-A(LC)","ug/L",18.6
"12/28/2020","S65E","CHLOROPHYLL-A(LC)","ug/L",11.4
"01/11/2021","S65E","CHLOROPHYLL-A(LC)","ug/L",20
"01/25/2021","S65E","CHLOROPHYLL-A(LC)","ug/L",18.8
"02/08/2021","S65E","CHLOROPHYLL-A(LC)","ug/L",19.8
"02/22/2021","S65E","CHLOROPHYLL-A(LC)","ug/L",19.3
"03/08/2021","S65E","CHLOROPHYLL-A(LC)","ug/L",22.9
"03/22/2021","S65E","CHLOROPHYLL-A(LC)","ug/L",25.6
"04/05/2021","S65E","CHLOROPHYLL-A(LC)","ug/L",23.9
"04/19/2021","S65E","CHLOROPHYLL-A(LC)","ug/L",21.4
"05/03/2021","S65E","CHLOROPHYLL-A(LC)","ug/L",19.7
"05/17/2021","S65E","CHLOROPHYLL-A(LC)","ug/L",24.6
"06/01/2021","S65E","CHLOROPHYLL-A(LC)","ug/L",19.5
"06/14/2021","S65E","CHLOROPHYLL-A(LC)","ug/L",19.8
"06/28/2021","S65E","CHLOROPHYLL-A(LC)","ug/L",14.8
"07/12/2021","S65E","CHLOROPHYLL-A(LC)","ug/L",11.2
"07/26/2021","S65E","CHLOROPHYLL-A(LC)","ug/L",15.3
"08/09/2021","S65E","CHLOROPHYLL-A(LC)","ug/L",26.5
"08/23/2021","S65E","CHLOROPHYLL-A(LC)","ug/L",18.4
"09/07/2021","S65E","CHLOROPHYLL-A(LC)","ug/L",29.9
"09/20/2021","S65E","CHLOROPHYLL-A(LC)","ug/L",3.93
"10/04/2021","S65E","CHLOROPHYLL-A(LC)","ug/L",8.39
"10/18/2021","S65E","CHLOROPHYLL-A(LC)","ug/L",6.83
"11/01/2021","S65E","CHLOROPHYLL-A(LC)","ug/L",17.8
"11/15/2021","S65E","CHLOROPHYLL-A(LC)","ug/L",21.7
"11/29/2021","S65E","CHLOROPHYLL-A(LC)","ug/L",16.6
"12/13/2021","S65E","CHLOROPHYLL-A(LC)","ug/L",24.6
"12/27/2021","S65E","CHLOROPHYLL-A(LC)","ug/L",7.42
"01/10/2022","S65E","CHLOROPHYLL-A(LC)","ug/L",7.44
"01/24/2022","S65E","CHLOROPHYLL-A(LC)","ug/L",12
"02/07/2022","S65E","CHLOROPHYLL-A(LC)","ug/L",30
"02/21/2022","S65E","CHLOROPHYLL-A(LC)","ug/L",20.8
"03/07/2022","S65E","CHLOROPHYLL-A(LC)","ug/L",15.7
"03/21/2022","S65E","CHLOROPHYLL-A(LC)","ug/L",18.3
"04/04/2022","S65E","CHLOROPHYLL-A(LC)","ug/L",32.5
"04/18/2022","S65E","CHLOROPHYLL-A(LC)","ug/L",21.1
"05/02/2022","S65E","CHLOROPHYLL-A(LC)","ug/L",12.2
"05/16/2022","S65E","CHLOROPHYLL-A(LC)","ug/L",17.8
"05/31/2022","S65E","CHLOROPHYLL-A(LC)","ug/L",29.7
"06/13/2022","S65E","CHLOROPHYLL-A(LC)","ug/L",12.6
"06/27/2022","S65E","CHLOROPHYLL-A(LC)","ug/L",19.2
"07/11/2022","S65E","CHLOROPHYLL-A(LC)","ug/L",19.9
"07/25/2022","S65E","CHLOROPHYLL-A(LC)","ug/L",16.4
"08/08/2022","S65E","CHLOROPHYLL-A(LC)","ug/L",1.71
"08/22/2022","S65E","CHLOROPHYLL-A(LC)","ug/L",1.8
"09/06/2022","S65E","CHLOROPHYLL-A(LC)","ug/L",6.8
"09/19/2022","S65E","CHLOROPHYLL-A(LC)","ug/L",3.66
"10/03/2022","S65E","CHLOROPHYLL-A(LC)","ug/L",8.46
"10/17/2022","S65E","CHLOROPHYLL-A(LC)","ug/L",4.99
"10/31/2022","S65E","CHLOROPHYLL-A(LC)","ug/L",4.69
"11/14/2022","S65E","CHLOROPHYLL-A(LC)","ug/L",3.22
"11/28/2022","S65E","CHLOROPHYLL-A(LC)","ug/L",7.49
"12/12/2022","S65E","CHLOROPHYLL-A(LC)","ug/L",7.38
"12/27/2022","S65E","CHLOROPHYLL-A(LC)","ug/L",2
"01/09/2023","S65E","CHLOROPHYLL-A(LC)","ug/L",6.61
"01/23/2023","S65E","CHLOROPHYLL-A(LC)","ug/L",4.8
"02/06/2023","S65E","CHLOROPHYLL-A(LC)","ug/L",5.15
"02/20/2023","S65E","CHLOROPHYLL-A(LC)","ug/L",0.296
"03/06/2023","S65E","CHLOROPHYLL-A(LC)","ug/L",10
"03/20/2023","S65E","CHLOROPHYLL-A(LC)","ug/L",4.52
"04/03/2023","S65E","CHLOROPHYLL-A(LC)","ug/L",10.2
"04/17/2023","S65E","CHLOROPHYLL-A(LC)","ug/L",9.8
"05/01/2023","S65E","CHLOROPHYLL-A(LC)","ug/L",37.7
"01/09/1996","S65E","CHLOROPHYLL-A, CORRECTED","ug/L",5.2
"01/23/1996","S65E","CHLOROPHYLL-A, CORRECTED","ug/L",16.7
"02/06/1996","S65E","CHLOROPHYLL-A, CORRECTED","ug/L",17.5
"02/20/1996","S65E","CHLOROPHYLL-A, CORRECTED","ug/L",47.95
"03/05/1996","S65E","CHLOROPHYLL-A, CORRECTED","ug/L",12.3
"03/19/1996","S65E","CHLOROPHYLL-A, CORRECTED","ug/L",3.55
"04/02/1996","S65E","CHLOROPHYLL-A, CORRECTED","ug/L",17.5
"04/16/1996","S65E","CHLOROPHYLL-A, CORRECTED","ug/L",8.15
"04/30/1996","S65E","CHLOROPHYLL-A, CORRECTED","ug/L",4.78
"05/14/1996","S65E","CHLOROPHYLL-A, CORRECTED","ug/L",2.65
"05/28/1996","S65E","CHLOROPHYLL-A, CORRECTED","ug/L",11.35
"06/11/1996","S65E","CHLOROPHYLL-A, CORRECTED","ug/L",8.197665
"06/25/1996","S65E","CHLOROPHYLL-A, CORRECTED","ug/L",7.2
"07/09/1996","S65E","CHLOROPHYLL-A, CORRECTED","ug/L",8
"07/23/1996","S65E","CHLOROPHYLL-A, CORRECTED","ug/L",10.95
"08/06/1996","S65E","CHLOROPHYLL-A, CORRECTED","ug/L",-1
"08/20/1996","S65E","CHLOROPHYLL-A, CORRECTED","ug/L",-1
"09/03/1996","S65E","CHLOROPHYLL-A, CORRECTED","ug/L",2.7
"09/17/1996","S65E","CHLOROPHYLL-A, CORRECTED","ug/L",0
"10/01/1996","S65E","CHLOROPHYLL-A, CORRECTED","ug/L",-1
"10/15/1996","S65E","CHLOROPHYLL-A, CORRECTED","ug/L",0.35
"10/29/1996","S65E","CHLOROPHYLL-A, CORRECTED","ug/L",0.7
"11/12/1996","S65E","CHLOROPHYLL-A, CORRECTED","ug/L",0.966666666666667
"11/26/1996","S65E","CHLOROPHYLL-A, CORRECTED","ug/L",0.7
"12/10/1996","S65E","CHLOROPHYLL-A, CORRECTED","ug/L",0.35
"12/26/1996","S65E","CHLOROPHYLL-A, CORRECTED","ug/L",0.666666666666667
"01/07/1997","S65E","CHLOROPHYLL-A, CORRECTED","ug/L",4.95
"01/21/1997","S65E","CHLOROPHYLL-A, CORRECTED","ug/L",0.533333333333333
"02/05/1997","S65E","CHLOROPHYLL-A, CORRECTED","ug/L",8.5
"02/18/1997","S65E","CHLOROPHYLL-A, CORRECTED","ug/L",4.3
"03/04/1997","S65E","CHLOROPHYLL-A, CORRECTED","ug/L",3.45
"03/18/1997","S65E","CHLOROPHYLL-A, CORRECTED","ug/L",2.4
"04/01/1997","S65E","CHLOROPHYLL-A, CORRECTED","ug/L",4.3
"04/15/1997","S65E","CHLOROPHYLL-A, CORRECTED","ug/L",4.7
"04/29/1997","S65E","CHLOROPHYLL-A, CORRECTED","ug/L",7.8
"05/13/1997","S65E","CHLOROPHYLL-A, CORRECTED","ug/L",13
"05/27/1997","S65E","CHLOROPHYLL-A, CORRECTED","ug/L",11.85
"06/10/1997","S65E","CHLOROPHYLL-A, CORRECTED","ug/L",18
"06/24/1997","S65E","CHLOROPHYLL-A, CORRECTED","ug/L",6
"07/08/1997","S65E","CHLOROPHYLL-A, CORRECTED","ug/L",11.2
"07/22/1997","S65E","CHLOROPHYLL-A, CORRECTED","ug/L",22.6
"08/05/1997","S65E","CHLOROPHYLL-A, CORRECTED","ug/L",23.1
"08/19/1997","S65E","CHLOROPHYLL-A, CORRECTED","ug/L",10.9
"09/02/1997","S65E","CHLOROPHYLL-A, CORRECTED","ug/L",6.7
"09/16/1997","S65E","CHLOROPHYLL-A, CORRECTED","ug/L",1.9
"09/30/1997","S65E","CHLOROPHYLL-A, CORRECTED","ug/L",4
"10/14/1997","S65E","CHLOROPHYLL-A, CORRECTED","ug/L",-1
"10/28/1997","S65E","CHLOROPHYLL-A, CORRECTED","ug/L",1.6
"11/12/1997","S65E","CHLOROPHYLL-A, CORRECTED","ug/L",-1
"11/25/1997","S65E","CHLOROPHYLL-A, CORRECTED","ug/L",1.6
"12/09/1997","S65E","CHLOROPHYLL-A, CORRECTED","ug/L",2.9
"12/23/1997","S65E","CHLOROPHYLL-A, CORRECTED","ug/L",14.5
"01/20/1998","S65E","CHLOROPHYLL-A, CORRECTED","ug/L",9.8
"02/03/1998","S65E","CHLOROPHYLL-A, CORRECTED","ug/L",5.6
"02/17/1998","S65E","CHLOROPHYLL-A, CORRECTED","ug/L",7.6
"03/03/1998","S65E","CHLOROPHYLL-A, CORRECTED","ug/L",10.5
"03/17/1998","S65E","CHLOROPHYLL-A, CORRECTED","ug/L",12
"03/31/1998","S65E","CHLOROPHYLL-A, CORRECTED","ug/L",6.7
"04/14/1998","S65E","CHLOROPHYLL-A, CORRECTED","ug/L",4.9
"04/28/1998","S65E","CHLOROPHYLL-A, CORRECTED","ug/L",-1
"05/12/1998","S65E","CHLOROPHYLL-A, CORRECTED","ug/L",5.3
"05/26/1998","S65E","CHLOROPHYLL-A, CORRECTED","ug/L",2.3
"06/09/1998","S65E","CHLOROPHYLL-A, CORRECTED","ug/L",2.7
"06/23/1998","S65E","CHLOROPHYLL-A, CORRECTED","ug/L",18.9
"07/07/1998","S65E","CHLOROPHYLL-A, CORRECTED","ug/L",19.3
"07/21/1998","S65E","CHLOROPHYLL-A, CORRECTED","ug/L",4.4
"08/04/1998","S65E","CHLOROPHYLL-A, CORRECTED","ug/L",5.8
"08/18/1998","S65E","CHLOROPHYLL-A, CORRECTED","ug/L",4.8
"09/01/1998","S65E","CHLOROPHYLL-A, CORRECTED","ug/L",9.6
"09/29/1998","S65E","CHLOROPHYLL-A, CORRECTED","ug/L",2.4
"10/13/1998","S65E","CHLOROPHYLL-A, CORRECTED","ug/L",20.3
"10/27/1998","S65E","CHLOROPHYLL-A, CORRECTED","ug/L",1.5
"11/09/1998","S65E","CHLOROPHYLL-A, CORRECTED","ug/L",-1
"11/24/1998","S65E","CHLOROPHYLL-A, CORRECTED","ug/L",3.7
"12/08/1998","S65E","CHLOROPHYLL-A, CORRECTED","ug/L",1.3
"12/22/1998","S65E","CHLOROPHYLL-A, CORRECTED","ug/L",-1
"01/05/1999","S65E","CHLOROPHYLL-A, CORRECTED","ug/L",-1
"01/19/1999","S65E","CHLOROPHYLL-A, CORRECTED","ug/L",4.3
"02/02/1999","S65E","CHLOROPHYLL-A, CORRECTED","ug/L",1.8
"02/16/1999","S65E","CHLOROPHYLL-A, CORRECTED","ug/L",-1
"03/02/1999","S65E","CHLOROPHYLL-A, CORRECTED","ug/L",1.55
"03/16/1999","S65E","CHLOROPHYLL-A, CORRECTED","ug/L",-0.0333333333333334
"03/30/1999","S65E","CHLOROPHYLL-A, CORRECTED","ug/L",2.7
"04/13/1999","S65E","CHLOROPHYLL-A, CORRECTED","ug/L",13.1
"04/27/1999","S65E","CHLOROPHYLL-A, CORRECTED","ug/L",14.5
"05/11/1999","S65E","CHLOROPHYLL-A, CORRECTED","ug/L",14.9
"05/25/1999","S65E","CHLOROPHYLL-A, CORRECTED","ug/L",3.2
"06/08/1999","S65E","CHLOROPHYLL-A, CORRECTED","ug/L",6.3
"06/22/1999","S65E","CHLOROPHYLL-A, CORRECTED","ug/L",21.3
"07/06/1999","S65E","CHLOROPHYLL-A, CORRECTED","ug/L",3.8
"07/20/1999","S65E","CHLOROPHYLL-A, CORRECTED","ug/L",3.45
"08/03/1999","S65E","CHLOROPHYLL-A, CORRECTED","ug/L",6.35
"08/17/1999","S65E","CHLOROPHYLL-A, CORRECTED","ug/L",16
"08/31/1999","S65E","CHLOROPHYLL-A, CORRECTED","ug/L",7.6
"09/16/1999","S65E","CHLOROPHYLL-A, CORRECTED","ug/L",3.23333333333333
"09/28/1999","S65E","CHLOROPHYLL-A, CORRECTED","ug/L",0.7
"10/12/1999","S65E","CHLOROPHYLL-A, CORRECTED","ug/L",3.1
"10/26/1999","S65E","CHLOROPHYLL-A, CORRECTED","ug/L",12.8
"11/09/1999","S65E","CHLOROPHYLL-A, CORRECTED","ug/L",4.3
"11/23/1999","S65E","CHLOROPHYLL-A, CORRECTED","ug/L",17.1
"12/07/1999","S65E","CHLOROPHYLL-A, CORRECTED","ug/L",0.55
"12/21/1999","S65E","CHLOROPHYLL-A, CORRECTED","ug/L",0.4
"01/04/2000","S65E","CHLOROPHYLL-A, CORRECTED","ug/L",4.96666666666667
"01/18/2000","S65E","CHLOROPHYLL-A, CORRECTED","ug/L",3.65
"02/01/2000","S65E","CHLOROPHYLL-A, CORRECTED","ug/L",12
"02/15/2000","S65E","CHLOROPHYLL-A, CORRECTED","ug/L",16.1
"02/29/2000","S65E","CHLOROPHYLL-A, CORRECTED","ug/L",4.9
"03/14/2000","S65E","CHLOROPHYLL-A, CORRECTED","ug/L",4.8
"03/28/2000","S65E","CHLOROPHYLL-A, CORRECTED","ug/L",8.5
"04/11/2000","S65E","CHLOROPHYLL-A, CORRECTED","ug/L",8
"04/24/2000","S65E","CHLOROPHYLL-A, CORRECTED","ug/L",0.95
"05/09/2000","S65E","CHLOROPHYLL-A, CORRECTED","ug/L",1.2
"05/23/2000","S65E","CHLOROPHYLL-A, CORRECTED","ug/L",60.7
"06/06/2000","S65E","CHLOROPHYLL-A, CORRECTED","ug/L",19.2
"06/20/2000","S65E","CHLOROPHYLL-A, CORRECTED","ug/L",18.9
"07/05/2000","S65E","CHLOROPHYLL-A, CORRECTED","ug/L",12.6
"07/18/2000","S65E","CHLOROPHYLL-A, CORRECTED","ug/L",10.4
"08/01/2000","S65E","CHLOROPHYLL-A, CORRECTED","ug/L",10.0666666666667
"08/15/2000","S65E","CHLOROPHYLL-A, CORRECTED","ug/L",14.8333333333333
"08/29/2000","S65E","CHLOROPHYLL-A, CORRECTED","ug/L",46.5
"09/12/2000","S65E","CHLOROPHYLL-A, CORRECTED","ug/L",15.5
"09/26/2000","S65E","CHLOROPHYLL-A, CORRECTED","ug/L",37.3
"10/10/2000","S65E","CHLOROPHYLL-A, CORRECTED","ug/L",-1
"10/24/2000","S65E","CHLOROPHYLL-A, CORRECTED","ug/L",-1
"11/07/2000","S65E","CHLOROPHYLL-A, CORRECTED","ug/L",-1
"11/21/2000","S65E","CHLOROPHYLL-A, CORRECTED","ug/L",-1
"12/05/2000","S65E","CHLOROPHYLL-A, CORRECTED","ug/L",1.1
"01/02/2001","S65E","CHLOROPHYLL-A, CORRECTED","ug/L",-1
"01/16/2001","S65E","CHLOROPHYLL-A, CORRECTED","ug/L",1
"02/13/2001","S65E","CHLOROPHYLL-A, CORRECTED","ug/L",-1
"02/27/2001","S65E","CHLOROPHYLL-A, CORRECTED","ug/L",4.4
"03/13/2001","S65E","CHLOROPHYLL-A, CORRECTED","ug/L",1.3
"03/27/2001","S65E","CHLOROPHYLL-A, CORRECTED","ug/L",4.7
"04/10/2001","S65E","CHLOROPHYLL-A, CORRECTED","ug/L",1.9
"04/24/2001","S65E","CHLOROPHYLL-A, CORRECTED","ug/L",1
"05/08/2001","S65E","CHLOROPHYLL-A, CORRECTED","ug/L",2.5
"05/22/2001","S65E","CHLOROPHYLL-A, CORRECTED","ug/L",27.5
"06/05/2001","S65E","CHLOROPHYLL-A, CORRECTED","ug/L",1.8
"06/19/2001","S65E","CHLOROPHYLL-A, CORRECTED","ug/L",2.4
"07/03/2001","S65E","CHLOROPHYLL-A, CORRECTED","ug/L",1.6
"07/17/2001","S65E","CHLOROPHYLL-A, CORRECTED","ug/L",8.8
"07/31/2001","S65E","CHLOROPHYLL-A, CORRECTED","ug/L",2.5
"08/14/2001","S65E","CHLOROPHYLL-A, CORRECTED","ug/L",18.5
"08/28/2001","S65E","CHLOROPHYLL-A, CORRECTED","ug/L",21.4
"09/11/2001","S65E","CHLOROPHYLL-A, CORRECTED","ug/L",5.73333333333333
"09/25/2001","S65E","CHLOROPHYLL-A, CORRECTED","ug/L",11.2
"10/09/2001","S65E","CHLOROPHYLL-A, CORRECTED","ug/L",8.7
"11/06/2001","S65E","CHLOROPHYLL-A, CORRECTED","ug/L",6.2
"11/20/2001","S65E","CHLOROPHYLL-A, CORRECTED","ug/L",7
"12/04/2001","S65E","CHLOROPHYLL-A, CORRECTED","ug/L",1.9
"12/18/2001","S65E","CHLOROPHYLL-A, CORRECTED","ug/L",5.9
"01/15/2002","S65E","CHLOROPHYLL-A, CORRECTED","ug/L",3.5
"01/29/2002","S65E","CHLOROPHYLL-A, CORRECTED","ug/L",3.25
"02/12/2002","S65E","CHLOROPHYLL-A, CORRECTED","ug/L",2.5
"02/26/2002","S65E","CHLOROPHYLL-A, CORRECTED","ug/L",7.4
"03/12/2002","S65E","CHLOROPHYLL-A, CORRECTED","ug/L",5.1
"03/26/2002","S65E","CHLOROPHYLL-A, CORRECTED","ug/L",3.5
"04/09/2002","S65E","CHLOROPHYLL-A, CORRECTED","ug/L",1.45
"04/23/2002","S65E","CHLOROPHYLL-A, CORRECTED","ug/L",8.3
"05/07/2002","S65E","CHLOROPHYLL-A, CORRECTED","ug/L",7.3
"05/21/2002","S65E","CHLOROPHYLL-A, CORRECTED","ug/L",9.9
"06/04/2002","S65E","CHLOROPHYLL-A, CORRECTED","ug/L",13.1
"06/18/2002","S65E","CHLOROPHYLL-A, CORRECTED","ug/L",2.63333333333333
"07/02/2002","S65E","CHLOROPHYLL-A, CORRECTED","ug/L",3.3
"07/16/2002","S65E","CHLOROPHYLL-A, CORRECTED","ug/L",4.05
"07/30/2002","S65E","CHLOROPHYLL-A, CORRECTED","ug/L",4.1
"08/13/2002","S65E","CHLOROPHYLL-A, CORRECTED","ug/L",9.5
"08/27/2002","S65E","CHLOROPHYLL-A, CORRECTED","ug/L",4.6
"09/10/2002","S65E","CHLOROPHYLL-A, CORRECTED","ug/L",2.6
"09/24/2002","S65E","CHLOROPHYLL-A, CORRECTED","ug/L",3.3
"10/08/2002","S65E","CHLOROPHYLL-A, CORRECTED","ug/L",5.9
"10/22/2002","S65E","CHLOROPHYLL-A, CORRECTED","ug/L",9.4
"11/05/2002","S65E","CHLOROPHYLL-A, CORRECTED","ug/L",3.1
"11/19/2002","S65E","CHLOROPHYLL-A, CORRECTED","ug/L",4.3
"12/03/2002","S65E","CHLOROPHYLL-A, CORRECTED","ug/L",9.1
"12/17/2002","S65E","CHLOROPHYLL-A, CORRECTED","ug/L",0.575
"12/31/2002","S65E","CHLOROPHYLL-A, CORRECTED","ug/L",4.6
"01/14/2003","S65E","CHLOROPHYLL-A, CORRECTED","ug/L",6.6
"01/28/2003","S65E","CHLOROPHYLL-A, CORRECTED","ug/L",2.7
"02/11/2003","S65E","CHLOROPHYLL-A, CORRECTED","ug/L",2.7
"02/25/2003","S65E","CHLOROPHYLL-A, CORRECTED","ug/L",2.3
"03/11/2003","S65E","CHLOROPHYLL-A, CORRECTED","ug/L",9.7
"03/25/2003","S65E","CHLOROPHYLL-A, CORRECTED","ug/L",2.3
"04/08/2003","S65E","CHLOROPHYLL-A, CORRECTED","ug/L",4.9
"04/22/2003","S65E","CHLOROPHYLL-A, CORRECTED","ug/L",4.7
"05/06/2003","S65E","CHLOROPHYLL-A, CORRECTED","ug/L",1.75
"06/03/2003","S65E","CHLOROPHYLL-A, CORRECTED","ug/L",2.1
"06/17/2003","S65E","CHLOROPHYLL-A, CORRECTED","ug/L",5.9
"07/01/2003","S65E","CHLOROPHYLL-A, CORRECTED","ug/L",12.6
"07/15/2003","S65E","CHLOROPHYLL-A, CORRECTED","ug/L",14.6
"07/29/2003","S65E","CHLOROPHYLL-A, CORRECTED","ug/L",17.6
"08/12/2003","S65E","CHLOROPHYLL-A, CORRECTED","ug/L",5.8
"08/26/2003","S65E","CHLOROPHYLL-A, CORRECTED","ug/L",5.2
"09/09/2003","S65E","CHLOROPHYLL-A, CORRECTED","ug/L",1.5
"09/23/2003","S65E","CHLOROPHYLL-A, CORRECTED","ug/L",4
"10/07/2003","S65E","CHLOROPHYLL-A, CORRECTED","ug/L",0.5
"10/21/2003","S65E","CHLOROPHYLL-A, CORRECTED","ug/L",3
"11/04/2003","S65E","CHLOROPHYLL-A, CORRECTED","ug/L",2
"11/18/2003","S65E","CHLOROPHYLL-A, CORRECTED","ug/L",5
"12/02/2003","S65E","CHLOROPHYLL-A, CORRECTED","ug/L",3
"12/16/2003","S65E","CHLOROPHYLL-A, CORRECTED","ug/L",4
"12/30/2003","S65E","CHLOROPHYLL-A, CORRECTED","ug/L",1.5
"01/13/2004","S65E","CHLOROPHYLL-A, CORRECTED","ug/L",3
"01/27/2004","S65E","CHLOROPHYLL-A, CORRECTED","ug/L",5
"02/10/2004","S65E","CHLOROPHYLL-A, CORRECTED","ug/L",0.5
"02/24/2004","S65E","CHLOROPHYLL-A, CORRECTED","ug/L",11
"03/09/2004","S65E","CHLOROPHYLL-A, CORRECTED","ug/L",29
"03/23/2004","S65E","CHLOROPHYLL-A, CORRECTED","ug/L",11
"04/06/2004","S65E","CHLOROPHYLL-A, CORRECTED","ug/L",7
"04/20/2004","S65E","CHLOROPHYLL-A, CORRECTED","ug/L",3
"05/04/2004","S65E","CHLOROPHYLL-A, CORRECTED","ug/L",3
"05/18/2004","S65E","CHLOROPHYLL-A, CORRECTED","ug/L",3
"06/08/2004","S65E","CHLOROPHYLL-A, CORRECTED","ug/L",2
"06/22/2004","S65E","CHLOROPHYLL-A, CORRECTED","ug/L",19
"07/06/2004","S65E","CHLOROPHYLL-A, CORRECTED","ug/L",3
"07/20/2004","S65E","CHLOROPHYLL-A, CORRECTED","ug/L",2.5
"08/03/2004","S65E","CHLOROPHYLL-A, CORRECTED","ug/L",4
"08/17/2004","S65E","CHLOROPHYLL-A, CORRECTED","ug/L",12
"08/31/2004","S65E","CHLOROPHYLL-A, CORRECTED","ug/L",10
"09/14/2004","S65E","CHLOROPHYLL-A, CORRECTED","ug/L",14
"09/29/2004","S65E","CHLOROPHYLL-A, CORRECTED","ug/L",7
"10/12/2004","S65E","CHLOROPHYLL-A, CORRECTED","ug/L",4
"10/26/2004","S65E","CHLOROPHYLL-A, CORRECTED","ug/L",0
"11/09/2004","S65E","CHLOROPHYLL-A, CORRECTED","ug/L",2
"11/22/2004","S65E","CHLOROPHYLL-A, CORRECTED","ug/L",4
"12/07/2004","S65E","CHLOROPHYLL-A, CORRECTED","ug/L",2
"12/21/2004","S65E","CHLOROPHYLL-A, CORRECTED","ug/L",0.5
"01/04/2005","S65E","CHLOROPHYLL-A, CORRECTED","ug/L",3
"01/18/2005","S65E","CHLOROPHYLL-A, CORRECTED","ug/L",3
"02/01/2005","S65E","CHLOROPHYLL-A, CORRECTED","ug/L",3
"02/15/2005","S65E","CHLOROPHYLL-A, CORRECTED","ug/L",5
"03/01/2005","S65E","CHLOROPHYLL-A, CORRECTED","ug/L",1
"03/15/2005","S65E","CHLOROPHYLL-A, CORRECTED","ug/L",7
"03/29/2005","S65E","CHLOROPHYLL-A, CORRECTED","ug/L",4
"04/12/2005","S65E","CHLOROPHYLL-A, CORRECTED","ug/L",2
"04/26/2005","S65E","CHLOROPHYLL-A, CORRECTED","ug/L",6
"05/10/2005","S65E","CHLOROPHYLL-A, CORRECTED","ug/L",7
"05/24/2005","S65E","CHLOROPHYLL-A, CORRECTED","ug/L",6
"06/07/2005","S65E","CHLOROPHYLL-A, CORRECTED","ug/L",0
"06/21/2005","S65E","CHLOROPHYLL-A, CORRECTED","ug/L",5
"07/05/2005","S65E","CHLOROPHYLL-A, CORRECTED","ug/L",0.5
"07/19/2005","S65E","CHLOROPHYLL-A, CORRECTED","ug/L",1.5
"08/02/2005","S65E","CHLOROPHYLL-A, CORRECTED","ug/L",0.5
"08/16/2005","S65E","CHLOROPHYLL-A, CORRECTED","ug/L",4
"08/30/2005","S65E","CHLOROPHYLL-A, CORRECTED","ug/L",5
"09/12/2005","S65E","CHLOROPHYLL-A, CORRECTED","ug/L",1.5
"09/26/2005","S65E","CHLOROPHYLL-A, CORRECTED","ug/L",12
"10/11/2005","S65E","CHLOROPHYLL-A, CORRECTED","ug/L",6
"11/08/2005","S65E","CHLOROPHYLL-A, CORRECTED","ug/L",1.5
"11/16/2005","S65E","CHLOROPHYLL-A, CORRECTED","ug/L",2
"12/06/2005","S65E","CHLOROPHYLL-A, CORRECTED","ug/L",4
"12/20/2005","S65E","CHLOROPHYLL-A, CORRECTED","ug/L",4
"01/03/2006","S65E","CHLOROPHYLL-A, CORRECTED","ug/L",4
"01/17/2006","S65E","CHLOROPHYLL-A, CORRECTED","ug/L",3
"01/30/2006","S65E","CHLOROPHYLL-A, CORRECTED","ug/L",3
"02/13/2006","S65E","CHLOROPHYLL-A, CORRECTED","ug/L",0.5
"02/28/2006","S65E","CHLOROPHYLL-A, CORRECTED","ug/L",5
"03/13/2006","S65E","CHLOROPHYLL-A, CORRECTED","ug/L",1
"03/28/2006","S65E","CHLOROPHYLL-A, CORRECTED","ug/L",3
"04/11/2006","S65E","CHLOROPHYLL-A, CORRECTED","ug/L",1
"04/24/2006","S65E","CHLOROPHYLL-A, CORRECTED","ug/L",6
"05/08/2006","S65E","CHLOROPHYLL-A, CORRECTED","ug/L",10
"05/23/2006","S65E","CHLOROPHYLL-A, CORRECTED","ug/L",2.5
"06/06/2006","S65E","CHLOROPHYLL-A, CORRECTED","ug/L",3
"06/19/2006","S65E","CHLOROPHYLL-A, CORRECTED","ug/L",0.5
"07/18/2006","S65E","CHLOROPHYLL-A, CORRECTED","ug/L",4
"07/31/2006","S65E","CHLOROPHYLL-A, CORRECTED","ug/L",1
"08/14/2006","S65E","CHLOROPHYLL-A, CORRECTED","ug/L",7
"08/31/2006","S65E","CHLOROPHYLL-A, CORRECTED","ug/L",6
"09/11/2006","S65E","CHLOROPHYLL-A, CORRECTED","ug/L",5
"09/25/2006","S65E","CHLOROPHYLL-A, CORRECTED","ug/L",2
"10/10/2006","S65E","CHLOROPHYLL-A, CORRECTED","ug/L",5
"10/24/2006","S65E","CHLOROPHYLL-A, CORRECTED","ug/L",2
"11/07/2006","S65E","CHLOROPHYLL-A, CORRECTED","ug/L",-1
"11/21/2006","S65E","CHLOROPHYLL-A, CORRECTED","ug/L",2
"12/05/2006","S65E","CHLOROPHYLL-A, CORRECTED","ug/L",0.5
"12/19/2006","S65E","CHLOROPHYLL-A, CORRECTED","ug/L",-1
"01/02/2007","S65E","CHLOROPHYLL-A, CORRECTED","ug/L",-1
"01/16/2007","S65E","CHLOROPHYLL-A, CORRECTED","ug/L",-1
"01/30/2007","S65E","CHLOROPHYLL-A, CORRECTED","ug/L",-1
"02/13/2007","S65E","CHLOROPHYLL-A, CORRECTED","ug/L",2
"02/27/2007","S65E","CHLOROPHYLL-A, CORRECTED","ug/L",8
"03/13/2007","S65E","CHLOROPHYLL-A, CORRECTED","ug/L",-0.25
"03/27/2007","S65E","CHLOROPHYLL-A, CORRECTED","ug/L",2
"04/10/2007","S65E","CHLOROPHYLL-A, CORRECTED","ug/L",-1
"04/24/2007","S65E","CHLOROPHYLL-A, CORRECTED","ug/L",-1
"05/08/2007","S65E","CHLOROPHYLL-A, CORRECTED","ug/L",0.5
"05/22/2007","S65E","CHLOROPHYLL-A, CORRECTED","ug/L",2
"06/05/2007","S65E","CHLOROPHYLL-A, CORRECTED","ug/L",6.8
"06/19/2007","S65E","CHLOROPHYLL-A, CORRECTED","ug/L",4
"07/02/2007","S65E","CHLOROPHYLL-A, CORRECTED","ug/L",12
"08/06/2007","S65E","CHLOROPHYLL-A, CORRECTED","ug/L",3.5
"08/21/2007","S65E","CHLOROPHYLL-A, CORRECTED","ug/L",2
"09/04/2007","S65E","CHLOROPHYLL-A, CORRECTED","ug/L",0.5
"09/17/2007","S65E","CHLOROPHYLL-A, CORRECTED","ug/L",4
"10/01/2007","S65E","CHLOROPHYLL-A, CORRECTED","ug/L",2
"10/15/2007","S65E","CHLOROPHYLL-A, CORRECTED","ug/L",0.5
"10/29/2007","S65E","CHLOROPHYLL-A, CORRECTED","ug/L",-1
"11/05/2007","S65E","CHLOROPHYLL-A, CORRECTED","ug/L",4
"11/20/2007","S65E","CHLOROPHYLL-A, CORRECTED","ug/L",1
"12/03/2007","S65E","CHLOROPHYLL-A, CORRECTED","ug/L",2.6
"12/18/2007","S65E","CHLOROPHYLL-A, CORRECTED","ug/L",2
"01/17/2008","S65E","CHLOROPHYLL-A, CORRECTED","ug/L",4
"01/29/2008","S65E","CHLOROPHYLL-A, CORRECTED","ug/L",2.5
"02/04/2008","S65E","CHLOROPHYLL-A, CORRECTED","ug/L",5
"02/19/2008","S65E","CHLOROPHYLL-A, CORRECTED","ug/L",8
"03/03/2008","S65E","CHLOROPHYLL-A, CORRECTED","ug/L",8
"03/17/2008","S65E","CHLOROPHYLL-A, CORRECTED","ug/L",5
"04/07/2008","S65E","CHLOROPHYLL-A, CORRECTED","ug/L",17
"04/21/2008","S65E","CHLOROPHYLL-A, CORRECTED","ug/L",18
"05/06/2008","S65E","CHLOROPHYLL-A, CORRECTED","ug/L",15
"05/19/2008","S65E","CHLOROPHYLL-A, CORRECTED","ug/L",6.5
"06/03/2008","S65E","CHLOROPHYLL-A, CORRECTED","ug/L",8.4
"06/17/2008","S65E","CHLOROPHYLL-A, CORRECTED","ug/L",11
"07/01/2008","S65E","CHLOROPHYLL-A, CORRECTED","ug/L",4.5
"07/16/2008","S65E","CHLOROPHYLL-A, CORRECTED","ug/L",5.5
"08/06/2008","S65E","CHLOROPHYLL-A, CORRECTED","ug/L",9
"08/26/2008","S65E","CHLOROPHYLL-A, CORRECTED","ug/L",6
"09/08/2008","S65E","CHLOROPHYLL-A, CORRECTED","ug/L",5
"09/22/2008","S65E","CHLOROPHYLL-A, CORRECTED","ug/L",12
"10/06/2008","S65E","CHLOROPHYLL-A, CORRECTED","ug/L",3.5
"10/20/2008","S65E","CHLOROPHYLL-A, CORRECTED","ug/L",1.5
"11/13/2008","S65E","CHLOROPHYLL-A, CORRECTED","ug/L",3.5
"11/24/2008","S65E","CHLOROPHYLL-A, CORRECTED","ug/L",8
"12/10/2008","S65E","CHLOROPHYLL-A, CORRECTED","ug/L",2
"12/23/2008","S65E","CHLOROPHYLL-A, CORRECTED","ug/L",4.5
"01/14/2009","S65E","CHLOROPHYLL-A, CORRECTED","ug/L",2.5
"01/27/2009","S65E","CHLOROPHYLL-A, CORRECTED","ug/L",5
"02/02/2009","S65E","CHLOROPHYLL-A, CORRECTED","ug/L",4
"02/17/2009","S65E","CHLOROPHYLL-A, CORRECTED","ug/L",15
"03/03/2009","S65E","CHLOROPHYLL-A, CORRECTED","ug/L",6.8
"03/17/2009","S65E","CHLOROPHYLL-A, CORRECTED","ug/L",6
"03/31/2009","S65E","CHLOROPHYLL-A, CORRECTED","ug/L",3.5
"04/14/2009","S65E","CHLOROPHYLL-A, CORRECTED","ug/L",3.5
"04/29/2009","S65E","CHLOROPHYLL-A, CORRECTED","ug/L",14
"05/13/2009","S65E","CHLOROPHYLL-A, CORRECTED","ug/L",7
"05/27/2009","S65E","CHLOROPHYLL-A, CORRECTED","ug/L",31
"06/02/2009","S65E","CHLOROPHYLL-A, CORRECTED","ug/L",12
"06/16/2009","S65E","CHLOROPHYLL-A, CORRECTED","ug/L",5
"07/07/2009","S65E","CHLOROPHYLL-A, CORRECTED","ug/L",4.5
"07/20/2009","S65E","CHLOROPHYLL-A, CORRECTED","ug/L",7
"08/04/2009","S65E","CHLOROPHYLL-A, CORRECTED","ug/L",2.5
"08/18/2009","S65E","CHLOROPHYLL-A, CORRECTED","ug/L",3.5
"09/08/2009","S65E","CHLOROPHYLL-A, CORRECTED","ug/L",4
"09/22/2009","S65E","CHLOROPHYLL-A, CORRECTED","ug/L",1.8
"10/07/2009","S65E","CHLOROPHYLL-A, CORRECTED","ug/L",1.5
"10/21/2009","S65E","CHLOROPHYLL-A, CORRECTED","ug/L",0.5
"11/09/2009","S65E","CHLOROPHYLL-A, CORRECTED","ug/L",0.5
"11/30/2009","S65E","CHLOROPHYLL-A, CORRECTED","ug/L",0.5
"12/16/2009","S65E","CHLOROPHYLL-A, CORRECTED","ug/L",1.5
"12/28/2009","S65E","CHLOROPHYLL-A, CORRECTED","ug/L",2.5
"01/11/2010","S65E","CHLOROPHYLL-A, CORRECTED","ug/L",2
"01/25/2010","S65E","CHLOROPHYLL-A, CORRECTED","ug/L",6
"02/08/2010","S65E","CHLOROPHYLL-A, CORRECTED","ug/L",3
"02/17/2010","S65E","CHLOROPHYLL-A, CORRECTED","ug/L",6
"03/15/2010","S65E","CHLOROPHYLL-A, CORRECTED","ug/L",2.2
"03/29/2010","S65E","CHLOROPHYLL-A, CORRECTED","ug/L",2
"04/12/2010","S65E","CHLOROPHYLL-A, CORRECTED","ug/L",0.5
"04/26/2010","S65E","CHLOROPHYLL-A, CORRECTED","ug/L",3
"05/10/2010","S65E","CHLOROPHYLL-A, CORRECTED","ug/L",0.5
"05/24/2010","S65E","CHLOROPHYLL-A, CORRECTED","ug/L",13
"06/07/2010","S65E","CHLOROPHYLL-A, CORRECTED","ug/L",8.5
"06/21/2010","S65E","CHLOROPHYLL-A, CORRECTED","ug/L",5
"07/08/2010","S65E","CHLOROPHYLL-A, CORRECTED","ug/L",5.5
"07/19/2010","S65E","CHLOROPHYLL-A, CORRECTED","ug/L",4
"08/02/2010","S65E","CHLOROPHYLL-A, CORRECTED","ug/L",5
"08/16/2010","S65E","CHLOROPHYLL-A, CORRECTED","ug/L",4
"09/14/2010","S65E","CHLOROPHYLL-A, CORRECTED","ug/L",4
"09/27/2010","S65E","CHLOROPHYLL-A, CORRECTED","ug/L",1
"10/11/2010","S65E","CHLOROPHYLL-A, CORRECTED","ug/L",3
"10/26/2010","S65E","CHLOROPHYLL-A, CORRECTED","ug/L",2
"11/09/2010","S65E","CHLOROPHYLL-A, CORRECTED","ug/L",4
"11/29/2010","S65E","CHLOROPHYLL-A, CORRECTED","ug/L",4
"12/09/2010","S65E","CHLOROPHYLL-A, CORRECTED","ug/L",14
"12/22/2010","S65E","CHLOROPHYLL-A, CORRECTED","ug/L",21
"01/10/2011","S65E","CHLOROPHYLL-A, CORRECTED","ug/L",9
"01/24/2011","S65E","CHLOROPHYLL-A, CORRECTED","ug/L",9
"02/07/2011","S65E","CHLOROPHYLL-A, CORRECTED","ug/L",20
"02/23/2011","S65E","CHLOROPHYLL-A, CORRECTED","ug/L",20
"03/09/2011","S65E","CHLOROPHYLL-A, CORRECTED","ug/L",8.66666666666667
"03/23/2011","S65E","CHLOROPHYLL-A, CORRECTED","ug/L",8
"04/13/2011","S65E","CHLOROPHYLL-A, CORRECTED","ug/L",26
"04/27/2011","S65E","CHLOROPHYLL-A, CORRECTED","ug/L",19
"01/09/1996","S65E","CHLOROPHYLL-B","ug/L",-1
"01/23/1996","S65E","CHLOROPHYLL-B","ug/L",2
"02/06/1996","S65E","CHLOROPHYLL-B","ug/L",4.2
"02/20/1996","S65E","CHLOROPHYLL-B","ug/L",-1
"03/05/1996","S65E","CHLOROPHYLL-B","ug/L",-1
"03/19/1996","S65E","CHLOROPHYLL-B","ug/L",-1
"04/02/1996","S65E","CHLOROPHYLL-B","ug/L",-1
"04/16/1996","S65E","CHLOROPHYLL-B","ug/L",-1
"04/30/1996","S65E","CHLOROPHYLL-B","ug/L",-0.5
"05/14/1996","S65E","CHLOROPHYLL-B","ug/L",-1
"05/28/1996","S65E","CHLOROPHYLL-B","ug/L",0.2
"06/11/1996","S65E","CHLOROPHYLL-B","ug/L",0.5
"06/25/1996","S65E","CHLOROPHYLL-B","ug/L",-1
"07/09/1996","S65E","CHLOROPHYLL-B","ug/L",-1
"07/23/1996","S65E","CHLOROPHYLL-B","ug/L",0.2
"08/06/1996","S65E","CHLOROPHYLL-B","ug/L",-1
"08/20/1996","S65E","CHLOROPHYLL-B","ug/L",-1
"09/03/1996","S65E","CHLOROPHYLL-B","ug/L",0.1
"09/17/1996","S65E","CHLOROPHYLL-B","ug/L",-1
"10/01/1996","S65E","CHLOROPHYLL-B","ug/L",-1
"10/15/1996","S65E","CHLOROPHYLL-B","ug/L",-1
"10/29/1996","S65E","CHLOROPHYLL-B","ug/L",-1
"11/12/1996","S65E","CHLOROPHYLL-B","ug/L",-1
"11/26/1996","S65E","CHLOROPHYLL-B","ug/L",-1
"12/10/1996","S65E","CHLOROPHYLL-B","ug/L",-1
"12/26/1996","S65E","CHLOROPHYLL-B","ug/L",-1
"01/07/1997","S65E","CHLOROPHYLL-B","ug/L",-1
"01/21/1997","S65E","CHLOROPHYLL-B","ug/L",-1
"02/05/1997","S65E","CHLOROPHYLL-B","ug/L",0.1
"02/18/1997","S65E","CHLOROPHYLL-B","ug/L",-1
"03/04/1997","S65E","CHLOROPHYLL-B","ug/L",-1
"03/18/1997","S65E","CHLOROPHYLL-B","ug/L",-1
"04/01/1997","S65E","CHLOROPHYLL-B","ug/L",0.2
"04/15/1997","S65E","CHLOROPHYLL-B","ug/L",-1
"04/29/1997","S65E","CHLOROPHYLL-B","ug/L",-1
"05/13/1997","S65E","CHLOROPHYLL-B","ug/L",1.1
"05/27/1997","S65E","CHLOROPHYLL-B","ug/L",0.05
"06/10/1997","S65E","CHLOROPHYLL-B","ug/L",2.1
"06/24/1997","S65E","CHLOROPHYLL-B","ug/L",0.25
"07/08/1997","S65E","CHLOROPHYLL-B","ug/L",-1
"07/22/1997","S65E","CHLOROPHYLL-B","ug/L",1.3
"08/05/1997","S65E","CHLOROPHYLL-B","ug/L",2.7
"08/19/1997","S65E","CHLOROPHYLL-B","ug/L",-1
"09/02/1997","S65E","CHLOROPHYLL-B","ug/L",-0.3
"09/16/1997","S65E","CHLOROPHYLL-B","ug/L",-1
"09/30/1997","S65E","CHLOROPHYLL-B","ug/L",-1
"10/14/1997","S65E","CHLOROPHYLL-B","ug/L",-1
"10/28/1997","S65E","CHLOROPHYLL-B","ug/L",-1
"11/12/1997","S65E","CHLOROPHYLL-B","ug/L",-1
"11/25/1997","S65E","CHLOROPHYLL-B","ug/L",-1
"12/09/1997","S65E","CHLOROPHYLL-B","ug/L",-1
"12/23/1997","S65E","CHLOROPHYLL-B","ug/L",2.4
"01/20/1998","S65E","CHLOROPHYLL-B","ug/L",1.3
"02/03/1998","S65E","CHLOROPHYLL-B","ug/L",1.1
"02/17/1998","S65E","CHLOROPHYLL-B","ug/L",-1
"03/03/1998","S65E","CHLOROPHYLL-B","ug/L",1.4
"03/17/1998","S65E","CHLOROPHYLL-B","ug/L",2.9
"03/31/1998","S65E","CHLOROPHYLL-B","ug/L",-1
"04/14/1998","S65E","CHLOROPHYLL-B","ug/L",-1
"04/28/1998","S65E","CHLOROPHYLL-B","ug/L",-1
"05/12/1998","S65E","CHLOROPHYLL-B","ug/L",-1
"05/26/1998","S65E","CHLOROPHYLL-B","ug/L",-1
"06/09/1998","S65E","CHLOROPHYLL-B","ug/L",-1
"06/23/1998","S65E","CHLOROPHYLL-B","ug/L",1.4
"07/07/1998","S65E","CHLOROPHYLL-B","ug/L",-1
"07/21/1998","S65E","CHLOROPHYLL-B","ug/L",-1
"08/04/1998","S65E","CHLOROPHYLL-B","ug/L",1.4
"08/18/1998","S65E","CHLOROPHYLL-B","ug/L",1.8
"09/01/1998","S65E","CHLOROPHYLL-B","ug/L",1.7
"09/29/1998","S65E","CHLOROPHYLL-B","ug/L",-1
"10/13/1998","S65E","CHLOROPHYLL-B","ug/L",-1
"10/27/1998","S65E","CHLOROPHYLL-B","ug/L",1.1
"11/09/1998","S65E","CHLOROPHYLL-B","ug/L",-1
"11/24/1998","S65E","CHLOROPHYLL-B","ug/L",-1
"12/08/1998","S65E","CHLOROPHYLL-B","ug/L",-1
"12/22/1998","S65E","CHLOROPHYLL-B","ug/L",-1
"01/05/1999","S65E","CHLOROPHYLL-B","ug/L",-1
"01/19/1999","S65E","CHLOROPHYLL-B","ug/L",-1
"02/02/1999","S65E","CHLOROPHYLL-B","ug/L",-1
"02/16/1999","S65E","CHLOROPHYLL-B","ug/L",-1
"03/02/1999","S65E","CHLOROPHYLL-B","ug/L",-1
"03/16/1999","S65E","CHLOROPHYLL-B","ug/L",-1
"03/30/1999","S65E","CHLOROPHYLL-B","ug/L",-1
"04/13/1999","S65E","CHLOROPHYLL-B","ug/L",-1
"04/27/1999","S65E","CHLOROPHYLL-B","ug/L",2.1
"05/11/1999","S65E","CHLOROPHYLL-B","ug/L",2.4
"05/25/1999","S65E","CHLOROPHYLL-B","ug/L",-1
"06/08/1999","S65E","CHLOROPHYLL-B","ug/L",-1
"06/22/1999","S65E","CHLOROPHYLL-B","ug/L",1.7
"07/06/1999","S65E","CHLOROPHYLL-B","ug/L",-1
"07/20/1999","S65E","CHLOROPHYLL-B","ug/L",-1
"08/03/1999","S65E","CHLOROPHYLL-B","ug/L",0.6
"08/17/1999","S65E","CHLOROPHYLL-B","ug/L",-1
"08/31/1999","S65E","CHLOROPHYLL-B","ug/L",-1
"09/16/1999","S65E","CHLOROPHYLL-B","ug/L",-1
"09/28/1999","S65E","CHLOROPHYLL-B","ug/L",-1
"10/12/1999","S65E","CHLOROPHYLL-B","ug/L",-1
"10/26/1999","S65E","CHLOROPHYLL-B","ug/L",2.8
"11/09/1999","S65E","CHLOROPHYLL-B","ug/L",1.5
"11/23/1999","S65E","CHLOROPHYLL-B","ug/L",-1
"12/07/1999","S65E","CHLOROPHYLL-B","ug/L",-1
"12/21/1999","S65E","CHLOROPHYLL-B","ug/L",-1
"01/04/2000","S65E","CHLOROPHYLL-B","ug/L",-1
"01/18/2000","S65E","CHLOROPHYLL-B","ug/L",-1
"02/01/2000","S65E","CHLOROPHYLL-B","ug/L",-1
"02/15/2000","S65E","CHLOROPHYLL-B","ug/L",-1
"02/29/2000","S65E","CHLOROPHYLL-B","ug/L",-1
"03/14/2000","S65E","CHLOROPHYLL-B","ug/L",1
"03/28/2000","S65E","CHLOROPHYLL-B","ug/L",1.1
"04/11/2000","S65E","CHLOROPHYLL-B","ug/L",-1
"04/24/2000","S65E","CHLOROPHYLL-B","ug/L",-1
"05/09/2000","S65E","CHLOROPHYLL-B","ug/L",-1
"05/23/2000","S65E","CHLOROPHYLL-B","ug/L",17.7
"06/06/2000","S65E","CHLOROPHYLL-B","ug/L",1.8
"06/20/2000","S65E","CHLOROPHYLL-B","ug/L",1.2
"07/05/2000","S65E","CHLOROPHYLL-B","ug/L",-1
"07/18/2000","S65E","CHLOROPHYLL-B","ug/L",-1
"08/01/2000","S65E","CHLOROPHYLL-B","ug/L",-1
"08/15/2000","S65E","CHLOROPHYLL-B","ug/L",-1
"08/29/2000","S65E","CHLOROPHYLL-B","ug/L",-1
"09/12/2000","S65E","CHLOROPHYLL-B","ug/L",-1
"09/26/2000","S65E","CHLOROPHYLL-B","ug/L",1.1
"10/10/2000","S65E","CHLOROPHYLL-B","ug/L",-1
"10/24/2000","S65E","CHLOROPHYLL-B","ug/L",-1
"11/07/2000","S65E","CHLOROPHYLL-B","ug/L",-1
"11/21/2000","S65E","CHLOROPHYLL-B","ug/L",-1
"12/05/2000","S65E","CHLOROPHYLL-B","ug/L",-1
"01/02/2001","S65E","CHLOROPHYLL-B","ug/L",-1
"01/16/2001","S65E","CHLOROPHYLL-B","ug/L",-1
"02/13/2001","S65E","CHLOROPHYLL-B","ug/L",-1
"02/27/2001","S65E","CHLOROPHYLL-B","ug/L",-1
"03/13/2001","S65E","CHLOROPHYLL-B","ug/L",-1
"03/27/2001","S65E","CHLOROPHYLL-B","ug/L",-1
"04/10/2001","S65E","CHLOROPHYLL-B","ug/L",-1
"04/24/2001","S65E","CHLOROPHYLL-B","ug/L",-1
"05/08/2001","S65E","CHLOROPHYLL-B","ug/L",-1
"05/22/2001","S65E","CHLOROPHYLL-B","ug/L",-1
"06/05/2001","S65E","CHLOROPHYLL-B","ug/L",-1
"06/19/2001","S65E","CHLOROPHYLL-B","ug/L",-1
"07/03/2001","S65E","CHLOROPHYLL-B","ug/L",-1
"07/17/2001","S65E","CHLOROPHYLL-B","ug/L",-1
"07/31/2001","S65E","CHLOROPHYLL-B","ug/L",1
"08/14/2001","S65E","CHLOROPHYLL-B","ug/L",-1
"08/28/2001","S65E","CHLOROPHYLL-B","ug/L",2
"09/11/2001","S65E","CHLOROPHYLL-B","ug/L",-1
"09/25/2001","S65E","CHLOROPHYLL-B","ug/L",-1
"10/09/2001","S65E","CHLOROPHYLL-B","ug/L",-1
"11/06/2001","S65E","CHLOROPHYLL-B","ug/L",-1
"11/20/2001","S65E","CHLOROPHYLL-B","ug/L",-1
"12/04/2001","S65E","CHLOROPHYLL-B","ug/L",-1
"12/18/2001","S65E","CHLOROPHYLL-B","ug/L",-1
"01/15/2002","S65E","CHLOROPHYLL-B","ug/L",-1
"01/29/2002","S65E","CHLOROPHYLL-B","ug/L",-1
"02/12/2002","S65E","CHLOROPHYLL-B","ug/L",-1
"02/26/2002","S65E","CHLOROPHYLL-B","ug/L",-1
"03/12/2002","S65E","CHLOROPHYLL-B","ug/L",-1
"03/26/2002","S65E","CHLOROPHYLL-B","ug/L",-1
"04/09/2002","S65E","CHLOROPHYLL-B","ug/L",-1
"04/23/2002","S65E","CHLOROPHYLL-B","ug/L",1.7
"05/07/2002","S65E","CHLOROPHYLL-B","ug/L",-1
"05/21/2002","S65E","CHLOROPHYLL-B","ug/L",-1
"06/04/2002","S65E","CHLOROPHYLL-B","ug/L",-1
"06/18/2002","S65E","CHLOROPHYLL-B","ug/L",-1
"07/02/2002","S65E","CHLOROPHYLL-B","ug/L",-1
"07/16/2002","S65E","CHLOROPHYLL-B","ug/L",-1
"07/30/2002","S65E","CHLOROPHYLL-B","ug/L",-1
"08/13/2002","S65E","CHLOROPHYLL-B","ug/L",-1
"08/27/2002","S65E","CHLOROPHYLL-B","ug/L",-1
"09/10/2002","S65E","CHLOROPHYLL-B","ug/L",-1
"09/24/2002","S65E","CHLOROPHYLL-B","ug/L",-1
"10/08/2002","S65E","CHLOROPHYLL-B","ug/L",-1
"10/22/2002","S65E","CHLOROPHYLL-B","ug/L",-1
"11/05/2002","S65E","CHLOROPHYLL-B","ug/L",-1
"11/19/2002","S65E","CHLOROPHYLL-B","ug/L",-1
"12/03/2002","S65E","CHLOROPHYLL-B","ug/L",-1
"12/17/2002","S65E","CHLOROPHYLL-B","ug/L",-1
"12/31/2002","S65E","CHLOROPHYLL-B","ug/L",-1
"01/14/2003","S65E","CHLOROPHYLL-B","ug/L",-1
"01/28/2003","S65E","CHLOROPHYLL-B","ug/L",-1
"02/11/2003","S65E","CHLOROPHYLL-B","ug/L",-1
"02/25/2003","S65E","CHLOROPHYLL-B","ug/L",-1
"03/11/2003","S65E","CHLOROPHYLL-B","ug/L",-1
"03/25/2003","S65E","CHLOROPHYLL-B","ug/L",-1
"04/08/2003","S65E","CHLOROPHYLL-B","ug/L",-1
"04/22/2003","S65E","CHLOROPHYLL-B","ug/L",-1
"05/06/2003","S65E","CHLOROPHYLL-B","ug/L",-1
"06/03/2003","S65E","CHLOROPHYLL-B","ug/L",-1
"06/17/2003","S65E","CHLOROPHYLL-B","ug/L",-1
"07/01/2003","S65E","CHLOROPHYLL-B","ug/L",-1
"07/15/2003","S65E","CHLOROPHYLL-B","ug/L",-1
"07/29/2003","S65E","CHLOROPHYLL-B","ug/L",-1
"08/12/2003","S65E","CHLOROPHYLL-B","ug/L",-1
"08/26/2003","S65E","CHLOROPHYLL-B","ug/L",-1
"09/09/2003","S65E","CHLOROPHYLL-B","ug/L",-1
"09/23/2003","S65E","CHLOROPHYLL-B","ug/L",-1
"10/07/2003","S65E","CHLOROPHYLL-B","ug/L",-1
"10/21/2003","S65E","CHLOROPHYLL-B","ug/L",-1
"11/04/2003","S65E","CHLOROPHYLL-B","ug/L",-1
"11/18/2003","S65E","CHLOROPHYLL-B","ug/L",-1
"12/02/2003","S65E","CHLOROPHYLL-B","ug/L",-1
"12/16/2003","S65E","CHLOROPHYLL-B","ug/L",-1
"12/30/2003","S65E","CHLOROPHYLL-B","ug/L",-1
"01/13/2004","S65E","CHLOROPHYLL-B","ug/L",-1
"01/27/2004","S65E","CHLOROPHYLL-B","ug/L",-1
"02/10/2004","S65E","CHLOROPHYLL-B","ug/L",-1
"02/24/2004","S65E","CHLOROPHYLL-B","ug/L",-1
"03/09/2004","S65E","CHLOROPHYLL-B","ug/L",-1
"03/23/2004","S65E","CHLOROPHYLL-B","ug/L",-1
"04/06/2004","S65E","CHLOROPHYLL-B","ug/L",-1
"04/20/2004","S65E","CHLOROPHYLL-B","ug/L",-1
"05/04/2004","S65E","CHLOROPHYLL-B","ug/L",-1
"05/18/2004","S65E","CHLOROPHYLL-B","ug/L",-1
"06/08/2004","S65E","CHLOROPHYLL-B","ug/L",-1
"06/22/2004","S65E","CHLOROPHYLL-B","ug/L",-1
"07/06/2004","S65E","CHLOROPHYLL-B","ug/L",-1
"07/20/2004","S65E","CHLOROPHYLL-B","ug/L",-1
"08/03/2004","S65E","CHLOROPHYLL-B","ug/L",-1
"08/17/2004","S65E","CHLOROPHYLL-B","ug/L",1
"08/31/2004","S65E","CHLOROPHYLL-B","ug/L",1
"09/14/2004","S65E","CHLOROPHYLL-B","ug/L",2
"09/29/2004","S65E","CHLOROPHYLL-B","ug/L",3
"10/12/2004","S65E","CHLOROPHYLL-B","ug/L",-1
"10/26/2004","S65E","CHLOROPHYLL-B","ug/L",-1
"11/09/2004","S65E","CHLOROPHYLL-B","ug/L",-1
"11/22/2004","S65E","CHLOROPHYLL-B","ug/L",-1
"12/07/2004","S65E","CHLOROPHYLL-B","ug/L",-1
"12/21/2004","S65E","CHLOROPHYLL-B","ug/L",-1
"01/04/2005","S65E","CHLOROPHYLL-B","ug/L",-1
"01/18/2005","S65E","CHLOROPHYLL-B","ug/L",-1
"02/01/2005","S65E","CHLOROPHYLL-B","ug/L",-1
"02/15/2005","S65E","CHLOROPHYLL-B","ug/L",-1
"03/01/2005","S65E","CHLOROPHYLL-B","ug/L",-1
"03/15/2005","S65E","CHLOROPHYLL-B","ug/L",-1
"03/29/2005","S65E","CHLOROPHYLL-B","ug/L",-1
"04/12/2005","S65E","CHLOROPHYLL-B","ug/L",-1
"04/26/2005","S65E","CHLOROPHYLL-B","ug/L",-1
"05/10/2005","S65E","CHLOROPHYLL-B","ug/L",2
"05/24/2005","S65E","CHLOROPHYLL-B","ug/L",-1
"06/07/2005","S65E","CHLOROPHYLL-B","ug/L",-1
"06/21/2005","S65E","CHLOROPHYLL-B","ug/L",-1
"07/05/2005","S65E","CHLOROPHYLL-B","ug/L",-1
"07/19/2005","S65E","CHLOROPHYLL-B","ug/L",-1
"08/02/2005","S65E","CHLOROPHYLL-B","ug/L",-1
"08/16/2005","S65E","CHLOROPHYLL-B","ug/L",-1
"08/30/2005","S65E","CHLOROPHYLL-B","ug/L",-1
"09/12/2005","S65E","CHLOROPHYLL-B","ug/L",-1
"09/26/2005","S65E","CHLOROPHYLL-B","ug/L",-1
"10/11/2005","S65E","CHLOROPHYLL-B","ug/L",-1
"11/08/2005","S65E","CHLOROPHYLL-B","ug/L",-1
"11/16/2005","S65E","CHLOROPHYLL-B","ug/L",-1
"12/06/2005","S65E","CHLOROPHYLL-B","ug/L",-1
"12/20/2005","S65E","CHLOROPHYLL-B","ug/L",-1
"01/03/2006","S65E","CHLOROPHYLL-B","ug/L",-1
"01/17/2006","S65E","CHLOROPHYLL-B","ug/L",-1
"01/30/2006","S65E","CHLOROPHYLL-B","ug/L",-1
"02/13/2006","S65E","CHLOROPHYLL-B","ug/L",-1
"02/28/2006","S65E","CHLOROPHYLL-B","ug/L",-1
"03/13/2006","S65E","CHLOROPHYLL-B","ug/L",-1
"03/28/2006","S65E","CHLOROPHYLL-B","ug/L",-1
"04/11/2006","S65E","CHLOROPHYLL-B","ug/L",0
"04/24/2006","S65E","CHLOROPHYLL-B","ug/L",3
"05/08/2006","S65E","CHLOROPHYLL-B","ug/L",-1
"05/23/2006","S65E","CHLOROPHYLL-B","ug/L",-1
"06/06/2006","S65E","CHLOROPHYLL-B","ug/L",-1
"06/19/2006","S65E","CHLOROPHYLL-B","ug/L",-1
"07/18/2006","S65E","CHLOROPHYLL-B","ug/L",-1
"07/31/2006","S65E","CHLOROPHYLL-B","ug/L",-1
"08/14/2006","S65E","CHLOROPHYLL-B","ug/L",1
"08/31/2006","S65E","CHLOROPHYLL-B","ug/L",-1
"09/11/2006","S65E","CHLOROPHYLL-B","ug/L",-1
"09/25/2006","S65E","CHLOROPHYLL-B","ug/L",-1
"10/10/2006","S65E","CHLOROPHYLL-B","ug/L",-1
"10/24/2006","S65E","CHLOROPHYLL-B","ug/L",-1
"11/07/2006","S65E","CHLOROPHYLL-B","ug/L",-1
"11/21/2006","S65E","CHLOROPHYLL-B","ug/L",-1
"12/05/2006","S65E","CHLOROPHYLL-B","ug/L",-1
"12/19/2006","S65E","CHLOROPHYLL-B","ug/L",1.25
"01/02/2007","S65E","CHLOROPHYLL-B","ug/L",0.5
"01/16/2007","S65E","CHLOROPHYLL-B","ug/L",-1
"01/30/2007","S65E","CHLOROPHYLL-B","ug/L",0.5
"02/13/2007","S65E","CHLOROPHYLL-B","ug/L",2
"02/27/2007","S65E","CHLOROPHYLL-B","ug/L",-1
"03/13/2007","S65E","CHLOROPHYLL-B","ug/L",-1
"03/27/2007","S65E","CHLOROPHYLL-B","ug/L",-1
"04/10/2007","S65E","CHLOROPHYLL-B","ug/L",2
"04/24/2007","S65E","CHLOROPHYLL-B","ug/L",2
"05/08/2007","S65E","CHLOROPHYLL-B","ug/L",-1
"05/22/2007","S65E","CHLOROPHYLL-B","ug/L",-1
"06/05/2007","S65E","CHLOROPHYLL-B","ug/L",-1
"06/19/2007","S65E","CHLOROPHYLL-B","ug/L",-1
"07/02/2007","S65E","CHLOROPHYLL-B","ug/L",-1
"08/06/2007","S65E","CHLOROPHYLL-B","ug/L",0
"08/21/2007","S65E","CHLOROPHYLL-B","ug/L",2
"09/04/2007","S65E","CHLOROPHYLL-B","ug/L",0.5
"09/17/2007","S65E","CHLOROPHYLL-B","ug/L",-1
"10/01/2007","S65E","CHLOROPHYLL-B","ug/L",-1
"10/15/2007","S65E","CHLOROPHYLL-B","ug/L",-1
"10/29/2007","S65E","CHLOROPHYLL-B","ug/L",-1
"11/05/2007","S65E","CHLOROPHYLL-B","ug/L",3
"11/20/2007","S65E","CHLOROPHYLL-B","ug/L",-1
"12/03/2007","S65E","CHLOROPHYLL-B","ug/L",-1
"12/18/2007","S65E","CHLOROPHYLL-B","ug/L",-1
"01/17/2008","S65E","CHLOROPHYLL-B","ug/L",3
"01/29/2008","S65E","CHLOROPHYLL-B","ug/L",-1
"02/04/2008","S65E","CHLOROPHYLL-B","ug/L",2
"02/19/2008","S65E","CHLOROPHYLL-B","ug/L",-1
"03/03/2008","S65E","CHLOROPHYLL-B","ug/L",-1
"03/17/2008","S65E","CHLOROPHYLL-B","ug/L",0.5
"04/07/2008","S65E","CHLOROPHYLL-B","ug/L",3
"04/21/2008","S65E","CHLOROPHYLL-B","ug/L",1
"05/06/2008","S65E","CHLOROPHYLL-B","ug/L",-1
"05/19/2008","S65E","CHLOROPHYLL-B","ug/L",0.5
"06/03/2008","S65E","CHLOROPHYLL-B","ug/L",-1
"06/17/2008","S65E","CHLOROPHYLL-B","ug/L",-1
"07/01/2008","S65E","CHLOROPHYLL-B","ug/L",-1
"07/16/2008","S65E","CHLOROPHYLL-B","ug/L",-1
"08/06/2008","S65E","CHLOROPHYLL-B","ug/L",3
"08/26/2008","S65E","CHLOROPHYLL-B","ug/L",-1
"09/08/2008","S65E","CHLOROPHYLL-B","ug/L",0.4
"09/22/2008","S65E","CHLOROPHYLL-B","ug/L",2
"10/06/2008","S65E","CHLOROPHYLL-B","ug/L",-1
"10/20/2008","S65E","CHLOROPHYLL-B","ug/L",-1
"11/13/2008","S65E","CHLOROPHYLL-B","ug/L",-1
"11/24/2008","S65E","CHLOROPHYLL-B","ug/L",1
"12/10/2008","S65E","CHLOROPHYLL-B","ug/L",0.5
"12/23/2008","S65E","CHLOROPHYLL-B","ug/L",-1
"01/14/2009","S65E","CHLOROPHYLL-B","ug/L",-1
"01/27/2009","S65E","CHLOROPHYLL-B","ug/L",-1
"02/02/2009","S65E","CHLOROPHYLL-B","ug/L",-1
"02/17/2009","S65E","CHLOROPHYLL-B","ug/L",-1
"03/03/2009","S65E","CHLOROPHYLL-B","ug/L",-1
"03/17/2009","S65E","CHLOROPHYLL-B","ug/L",-1
"03/31/2009","S65E","CHLOROPHYLL-B","ug/L",-1
"04/14/2009","S65E","CHLOROPHYLL-B","ug/L",-1
"04/29/2009","S65E","CHLOROPHYLL-B","ug/L",-1
"05/13/2009","S65E","CHLOROPHYLL-B","ug/L",-1
"05/27/2009","S65E","CHLOROPHYLL-B","ug/L",-1
"06/02/2009","S65E","CHLOROPHYLL-B","ug/L",-1
"06/16/2009","S65E","CHLOROPHYLL-B","ug/L",0
"07/07/2009","S65E","CHLOROPHYLL-B","ug/L",-1
"07/20/2009","S65E","CHLOROPHYLL-B","ug/L",-1
"08/04/2009","S65E","CHLOROPHYLL-B","ug/L",0
"08/18/2009","S65E","CHLOROPHYLL-B","ug/L",-1
"09/08/2009","S65E","CHLOROPHYLL-B","ug/L",-1
"09/22/2009","S65E","CHLOROPHYLL-B","ug/L",-1
"10/07/2009","S65E","CHLOROPHYLL-B","ug/L",-1
"10/21/2009","S65E","CHLOROPHYLL-B","ug/L",-1
"11/09/2009","S65E","CHLOROPHYLL-B","ug/L",-1
"11/30/2009","S65E","CHLOROPHYLL-B","ug/L",-1
"12/16/2009","S65E","CHLOROPHYLL-B","ug/L",-1
"12/28/2009","S65E","CHLOROPHYLL-B","ug/L",-1
"01/11/2010","S65E","CHLOROPHYLL-B","ug/L",-1
"01/25/2010","S65E","CHLOROPHYLL-B","ug/L",-1
"02/08/2010","S65E","CHLOROPHYLL-B","ug/L",-1
"02/17/2010","S65E","CHLOROPHYLL-B","ug/L",-1
"03/15/2010","S65E","CHLOROPHYLL-B","ug/L",-1
"03/29/2010","S65E","CHLOROPHYLL-B","ug/L",-1
"04/12/2010","S65E","CHLOROPHYLL-B","ug/L",-1
"04/26/2010","S65E","CHLOROPHYLL-B","ug/L",-1
"05/10/2010","S65E","CHLOROPHYLL-B","ug/L",-1
"05/24/2010","S65E","CHLOROPHYLL-B","ug/L",-1
"06/07/2010","S65E","CHLOROPHYLL-B","ug/L",-1
"06/21/2010","S65E","CHLOROPHYLL-B","ug/L",-1
"07/08/2010","S65E","CHLOROPHYLL-B","ug/L",-1
"07/19/2010","S65E","CHLOROPHYLL-B","ug/L",-1
"08/02/2010","S65E","CHLOROPHYLL-B","ug/L",-1
"08/16/2010","S65E","CHLOROPHYLL-B","ug/L",-1
"09/14/2010","S65E","CHLOROPHYLL-B","ug/L",-1
"09/27/2010","S65E","CHLOROPHYLL-B","ug/L",-1
"10/11/2010","S65E","CHLOROPHYLL-B","ug/L",-1
"10/26/2010","S65E","CHLOROPHYLL-B","ug/L",-1
"11/09/2010","S65E","CHLOROPHYLL-B","ug/L",-1
"11/29/2010","S65E","CHLOROPHYLL-B","ug/L",-1
"12/09/2010","S65E","CHLOROPHYLL-B","ug/L",-1
"12/22/2010","S65E","CHLOROPHYLL-B","ug/L",-1
"01/10/2011","S65E","CHLOROPHYLL-B","ug/L",-1
"01/24/2011","S65E","CHLOROPHYLL-B","ug/L",-1
"02/07/2011","S65E","CHLOROPHYLL-B","ug/L",-1
"02/23/2011","S65E","CHLOROPHYLL-B","ug/L",-1
"03/09/2011","S65E","CHLOROPHYLL-B","ug/L",-1
"03/23/2011","S65E","CHLOROPHYLL-B","ug/L",-1
"04/13/2011","S65E","CHLOROPHYLL-B","ug/L",-1
"04/27/2011","S65E","CHLOROPHYLL-B","ug/L",-1
"10/26/2010","S65E","CHLOROPHYLL-B (LC)","ug/L",0.3
"11/09/2010","S65E","CHLOROPHYLL-B (LC)","ug/L",0.4
"11/29/2010","S65E","CHLOROPHYLL-B (LC)","ug/L",0.2
"12/09/2010","S65E","CHLOROPHYLL-B (LC)","ug/L",0.4
"12/22/2010","S65E","CHLOROPHYLL-B (LC)","ug/L",0.5
"01/10/2011","S65E","CHLOROPHYLL-B (LC)","ug/L",-0.111
"01/24/2011","S65E","CHLOROPHYLL-B (LC)","ug/L",0.3
"02/07/2011","S65E","CHLOROPHYLL-B (LC)","ug/L",0.6
"02/23/2011","S65E","CHLOROPHYLL-B (LC)","ug/L",0.6
"03/09/2011","S65E","CHLOROPHYLL-B (LC)","ug/L",0.533333333333333
"03/23/2011","S65E","CHLOROPHYLL-B (LC)","ug/L",0.6
"04/13/2011","S65E","CHLOROPHYLL-B (LC)","ug/L",1.5
"04/27/2011","S65E","CHLOROPHYLL-B (LC)","ug/L",1.5
"05/11/2011","S65E","CHLOROPHYLL-B (LC)","ug/L",0.76
"05/25/2011","S65E","CHLOROPHYLL-B (LC)","ug/L",0.771
"06/08/2011","S65E","CHLOROPHYLL-B (LC)","ug/L",1.13
"06/20/2011","S65E","CHLOROPHYLL-B (LC)","ug/L",1.1
"07/06/2011","S65E","CHLOROPHYLL-B (LC)","ug/L",1.72
"07/20/2011","S65E","CHLOROPHYLL-B (LC)","ug/L",0.816
"08/03/2011","S65E","CHLOROPHYLL-B (LC)","ug/L",4.96
"08/17/2011","S65E","CHLOROPHYLL-B (LC)","ug/L",0.231
"08/31/2011","S65E","CHLOROPHYLL-B (LC)","ug/L",0.151
"09/14/2011","S65E","CHLOROPHYLL-B (LC)","ug/L",0.886666666666667
"09/28/2011","S65E","CHLOROPHYLL-B (LC)","ug/L",0.766
"10/12/2011","S65E","CHLOROPHYLL-B (LC)","ug/L",0.632
"10/26/2011","S65E","CHLOROPHYLL-B (LC)","ug/L",0.531
"11/07/2011","S65E","CHLOROPHYLL-B (LC)","ug/L",-0.089
"11/22/2011","S65E","CHLOROPHYLL-B (LC)","ug/L",0.244
"12/07/2011","S65E","CHLOROPHYLL-B (LC)","ug/L",0.473
"12/21/2011","S65E","CHLOROPHYLL-B (LC)","ug/L",0.251
"01/04/2012","S65E","CHLOROPHYLL-B (LC)","ug/L",0.153
"01/18/2012","S65E","CHLOROPHYLL-B (LC)","ug/L",0.124
"02/01/2012","S65E","CHLOROPHYLL-B (LC)","ug/L",0.299
"02/15/2012","S65E","CHLOROPHYLL-B (LC)","ug/L",0.603
"02/29/2012","S65E","CHLOROPHYLL-B (LC)","ug/L",0.338
"03/14/2012","S65E","CHLOROPHYLL-B (LC)","ug/L",0.402
"03/28/2012","S65E","CHLOROPHYLL-B (LC)","ug/L",-0.089
"04/11/2012","S65E","CHLOROPHYLL-B (LC)","ug/L",0.256
"04/25/2012","S65E","CHLOROPHYLL-B (LC)","ug/L",0.688
"05/09/2012","S65E","CHLOROPHYLL-B (LC)","ug/L",0.407
"05/23/2012","S65E","CHLOROPHYLL-B (LC)","ug/L",0.887
"06/06/2012","S65E","CHLOROPHYLL-B (LC)","ug/L",1.72
"06/20/2012","S65E","CHLOROPHYLL-B (LC)","ug/L",1.38
"07/11/2012","S65E","CHLOROPHYLL-B (LC)","ug/L",0.729
"07/25/2012","S65E","CHLOROPHYLL-B (LC)","ug/L",-0.089
"08/08/2012","S65E","CHLOROPHYLL-B (LC)","ug/L",0.286
"08/22/2012","S65E","CHLOROPHYLL-B (LC)","ug/L",0.661
"09/05/2012","S65E","CHLOROPHYLL-B (LC)","ug/L",1.92
"09/19/2012","S65E","CHLOROPHYLL-B (LC)","ug/L",0.85
"10/03/2012","S65E","CHLOROPHYLL-B (LC)","ug/L",0.301
"10/17/2012","S65E","CHLOROPHYLL-B (LC)","ug/L",-0.089
"10/31/2012","S65E","CHLOROPHYLL-B (LC)","ug/L",-0.089
"11/14/2012","S65E","CHLOROPHYLL-B (LC)","ug/L",-0.089
"11/28/2012","S65E","CHLOROPHYLL-B (LC)","ug/L",-0.089
"12/05/2012","S65E","CHLOROPHYLL-B (LC)","ug/L",0.13
"12/19/2012","S65E","CHLOROPHYLL-B (LC)","ug/L",0.302
"01/02/2013","S65E","CHLOROPHYLL-B (LC)","ug/L",-0.089
"01/16/2013","S65E","CHLOROPHYLL-B (LC)","ug/L",0.126
"01/30/2013","S65E","CHLOROPHYLL-B (LC)","ug/L",0.105
"02/13/2013","S65E","CHLOROPHYLL-B (LC)","ug/L",0.171
"02/27/2013","S65E","CHLOROPHYLL-B (LC)","ug/L",0.156
"03/13/2013","S65E","CHLOROPHYLL-B (LC)","ug/L",0.139
"03/27/2013","S65E","CHLOROPHYLL-B (LC)","ug/L",0.352
"04/10/2013","S65E","CHLOROPHYLL-B (LC)","ug/L",0.293
"04/24/2013","S65E","CHLOROPHYLL-B (LC)","ug/L",1.33
"05/08/2013","S65E","CHLOROPHYLL-B (LC)","ug/L",0.896
"05/22/2013","S65E","CHLOROPHYLL-B (LC)","ug/L",0.576
"06/05/2013","S65E","CHLOROPHYLL-B (LC)","ug/L",1.17
"06/19/2013","S65E","CHLOROPHYLL-B (LC)","ug/L",0.784
"07/02/2013","S65E","CHLOROPHYLL-B (LC)","ug/L",1.31
"07/17/2013","S65E","CHLOROPHYLL-B (LC)","ug/L",0.416
"07/31/2013","S65E","CHLOROPHYLL-B (LC)","ug/L",0.352
"08/14/2013","S65E","CHLOROPHYLL-B (LC)","ug/L",0.525
"08/28/2013","S65E","CHLOROPHYLL-B (LC)","ug/L",0.727
"09/11/2013","S65E","CHLOROPHYLL-B (LC)","ug/L",0.622
"09/25/2013","S65E","CHLOROPHYLL-B (LC)","ug/L",0.256
"10/09/2013","S65E","CHLOROPHYLL-B (LC)","ug/L",0.324
"10/23/2013","S65E","CHLOROPHYLL-B (LC)","ug/L",0.148
"11/06/2013","S65E","CHLOROPHYLL-B (LC)","ug/L",-0.1
"11/20/2013","S65E","CHLOROPHYLL-B (LC)","ug/L",0.652
"12/04/2013","S65E","CHLOROPHYLL-B (LC)","ug/L",0.226
"12/18/2013","S65E","CHLOROPHYLL-B (LC)","ug/L",-0.089
"12/30/2013","S65E","CHLOROPHYLL-B (LC)","ug/L",0.252
"01/15/2014","S65E","CHLOROPHYLL-B (LC)","ug/L",0.764
"01/29/2014","S65E","CHLOROPHYLL-B (LC)","ug/L",0.24
"02/12/2014","S65E","CHLOROPHYLL-B (LC)","ug/L",0.628
"02/26/2014","S65E","CHLOROPHYLL-B (LC)","ug/L",1.2
"03/12/2014","S65E","CHLOROPHYLL-B (LC)","ug/L",0.708
"03/26/2014","S65E","CHLOROPHYLL-B (LC)","ug/L",0.674
"04/09/2014","S65E","CHLOROPHYLL-B (LC)","ug/L",1.1
"04/23/2014","S65E","CHLOROPHYLL-B (LC)","ug/L",1.09
"05/07/2014","S65E","CHLOROPHYLL-B (LC)","ug/L",0.616
"05/21/2014","S65E","CHLOROPHYLL-B (LC)","ug/L",1.18
"06/04/2014","S65E","CHLOROPHYLL-B (LC)","ug/L",2.24
"06/18/2014","S65E","CHLOROPHYLL-B (LC)","ug/L",1.32
"07/01/2014","S65E","CHLOROPHYLL-B (LC)","ug/L",0.558
"07/16/2014","S65E","CHLOROPHYLL-B (LC)","ug/L",0.628
"07/30/2014","S65E","CHLOROPHYLL-B (LC)","ug/L",0.86
"08/13/2014","S65E","CHLOROPHYLL-B (LC)","ug/L",0.672
"08/27/2014","S65E","CHLOROPHYLL-B (LC)","ug/L",0.509
"09/10/2014","S65E","CHLOROPHYLL-B (LC)","ug/L",-0.107
"09/24/2014","S65E","CHLOROPHYLL-B (LC)","ug/L",0.293
"10/08/2014","S65E","CHLOROPHYLL-B (LC)","ug/L",0.345
"10/22/2014","S65E","CHLOROPHYLL-B (LC)","ug/L",0.244
"11/05/2014","S65E","CHLOROPHYLL-B (LC)","ug/L",-0.071
"11/19/2014","S65E","CHLOROPHYLL-B (LC)","ug/L",-0.071
"12/03/2014","S65E","CHLOROPHYLL-B (LC)","ug/L",0.676
"12/17/2014","S65E","CHLOROPHYLL-B (LC)","ug/L",0.587
"12/30/2014","S65E","CHLOROPHYLL-B (LC)","ug/L",0.44
"01/14/2015","S65E","CHLOROPHYLL-B (LC)","ug/L",0.181
"01/28/2015","S65E","CHLOROPHYLL-B (LC)","ug/L",0.091
"02/11/2015","S65E","CHLOROPHYLL-B (LC)","ug/L",-0.071
"02/25/2015","S65E","CHLOROPHYLL-B (LC)","ug/L",-0.071
"03/11/2015","S65E","CHLOROPHYLL-B (LC)","ug/L",0.169
"03/25/2015","S65E","CHLOROPHYLL-B (LC)","ug/L",0.272
"04/08/2015","S65E","CHLOROPHYLL-B (LC)","ug/L",0.334
"04/22/2015","S65E","CHLOROPHYLL-B (LC)","ug/L",0.971
"05/06/2015","S65E","CHLOROPHYLL-B (LC)","ug/L",0.956
"05/20/2015","S65E","CHLOROPHYLL-B (LC)","ug/L",0.377
"06/03/2015","S65E","CHLOROPHYLL-B (LC)","ug/L",0.228
"06/17/2015","S65E","CHLOROPHYLL-B (LC)","ug/L",0.45
"07/01/2015","S65E","CHLOROPHYLL-B (LC)","ug/L",0.536
"07/15/2015","S65E","CHLOROPHYLL-B (LC)","ug/L",1.55
"07/29/2015","S65E","CHLOROPHYLL-B (LC)","ug/L",1.32
"08/12/2015","S65E","CHLOROPHYLL-B (LC)","ug/L",3.09333333333333
"08/26/2015","S65E","CHLOROPHYLL-B (LC)","ug/L",2.02
"09/09/2015","S65E","CHLOROPHYLL-B (LC)","ug/L",0.589
"09/23/2015","S65E","CHLOROPHYLL-B (LC)","ug/L",0.405
"10/07/2015","S65E","CHLOROPHYLL-B (LC)","ug/L",0.484
"10/21/2015","S65E","CHLOROPHYLL-B (LC)","ug/L",0.628
"11/04/2015","S65E","CHLOROPHYLL-B (LC)","ug/L",0.596
"11/18/2015","S65E","CHLOROPHYLL-B (LC)","ug/L",0.208
"12/02/2015","S65E","CHLOROPHYLL-B (LC)","ug/L",0.556
"06/15/2020","S65E","CHLOROPHYLL-B (LC)","ug/L",3.16
"06/29/2020","S65E","CHLOROPHYLL-B (LC)","ug/L",4.07
"07/13/2020","S65E","CHLOROPHYLL-B (LC)","ug/L",3.13
"07/27/2020","S65E","CHLOROPHYLL-B (LC)","ug/L",2.56
"08/10/2020","S65E","CHLOROPHYLL-B (LC)","ug/L",0.984
"08/24/2020","S65E","CHLOROPHYLL-B (LC)","ug/L",1
"09/08/2020","S65E","CHLOROPHYLL-B (LC)","ug/L",0.56
"09/21/2020","S65E","CHLOROPHYLL-B (LC)","ug/L",0.344
"10/05/2020","S65E","CHLOROPHYLL-B (LC)","ug/L",0.547
"10/19/2020","S65E","CHLOROPHYLL-B (LC)","ug/L",0.184
"11/02/2020","S65E","CHLOROPHYLL-B (LC)","ug/L",0.507
"11/16/2020","S65E","CHLOROPHYLL-B (LC)","ug/L",0.272
"11/30/2020","S65E","CHLOROPHYLL-B (LC)","ug/L",0.688
"12/14/2020","S65E","CHLOROPHYLL-B (LC)","ug/L",1.27
"12/28/2020","S65E","CHLOROPHYLL-B (LC)","ug/L",0.904
"01/11/2021","S65E","CHLOROPHYLL-B (LC)","ug/L",1.75
"01/25/2021","S65E","CHLOROPHYLL-B (LC)","ug/L",1.49
"02/08/2021","S65E","CHLOROPHYLL-B (LC)","ug/L",1.58
"02/22/2021","S65E","CHLOROPHYLL-B (LC)","ug/L",1.94
"03/08/2021","S65E","CHLOROPHYLL-B (LC)","ug/L",1.98
"03/22/2021","S65E","CHLOROPHYLL-B (LC)","ug/L",1.99
"04/05/2021","S65E","CHLOROPHYLL-B (LC)","ug/L",1.7
"04/19/2021","S65E","CHLOROPHYLL-B (LC)","ug/L",1.44
"05/03/2021","S65E","CHLOROPHYLL-B (LC)","ug/L",1.4
"05/17/2021","S65E","CHLOROPHYLL-B (LC)","ug/L",1.93
"06/01/2021","S65E","CHLOROPHYLL-B (LC)","ug/L",1.46
"06/14/2021","S65E","CHLOROPHYLL-B (LC)","ug/L",2.17
"06/28/2021","S65E","CHLOROPHYLL-B (LC)","ug/L",1.7
"07/12/2021","S65E","CHLOROPHYLL-B (LC)","ug/L",1.24
"07/26/2021","S65E","CHLOROPHYLL-B (LC)","ug/L",1.82
"08/09/2021","S65E","CHLOROPHYLL-B (LC)","ug/L",2.64
"08/23/2021","S65E","CHLOROPHYLL-B (LC)","ug/L",2.42
"09/07/2021","S65E","CHLOROPHYLL-B (LC)","ug/L",2.24
"09/20/2021","S65E","CHLOROPHYLL-B (LC)","ug/L",0.46
"10/04/2021","S65E","CHLOROPHYLL-B (LC)","ug/L",0.611
"10/18/2021","S65E","CHLOROPHYLL-B (LC)","ug/L",0.812
"11/01/2021","S65E","CHLOROPHYLL-B (LC)","ug/L",1.42
"11/15/2021","S65E","CHLOROPHYLL-B (LC)","ug/L",1.73
"11/29/2021","S65E","CHLOROPHYLL-B (LC)","ug/L",1.59
"12/13/2021","S65E","CHLOROPHYLL-B (LC)","ug/L",2.19
"12/27/2021","S65E","CHLOROPHYLL-B (LC)","ug/L",0.956
"01/10/2022","S65E","CHLOROPHYLL-B (LC)","ug/L",0.955
"01/24/2022","S65E","CHLOROPHYLL-B (LC)","ug/L",1.38
"02/07/2022","S65E","CHLOROPHYLL-B (LC)","ug/L",1.98
"02/21/2022","S65E","CHLOROPHYLL-B (LC)","ug/L",1.75
"03/07/2022","S65E","CHLOROPHYLL-B (LC)","ug/L",1.34
"03/21/2022","S65E","CHLOROPHYLL-B (LC)","ug/L",1.43
"04/04/2022","S65E","CHLOROPHYLL-B (LC)","ug/L",1.73
"04/18/2022","S65E","CHLOROPHYLL-B (LC)","ug/L",1.19
"05/02/2022","S65E","CHLOROPHYLL-B (LC)","ug/L",1.46
"05/16/2022","S65E","CHLOROPHYLL-B (LC)","ug/L",1.3
"05/31/2022","S65E","CHLOROPHYLL-B (LC)","ug/L",2.34
"06/13/2022","S65E","CHLOROPHYLL-B (LC)","ug/L",0.962
"06/27/2022","S65E","CHLOROPHYLL-B (LC)","ug/L",2
"07/11/2022","S65E","CHLOROPHYLL-B (LC)","ug/L",1.68
"07/25/2022","S65E","CHLOROPHYLL-B (LC)","ug/L",1.52
"08/08/2022","S65E","CHLOROPHYLL-B (LC)","ug/L",0.204
"08/22/2022","S65E","CHLOROPHYLL-B (LC)","ug/L",0.168
"09/06/2022","S65E","CHLOROPHYLL-B (LC)","ug/L",0.568
"09/19/2022","S65E","CHLOROPHYLL-B (LC)","ug/L",0.283
"10/03/2022","S65E","CHLOROPHYLL-B (LC)","ug/L",1.98
"10/17/2022","S65E","CHLOROPHYLL-B (LC)","ug/L",1.46
"10/31/2022","S65E","CHLOROPHYLL-B (LC)","ug/L",0.694
"11/14/2022","S65E","CHLOROPHYLL-B (LC)","ug/L",0.664
"11/28/2022","S65E","CHLOROPHYLL-B (LC)","ug/L",0.832
"12/12/2022","S65E","CHLOROPHYLL-B (LC)","ug/L",0.554
"12/27/2022","S65E","CHLOROPHYLL-B (LC)","ug/L",0.234
"01/09/2023","S65E","CHLOROPHYLL-B (LC)","ug/L",0.712
"01/23/2023","S65E","CHLOROPHYLL-B (LC)","ug/L",0.34
"02/06/2023","S65E","CHLOROPHYLL-B (LC)","ug/L",0.32
"02/20/2023","S65E","CHLOROPHYLL-B (LC)","ug/L",0.816
"03/06/2023","S65E","CHLOROPHYLL-B (LC)","ug/L",1.78
"03/20/2023","S65E","CHLOROPHYLL-B (LC)","ug/L",0.476
"04/03/2023","S65E","CHLOROPHYLL-B (LC)","ug/L",1.27
"04/17/2023","S65E","CHLOROPHYLL-B (LC)","ug/L",0.723
"05/01/2023","S65E","CHLOROPHYLL-B (LC)","ug/L",2.44
"01/09/1996","S65E","CHLOROPHYLL-C","ug/L",-1
"01/23/1996","S65E","CHLOROPHYLL-C","ug/L",3.2
"02/06/1996","S65E","CHLOROPHYLL-C","ug/L",5.35
"02/20/1996","S65E","CHLOROPHYLL-C","ug/L",-1
"03/05/1996","S65E","CHLOROPHYLL-C","ug/L",-1
"03/19/1996","S65E","CHLOROPHYLL-C","ug/L",-1
"04/02/1996","S65E","CHLOROPHYLL-C","ug/L",-1
"04/16/1996","S65E","CHLOROPHYLL-C","ug/L",-1
"04/30/1996","S65E","CHLOROPHYLL-C","ug/L",-1
"05/14/1996","S65E","CHLOROPHYLL-C","ug/L",-1
"05/28/1996","S65E","CHLOROPHYLL-C","ug/L",-1
"06/11/1996","S65E","CHLOROPHYLL-C","ug/L",-1
"06/25/1996","S65E","CHLOROPHYLL-C","ug/L",-1
"07/09/1996","S65E","CHLOROPHYLL-C","ug/L",-1
"07/23/1996","S65E","CHLOROPHYLL-C","ug/L",-1
"08/06/1996","S65E","CHLOROPHYLL-C","ug/L",-1
"08/20/1996","S65E","CHLOROPHYLL-C","ug/L",-1
"09/03/1996","S65E","CHLOROPHYLL-C","ug/L",-1
"09/17/1996","S65E","CHLOROPHYLL-C","ug/L",-1
"10/01/1996","S65E","CHLOROPHYLL-C","ug/L",-1
"10/15/1996","S65E","CHLOROPHYLL-C","ug/L",-1
"10/29/1996","S65E","CHLOROPHYLL-C","ug/L",-1
"11/12/1996","S65E","CHLOROPHYLL-C","ug/L",-1
"11/26/1996","S65E","CHLOROPHYLL-C","ug/L",-1
"12/10/1996","S65E","CHLOROPHYLL-C","ug/L",-1
"12/26/1996","S65E","CHLOROPHYLL-C","ug/L",-1
"01/07/1997","S65E","CHLOROPHYLL-C","ug/L",-1
"01/21/1997","S65E","CHLOROPHYLL-C","ug/L",-1
"02/05/1997","S65E","CHLOROPHYLL-C","ug/L",-1
"02/18/1997","S65E","CHLOROPHYLL-C","ug/L",-1
"03/04/1997","S65E","CHLOROPHYLL-C","ug/L",-1
"03/18/1997","S65E","CHLOROPHYLL-C","ug/L",-1
"04/01/1997","S65E","CHLOROPHYLL-C","ug/L",-1
"04/15/1997","S65E","CHLOROPHYLL-C","ug/L",1.7
"04/29/1997","S65E","CHLOROPHYLL-C","ug/L",-1
"05/13/1997","S65E","CHLOROPHYLL-C","ug/L",-1
"05/27/1997","S65E","CHLOROPHYLL-C","ug/L",0.25
"06/10/1997","S65E","CHLOROPHYLL-C","ug/L",-1
"06/24/1997","S65E","CHLOROPHYLL-C","ug/L",-1
"07/08/1997","S65E","CHLOROPHYLL-C","ug/L",-1
"07/22/1997","S65E","CHLOROPHYLL-C","ug/L",-1
"08/05/1997","S65E","CHLOROPHYLL-C","ug/L",-1
"08/19/1997","S65E","CHLOROPHYLL-C","ug/L",-1
"09/02/1997","S65E","CHLOROPHYLL-C","ug/L",-1
"09/16/1997","S65E","CHLOROPHYLL-C","ug/L",-1
"09/30/1997","S65E","CHLOROPHYLL-C","ug/L",-1
"10/14/1997","S65E","CHLOROPHYLL-C","ug/L",-1
"10/28/1997","S65E","CHLOROPHYLL-C","ug/L",1.4
"11/12/1997","S65E","CHLOROPHYLL-C","ug/L",-1
"11/25/1997","S65E","CHLOROPHYLL-C","ug/L",-1
"12/09/1997","S65E","CHLOROPHYLL-C","ug/L",-1
"12/23/1997","S65E","CHLOROPHYLL-C","ug/L",-1
"01/20/1998","S65E","CHLOROPHYLL-C","ug/L",1
"02/03/1998","S65E","CHLOROPHYLL-C","ug/L",1.1
"02/17/1998","S65E","CHLOROPHYLL-C","ug/L",-1
"03/03/1998","S65E","CHLOROPHYLL-C","ug/L",-1
"03/17/1998","S65E","CHLOROPHYLL-C","ug/L",2.4
"03/31/1998","S65E","CHLOROPHYLL-C","ug/L",-1
"04/14/1998","S65E","CHLOROPHYLL-C","ug/L",-1
"04/28/1998","S65E","CHLOROPHYLL-C","ug/L",-1
"05/12/1998","S65E","CHLOROPHYLL-C","ug/L",-1
"05/26/1998","S65E","CHLOROPHYLL-C","ug/L",1.3
"06/09/1998","S65E","CHLOROPHYLL-C","ug/L",-1
"06/23/1998","S65E","CHLOROPHYLL-C","ug/L",1.2
"07/07/1998","S65E","CHLOROPHYLL-C","ug/L",-1
"07/21/1998","S65E","CHLOROPHYLL-C","ug/L",-1
"08/04/1998","S65E","CHLOROPHYLL-C","ug/L",1
"08/18/1998","S65E","CHLOROPHYLL-C","ug/L",1.6
"09/01/1998","S65E","CHLOROPHYLL-C","ug/L",-1
"09/29/1998","S65E","CHLOROPHYLL-C","ug/L",2
"10/13/1998","S65E","CHLOROPHYLL-C","ug/L",3.2
"10/27/1998","S65E","CHLOROPHYLL-C","ug/L",1.8
"11/09/1998","S65E","CHLOROPHYLL-C","ug/L",-1
"11/24/1998","S65E","CHLOROPHYLL-C","ug/L",-1
"12/08/1998","S65E","CHLOROPHYLL-C","ug/L",-1
"12/22/1998","S65E","CHLOROPHYLL-C","ug/L",-1
"01/05/1999","S65E","CHLOROPHYLL-C","ug/L",-1
"01/19/1999","S65E","CHLOROPHYLL-C","ug/L",-1
"02/02/1999","S65E","CHLOROPHYLL-C","ug/L",-1
"02/16/1999","S65E","CHLOROPHYLL-C","ug/L",-1
"03/02/1999","S65E","CHLOROPHYLL-C","ug/L",-1
"03/16/1999","S65E","CHLOROPHYLL-C","ug/L",0.433333333333333
"03/30/1999","S65E","CHLOROPHYLL-C","ug/L",-1
"04/13/1999","S65E","CHLOROPHYLL-C","ug/L",-1
"04/27/1999","S65E","CHLOROPHYLL-C","ug/L",-1
"05/11/1999","S65E","CHLOROPHYLL-C","ug/L",1
"05/25/1999","S65E","CHLOROPHYLL-C","ug/L",-1
"06/08/1999","S65E","CHLOROPHYLL-C","ug/L",-1
"06/22/1999","S65E","CHLOROPHYLL-C","ug/L",-1
"07/06/1999","S65E","CHLOROPHYLL-C","ug/L",-1
"07/20/1999","S65E","CHLOROPHYLL-C","ug/L",-1
"08/03/1999","S65E","CHLOROPHYLL-C","ug/L",0
"08/17/1999","S65E","CHLOROPHYLL-C","ug/L",-1
"08/31/1999","S65E","CHLOROPHYLL-C","ug/L",1.3
"09/16/1999","S65E","CHLOROPHYLL-C","ug/L",-1
"09/28/1999","S65E","CHLOROPHYLL-C","ug/L",-1
"10/12/1999","S65E","CHLOROPHYLL-C","ug/L",-1
"10/26/1999","S65E","CHLOROPHYLL-C","ug/L",-1
"11/09/1999","S65E","CHLOROPHYLL-C","ug/L",-1
"11/23/1999","S65E","CHLOROPHYLL-C","ug/L",-1
"12/07/1999","S65E","CHLOROPHYLL-C","ug/L",-1
"12/21/1999","S65E","CHLOROPHYLL-C","ug/L",-1
"01/04/2000","S65E","CHLOROPHYLL-C","ug/L",-1
"01/18/2000","S65E","CHLOROPHYLL-C","ug/L",0.05
"02/01/2000","S65E","CHLOROPHYLL-C","ug/L",-1
"02/15/2000","S65E","CHLOROPHYLL-C","ug/L",1.1
"02/29/2000","S65E","CHLOROPHYLL-C","ug/L",-1
"03/14/2000","S65E","CHLOROPHYLL-C","ug/L",1.5
"03/28/2000","S65E","CHLOROPHYLL-C","ug/L",1.2
"04/11/2000","S65E","CHLOROPHYLL-C","ug/L",-1
"04/24/2000","S65E","CHLOROPHYLL-C","ug/L",-1
"05/09/2000","S65E","CHLOROPHYLL-C","ug/L",-1
"05/23/2000","S65E","CHLOROPHYLL-C","ug/L",-1
"06/06/2000","S65E","CHLOROPHYLL-C","ug/L",2.4
"06/20/2000","S65E","CHLOROPHYLL-C","ug/L",-1
"07/05/2000","S65E","CHLOROPHYLL-C","ug/L",-1
"07/18/2000","S65E","CHLOROPHYLL-C","ug/L",-1
"08/01/2000","S65E","CHLOROPHYLL-C","ug/L",0.666666666666667
"08/15/2000","S65E","CHLOROPHYLL-C","ug/L",-1
"08/29/2000","S65E","CHLOROPHYLL-C","ug/L",3.3
"09/12/2000","S65E","CHLOROPHYLL-C","ug/L",-1
"09/26/2000","S65E","CHLOROPHYLL-C","ug/L",2.7
"10/10/2000","S65E","CHLOROPHYLL-C","ug/L",-1
"10/24/2000","S65E","CHLOROPHYLL-C","ug/L",-1
"11/07/2000","S65E","CHLOROPHYLL-C","ug/L",-1
"11/21/2000","S65E","CHLOROPHYLL-C","ug/L",-1
"12/05/2000","S65E","CHLOROPHYLL-C","ug/L",-1
"01/02/2001","S65E","CHLOROPHYLL-C","ug/L",-1
"01/16/2001","S65E","CHLOROPHYLL-C","ug/L",-1
"02/13/2001","S65E","CHLOROPHYLL-C","ug/L",-1
"02/27/2001","S65E","CHLOROPHYLL-C","ug/L",-1
"03/13/2001","S65E","CHLOROPHYLL-C","ug/L",-1
"03/27/2001","S65E","CHLOROPHYLL-C","ug/L",-1
"04/10/2001","S65E","CHLOROPHYLL-C","ug/L",-1
"04/24/2001","S65E","CHLOROPHYLL-C","ug/L",-1
"05/08/2001","S65E","CHLOROPHYLL-C","ug/L",-1
"05/22/2001","S65E","CHLOROPHYLL-C","ug/L",2.3
"06/05/2001","S65E","CHLOROPHYLL-C","ug/L",-1
"06/19/2001","S65E","CHLOROPHYLL-C","ug/L",-1
"07/03/2001","S65E","CHLOROPHYLL-C","ug/L",-1
"07/17/2001","S65E","CHLOROPHYLL-C","ug/L",-1
"07/31/2001","S65E","CHLOROPHYLL-C","ug/L",1.5
"08/14/2001","S65E","CHLOROPHYLL-C","ug/L",-1
"08/28/2001","S65E","CHLOROPHYLL-C","ug/L",-1
"09/11/2001","S65E","CHLOROPHYLL-C","ug/L",1.86666666666667
"09/25/2001","S65E","CHLOROPHYLL-C","ug/L",-1
"10/09/2001","S65E","CHLOROPHYLL-C","ug/L",-1
"11/06/2001","S65E","CHLOROPHYLL-C","ug/L",-1
"11/20/2001","S65E","CHLOROPHYLL-C","ug/L",-1
"12/04/2001","S65E","CHLOROPHYLL-C","ug/L",-1
"12/18/2001","S65E","CHLOROPHYLL-C","ug/L",-1
"01/15/2002","S65E","CHLOROPHYLL-C","ug/L",-1
"01/29/2002","S65E","CHLOROPHYLL-C","ug/L",0
"02/12/2002","S65E","CHLOROPHYLL-C","ug/L",-1
"02/26/2002","S65E","CHLOROPHYLL-C","ug/L",-1
"03/12/2002","S65E","CHLOROPHYLL-C","ug/L",-1
"03/26/2002","S65E","CHLOROPHYLL-C","ug/L",-1
"04/09/2002","S65E","CHLOROPHYLL-C","ug/L",-1
"04/23/2002","S65E","CHLOROPHYLL-C","ug/L",-1
"05/07/2002","S65E","CHLOROPHYLL-C","ug/L",-1
"05/21/2002","S65E","CHLOROPHYLL-C","ug/L",-1
"06/04/2002","S65E","CHLOROPHYLL-C","ug/L",-1
"06/18/2002","S65E","CHLOROPHYLL-C","ug/L",-1
"07/02/2002","S65E","CHLOROPHYLL-C","ug/L",-1
"07/16/2002","S65E","CHLOROPHYLL-C","ug/L",-1
"07/30/2002","S65E","CHLOROPHYLL-C","ug/L",-1
"08/13/2002","S65E","CHLOROPHYLL-C","ug/L",-1
"08/27/2002","S65E","CHLOROPHYLL-C","ug/L",-1
"09/10/2002","S65E","CHLOROPHYLL-C","ug/L",-1
"09/24/2002","S65E","CHLOROPHYLL-C","ug/L",-1
"10/08/2002","S65E","CHLOROPHYLL-C","ug/L",-1
"10/22/2002","S65E","CHLOROPHYLL-C","ug/L",-1
"11/05/2002","S65E","CHLOROPHYLL-C","ug/L",-1
"11/19/2002","S65E","CHLOROPHYLL-C","ug/L",-1
"12/03/2002","S65E","CHLOROPHYLL-C","ug/L",-1
"12/17/2002","S65E","CHLOROPHYLL-C","ug/L",-1
"12/31/2002","S65E","CHLOROPHYLL-C","ug/L",-1
"01/14/2003","S65E","CHLOROPHYLL-C","ug/L",-1
"01/28/2003","S65E","CHLOROPHYLL-C","ug/L",-1
"02/11/2003","S65E","CHLOROPHYLL-C","ug/L",-1
"02/25/2003","S65E","CHLOROPHYLL-C","ug/L",-1
"03/11/2003","S65E","CHLOROPHYLL-C","ug/L",-1
"03/25/2003","S65E","CHLOROPHYLL-C","ug/L",1.4
"04/08/2003","S65E","CHLOROPHYLL-C","ug/L",1.7
"04/22/2003","S65E","CHLOROPHYLL-C","ug/L",-1
"05/06/2003","S65E","CHLOROPHYLL-C","ug/L",-1
"06/03/2003","S65E","CHLOROPHYLL-C","ug/L",-1
"06/17/2003","S65E","CHLOROPHYLL-C","ug/L",-1
"07/01/2003","S65E","CHLOROPHYLL-C","ug/L",-1
"07/15/2003","S65E","CHLOROPHYLL-C","ug/L",1.3
"07/29/2003","S65E","CHLOROPHYLL-C","ug/L",-1
"08/12/2003","S65E","CHLOROPHYLL-C","ug/L",-1
"08/26/2003","S65E","CHLOROPHYLL-C","ug/L",-1
"09/09/2003","S65E","CHLOROPHYLL-C","ug/L",-1
"09/23/2003","S65E","CHLOROPHYLL-C","ug/L",-1
"10/07/2003","S65E","CHLOROPHYLL-C","ug/L",-1
"10/21/2003","S65E","CHLOROPHYLL-C","ug/L",-1
"11/04/2003","S65E","CHLOROPHYLL-C","ug/L",2
"11/18/2003","S65E","CHLOROPHYLL-C","ug/L",-1
"12/02/2003","S65E","CHLOROPHYLL-C","ug/L",-1
"12/16/2003","S65E","CHLOROPHYLL-C","ug/L",-1
"12/30/2003","S65E","CHLOROPHYLL-C","ug/L",-1
"01/13/2004","S65E","CHLOROPHYLL-C","ug/L",-1
"01/27/2004","S65E","CHLOROPHYLL-C","ug/L",-1
"02/10/2004","S65E","CHLOROPHYLL-C","ug/L",-1
"02/24/2004","S65E","CHLOROPHYLL-C","ug/L",-1
"03/09/2004","S65E","CHLOROPHYLL-C","ug/L",3
"03/23/2004","S65E","CHLOROPHYLL-C","ug/L",-1
"04/06/2004","S65E","CHLOROPHYLL-C","ug/L",-1
"04/20/2004","S65E","CHLOROPHYLL-C","ug/L",-1
"05/04/2004","S65E","CHLOROPHYLL-C","ug/L",-1
"05/18/2004","S65E","CHLOROPHYLL-C","ug/L",-1
"06/08/2004","S65E","CHLOROPHYLL-C","ug/L",-1
"06/22/2004","S65E","CHLOROPHYLL-C","ug/L",2
"07/06/2004","S65E","CHLOROPHYLL-C","ug/L",-1
"07/20/2004","S65E","CHLOROPHYLL-C","ug/L",-1
"08/03/2004","S65E","CHLOROPHYLL-C","ug/L",-1
"08/17/2004","S65E","CHLOROPHYLL-C","ug/L",2
"08/31/2004","S65E","CHLOROPHYLL-C","ug/L",-1
"09/14/2004","S65E","CHLOROPHYLL-C","ug/L",3
"09/29/2004","S65E","CHLOROPHYLL-C","ug/L",5
"10/12/2004","S65E","CHLOROPHYLL-C","ug/L",-1
"10/26/2004","S65E","CHLOROPHYLL-C","ug/L",-1
"11/09/2004","S65E","CHLOROPHYLL-C","ug/L",-1
"11/22/2004","S65E","CHLOROPHYLL-C","ug/L",-1
"12/07/2004","S65E","CHLOROPHYLL-C","ug/L",-1
"12/21/2004","S65E","CHLOROPHYLL-C","ug/L",-1
"01/04/2005","S65E","CHLOROPHYLL-C","ug/L",-1
"01/18/2005","S65E","CHLOROPHYLL-C","ug/L",-1
"02/01/2005","S65E","CHLOROPHYLL-C","ug/L",-1
"02/15/2005","S65E","CHLOROPHYLL-C","ug/L",-1
"03/01/2005","S65E","CHLOROPHYLL-C","ug/L",-1
"03/15/2005","S65E","CHLOROPHYLL-C","ug/L",-1
"03/29/2005","S65E","CHLOROPHYLL-C","ug/L",-1
"04/12/2005","S65E","CHLOROPHYLL-C","ug/L",-1
"04/26/2005","S65E","CHLOROPHYLL-C","ug/L",-1
"05/10/2005","S65E","CHLOROPHYLL-C","ug/L",3
"05/24/2005","S65E","CHLOROPHYLL-C","ug/L",-1
"06/07/2005","S65E","CHLOROPHYLL-C","ug/L",-1
"06/21/2005","S65E","CHLOROPHYLL-C","ug/L",-1
"07/05/2005","S65E","CHLOROPHYLL-C","ug/L",-1
"07/19/2005","S65E","CHLOROPHYLL-C","ug/L",-1
"08/02/2005","S65E","CHLOROPHYLL-C","ug/L",-1
"08/16/2005","S65E","CHLOROPHYLL-C","ug/L",-1
"08/30/2005","S65E","CHLOROPHYLL-C","ug/L",-1
"09/12/2005","S65E","CHLOROPHYLL-C","ug/L",-1
"09/26/2005","S65E","CHLOROPHYLL-C","ug/L",1
"10/11/2005","S65E","CHLOROPHYLL-C","ug/L",-1
"11/08/2005","S65E","CHLOROPHYLL-C","ug/L",-1
"11/16/2005","S65E","CHLOROPHYLL-C","ug/L",-1
"12/06/2005","S65E","CHLOROPHYLL-C","ug/L",-1
"12/20/2005","S65E","CHLOROPHYLL-C","ug/L",-1
"01/03/2006","S65E","CHLOROPHYLL-C","ug/L",-1
"01/17/2006","S65E","CHLOROPHYLL-C","ug/L",-1
"01/30/2006","S65E","CHLOROPHYLL-C","ug/L",-1
"02/13/2006","S65E","CHLOROPHYLL-C","ug/L",-1
"02/28/2006","S65E","CHLOROPHYLL-C","ug/L",-1
"03/13/2006","S65E","CHLOROPHYLL-C","ug/L",0.5
"03/28/2006","S65E","CHLOROPHYLL-C","ug/L",1
"04/11/2006","S65E","CHLOROPHYLL-C","ug/L",0
"04/24/2006","S65E","CHLOROPHYLL-C","ug/L",4
"05/08/2006","S65E","CHLOROPHYLL-C","ug/L",-1
"05/23/2006","S65E","CHLOROPHYLL-C","ug/L",-1
"06/06/2006","S65E","CHLOROPHYLL-C","ug/L",-1
"06/19/2006","S65E","CHLOROPHYLL-C","ug/L",-1
"07/18/2006","S65E","CHLOROPHYLL-C","ug/L",2
"07/31/2006","S65E","CHLOROPHYLL-C","ug/L",-1
"08/14/2006","S65E","CHLOROPHYLL-C","ug/L",3
"08/31/2006","S65E","CHLOROPHYLL-C","ug/L",-1
"09/11/2006","S65E","CHLOROPHYLL-C","ug/L",-1
"09/25/2006","S65E","CHLOROPHYLL-C","ug/L",-1
"10/10/2006","S65E","CHLOROPHYLL-C","ug/L",-1
"10/24/2006","S65E","CHLOROPHYLL-C","ug/L",-1
"11/07/2006","S65E","CHLOROPHYLL-C","ug/L",-1
"11/21/2006","S65E","CHLOROPHYLL-C","ug/L",1
"12/05/2006","S65E","CHLOROPHYLL-C","ug/L",-1
"12/19/2006","S65E","CHLOROPHYLL-C","ug/L",1.25
"01/02/2007","S65E","CHLOROPHYLL-C","ug/L",0.5
"01/16/2007","S65E","CHLOROPHYLL-C","ug/L",-1
"01/30/2007","S65E","CHLOROPHYLL-C","ug/L",0.5
"02/13/2007","S65E","CHLOROPHYLL-C","ug/L",2
"02/27/2007","S65E","CHLOROPHYLL-C","ug/L",-1
"03/13/2007","S65E","CHLOROPHYLL-C","ug/L",0.75
"03/27/2007","S65E","CHLOROPHYLL-C","ug/L",4
"04/10/2007","S65E","CHLOROPHYLL-C","ug/L",2
"04/24/2007","S65E","CHLOROPHYLL-C","ug/L",3
"05/08/2007","S65E","CHLOROPHYLL-C","ug/L",0
"05/22/2007","S65E","CHLOROPHYLL-C","ug/L",-1
"06/05/2007","S65E","CHLOROPHYLL-C","ug/L",-0.4
"06/19/2007","S65E","CHLOROPHYLL-C","ug/L",-1
"07/02/2007","S65E","CHLOROPHYLL-C","ug/L",-1
"08/06/2007","S65E","CHLOROPHYLL-C","ug/L",-1
"08/21/2007","S65E","CHLOROPHYLL-C","ug/L",3
"09/04/2007","S65E","CHLOROPHYLL-C","ug/L",1
"09/17/2007","S65E","CHLOROPHYLL-C","ug/L",1
"10/01/2007","S65E","CHLOROPHYLL-C","ug/L",1
"10/15/2007","S65E","CHLOROPHYLL-C","ug/L",-1
"10/29/2007","S65E","CHLOROPHYLL-C","ug/L",-1
"11/05/2007","S65E","CHLOROPHYLL-C","ug/L",5
"11/20/2007","S65E","CHLOROPHYLL-C","ug/L",-1
"12/03/2007","S65E","CHLOROPHYLL-C","ug/L",-1
"12/18/2007","S65E","CHLOROPHYLL-C","ug/L",-1
"01/17/2008","S65E","CHLOROPHYLL-C","ug/L",2
"01/29/2008","S65E","CHLOROPHYLL-C","ug/L",0.5
"02/04/2008","S65E","CHLOROPHYLL-C","ug/L",2
"02/19/2008","S65E","CHLOROPHYLL-C","ug/L",1
"03/03/2008","S65E","CHLOROPHYLL-C","ug/L",-0.6
"03/17/2008","S65E","CHLOROPHYLL-C","ug/L",1
"04/07/2008","S65E","CHLOROPHYLL-C","ug/L",4
"04/21/2008","S65E","CHLOROPHYLL-C","ug/L",-1
"05/06/2008","S65E","CHLOROPHYLL-C","ug/L",-1
"05/19/2008","S65E","CHLOROPHYLL-C","ug/L",1
"06/03/2008","S65E","CHLOROPHYLL-C","ug/L",0.2
"06/17/2008","S65E","CHLOROPHYLL-C","ug/L",-1
"07/01/2008","S65E","CHLOROPHYLL-C","ug/L",0.5
"07/16/2008","S65E","CHLOROPHYLL-C","ug/L",-1
"08/06/2008","S65E","CHLOROPHYLL-C","ug/L",6
"08/26/2008","S65E","CHLOROPHYLL-C","ug/L",-1
"09/08/2008","S65E","CHLOROPHYLL-C","ug/L",0
"09/22/2008","S65E","CHLOROPHYLL-C","ug/L",1
"10/06/2008","S65E","CHLOROPHYLL-C","ug/L",-1
"10/20/2008","S65E","CHLOROPHYLL-C","ug/L",0
"11/13/2008","S65E","CHLOROPHYLL-C","ug/L",-1
"11/24/2008","S65E","CHLOROPHYLL-C","ug/L",2
"12/10/2008","S65E","CHLOROPHYLL-C","ug/L",0
"12/23/2008","S65E","CHLOROPHYLL-C","ug/L",0
"01/14/2009","S65E","CHLOROPHYLL-C","ug/L",0
"01/27/2009","S65E","CHLOROPHYLL-C","ug/L",-1
"02/02/2009","S65E","CHLOROPHYLL-C","ug/L",2
"02/17/2009","S65E","CHLOROPHYLL-C","ug/L",2
"03/03/2009","S65E","CHLOROPHYLL-C","ug/L",-0.6
"03/17/2009","S65E","CHLOROPHYLL-C","ug/L",1
"03/31/2009","S65E","CHLOROPHYLL-C","ug/L",-1
"04/14/2009","S65E","CHLOROPHYLL-C","ug/L",-1
"04/29/2009","S65E","CHLOROPHYLL-C","ug/L",-1
"05/13/2009","S65E","CHLOROPHYLL-C","ug/L",-1
"05/27/2009","S65E","CHLOROPHYLL-C","ug/L",2
"06/02/2009","S65E","CHLOROPHYLL-C","ug/L",-1
"06/16/2009","S65E","CHLOROPHYLL-C","ug/L",-1
"07/07/2009","S65E","CHLOROPHYLL-C","ug/L",-1
"07/20/2009","S65E","CHLOROPHYLL-C","ug/L",-1
"08/04/2009","S65E","CHLOROPHYLL-C","ug/L",0
"08/18/2009","S65E","CHLOROPHYLL-C","ug/L",-1
"09/08/2009","S65E","CHLOROPHYLL-C","ug/L",-1
"09/22/2009","S65E","CHLOROPHYLL-C","ug/L",-1
"10/07/2009","S65E","CHLOROPHYLL-C","ug/L",-1
"10/21/2009","S65E","CHLOROPHYLL-C","ug/L",-1
"11/09/2009","S65E","CHLOROPHYLL-C","ug/L",-1
"11/30/2009","S65E","CHLOROPHYLL-C","ug/L",-1
"12/16/2009","S65E","CHLOROPHYLL-C","ug/L",-1
"12/28/2009","S65E","CHLOROPHYLL-C","ug/L",-1
"01/11/2010","S65E","CHLOROPHYLL-C","ug/L",-1
"01/25/2010","S65E","CHLOROPHYLL-C","ug/L",-1
"02/08/2010","S65E","CHLOROPHYLL-C","ug/L",-1
"02/17/2010","S65E","CHLOROPHYLL-C","ug/L",-1
"03/15/2010","S65E","CHLOROPHYLL-C","ug/L",-1
"03/29/2010","S65E","CHLOROPHYLL-C","ug/L",-1
"04/12/2010","S65E","CHLOROPHYLL-C","ug/L",-1
"04/26/2010","S65E","CHLOROPHYLL-C","ug/L",-1
"05/10/2010","S65E","CHLOROPHYLL-C","ug/L",-1
"05/24/2010","S65E","CHLOROPHYLL-C","ug/L",-1
"06/07/2010","S65E","CHLOROPHYLL-C","ug/L",-1
"06/21/2010","S65E","CHLOROPHYLL-C","ug/L",-1
"07/08/2010","S65E","CHLOROPHYLL-C","ug/L",-1
"07/19/2010","S65E","CHLOROPHYLL-C","ug/L",-1
"08/02/2010","S65E","CHLOROPHYLL-C","ug/L",-1
"08/16/2010","S65E","CHLOROPHYLL-C","ug/L",-1
"09/14/2010","S65E","CHLOROPHYLL-C","ug/L",-1
"09/27/2010","S65E","CHLOROPHYLL-C","ug/L",-1
"10/11/2010","S65E","CHLOROPHYLL-C","ug/L",-1
"10/26/2010","S65E","CHLOROPHYLL-C","ug/L",-1
"11/09/2010","S65E","CHLOROPHYLL-C","ug/L",-1
"11/29/2010","S65E","CHLOROPHYLL-C","ug/L",-1
"12/09/2010","S65E","CHLOROPHYLL-C","ug/L",-1
"12/22/2010","S65E","CHLOROPHYLL-C","ug/L",2
"01/10/2011","S65E","CHLOROPHYLL-C","ug/L",-1
"01/24/2011","S65E","CHLOROPHYLL-C","ug/L",-1
"02/07/2011","S65E","CHLOROPHYLL-C","ug/L",-1
"02/23/2011","S65E","CHLOROPHYLL-C","ug/L",1
"03/09/2011","S65E","CHLOROPHYLL-C","ug/L",-1
"03/23/2011","S65E","CHLOROPHYLL-C","ug/L",-1
"04/13/2011","S65E","CHLOROPHYLL-C","ug/L",1
"04/27/2011","S65E","CHLOROPHYLL-C","ug/L",-1
"06/13/1973","S65E","CHROMIUM, DISSOLVED","ug/L",4.33333333333333
"07/16/1973","S65E","CHROMIUM, DISSOLVED","ug/L",3.5
"08/29/1973","S65E","CHROMIUM, DISSOLVED","ug/L",3
"07/25/1978","S65E","CHROMIUM, DISSOLVED","ug/L",-1
"02/20/1979","S65E","CHROMIUM, DISSOLVED","ug/L",-1
"07/17/1979","S65E","CHROMIUM, DISSOLVED","ug/L",-1
"02/19/1980","S65E","CHROMIUM, DISSOLVED","ug/L",-1
"02/11/1981","S65E","CHROMIUM, DISSOLVED","ug/L",0.913
"07/28/1981","S65E","CHROMIUM, DISSOLVED","ug/L",0.318
"08/31/1981","S65E","CHROMIUM, DISSOLVED","ug/L",0.464
"02/16/1982","S65E","CHROMIUM, DISSOLVED","ug/L",0.83
"07/25/1978","S65E","COBALT, DISSOLVED","ug/L",-9
"12/06/1976","S65E","COLOR","PCU",114
"07/25/1977","S65E","COLOR","PCU",46
"09/20/1977","S65E","COLOR","PCU",100
"12/01/1977","S65E","COLOR","PCU",135
"01/24/1978","S65E","COLOR","PCU",132.5
"03/21/1978","S65E","COLOR","PCU",117.5
"05/30/1978","S65E","COLOR","PCU",78.5
"06/21/1978","S65E","COLOR","PCU",85
"07/25/1978","S65E","COLOR","PCU",197
"08/22/1978","S65E","COLOR","PCU",131
"09/18/1978","S65E","COLOR","PCU",77
"10/09/1978","S65E","COLOR","PCU",114
"10/17/1978","S65E","COLOR","PCU",102.5
"10/23/1978","S65E","COLOR","PCU",92
"11/14/1978","S65E","COLOR","PCU",70.5
"11/20/1978","S65E","COLOR","PCU",110
"12/04/1978","S65E","COLOR","PCU",110
"12/12/1978","S65E","COLOR","PCU",110
"12/19/1978","S65E","COLOR","PCU",110
"01/08/1979","S65E","COLOR","PCU",85
"01/22/1979","S65E","COLOR","PCU",100
"01/23/1979","S65E","COLOR","PCU",90
"02/05/1979","S65E","COLOR","PCU",80
"02/20/1979","S65E","COLOR","PCU",50
"03/05/1979","S65E","COLOR","PCU",57.5
"03/19/1979","S65E","COLOR","PCU",69
"04/02/1979","S65E","COLOR","PCU",65
"04/16/1979","S65E","COLOR","PCU",65
"04/24/1979","S65E","COLOR","PCU",63.5
"04/30/1979","S65E","COLOR","PCU",68.3333333333333
"05/14/1979","S65E","COLOR","PCU",90
"05/22/1979","S65E","COLOR","PCU",94
"05/29/1979","S65E","COLOR","PCU",90
"06/11/1979","S65E","COLOR","PCU",130
"06/18/1979","S65E","COLOR","PCU",85
"06/25/1979","S65E","COLOR","PCU",120
"07/09/1979","S65E","COLOR","PCU",115
"07/17/1979","S65E","COLOR","PCU",100
"07/23/1979","S65E","COLOR","PCU",135
"08/06/1979","S65E","COLOR","PCU",100
"08/20/1979","S65E","COLOR","PCU",135
"08/21/1979","S65E","COLOR","PCU",127.5
"09/05/1979","S65E","COLOR","PCU",170
"09/18/1979","S65E","COLOR","PCU",225
"10/02/1979","S65E","COLOR","PCU",160
"10/15/1979","S65E","COLOR","PCU",130
"10/29/1979","S65E","COLOR","PCU",70
"11/13/1979","S65E","COLOR","PCU",100
"12/11/1979","S65E","COLOR","PCU",100
"01/08/1980","S65E","COLOR","PCU",200
"01/22/1980","S65E","COLOR","PCU",100
"02/19/1980","S65E","COLOR","PCU",100
"03/04/1980","S65E","COLOR","PCU",100
"03/18/1980","S65E","COLOR","PCU",110
"04/02/1980","S65E","COLOR","PCU",100
"04/16/1980","S65E","COLOR","PCU",140
"04/30/1980","S65E","COLOR","PCU",110
"05/12/1980","S65E","COLOR","PCU",90
"05/13/1980","S65E","COLOR","PCU",80
"05/28/1980","S65E","COLOR","PCU",100
"06/09/1980","S65E","COLOR","PCU",62.5
"06/25/1980","S65E","COLOR","PCU",60
"07/07/1980","S65E","COLOR","PCU",45
"07/08/1980","S65E","COLOR","PCU",47
"07/24/1980","S65E","COLOR","PCU",40
"08/04/1980","S65E","COLOR","PCU",107.5
"08/20/1980","S65E","COLOR","PCU",80
"09/02/1980","S65E","COLOR","PCU",105
"09/03/1980","S65E","COLOR","PCU",95
"09/17/1980","S65E","COLOR","PCU",155
"09/30/1980","S65E","COLOR","PCU",160
"10/01/1980","S65E","COLOR","PCU",170
"10/14/1980","S65E","COLOR","PCU",170
"10/28/1980","S65E","COLOR","PCU",181.666666666667
"10/29/1980","S65E","COLOR","PCU",200
"11/12/1980","S65E","COLOR","PCU",170
"11/25/1980","S65E","COLOR","PCU",159
"12/02/1980","S65E","COLOR","PCU",157
"12/23/1980","S65E","COLOR","PCU",172
"12/31/1980","S65E","COLOR","PCU",170
"01/14/1981","S65E","COLOR","PCU",145
"01/20/1981","S65E","COLOR","PCU",120
"01/27/1981","S65E","COLOR","PCU",128
"02/11/1981","S65E","COLOR","PCU",150
"02/17/1981","S65E","COLOR","PCU",106
"02/24/1981","S65E","COLOR","PCU",117
"03/11/1981","S65E","COLOR","PCU",110
"03/16/1981","S65E","COLOR","PCU",100
"03/24/1981","S65E","COLOR","PCU",89
"04/08/1981","S65E","COLOR","PCU",90
"04/13/1981","S65E","COLOR","PCU",103.666666666667
"04/21/1981","S65E","COLOR","PCU",90
"05/06/1981","S65E","COLOR","PCU",95
"05/11/1981","S65E","COLOR","PCU",77
"05/19/1981","S65E","COLOR","PCU",73
"06/02/1981","S65E","COLOR","PCU",80
"06/08/1981","S65E","COLOR","PCU",72
"06/17/1981","S65E","COLOR","PCU",73
"06/30/1981","S65E","COLOR","PCU",68
"07/06/1981","S65E","COLOR","PCU",60
"07/16/1981","S65E","COLOR","PCU",65
"07/28/1981","S65E","COLOR","PCU",53
"08/03/1981","S65E","COLOR","PCU",56
"08/12/1981","S65E","COLOR","PCU",49
"08/25/1981","S65E","COLOR","PCU",50.6666666666667
"08/31/1981","S65E","COLOR","PCU",78
"09/10/1981","S65E","COLOR","PCU",70
"09/23/1981","S65E","COLOR","PCU",343
"09/28/1981","S65E","COLOR","PCU",346
"10/06/1981","S65E","COLOR","PCU",350
"10/20/1981","S65E","COLOR","PCU",346.333333333333
"10/26/1981","S65E","COLOR","PCU",320
"11/04/1981","S65E","COLOR","PCU",360
"11/23/1981","S65E","COLOR","PCU",458.333333333333
"12/02/1981","S65E","COLOR","PCU",300
"12/21/1981","S65E","COLOR","PCU",281
"12/29/1981","S65E","COLOR","PCU",281
"01/18/1982","S65E","COLOR","PCU",260
"02/16/1982","S65E","COLOR","PCU",247
"02/24/1982","S65E","COLOR","PCU",227
"03/09/1982","S65E","COLOR","PCU",230
"03/15/1982","S65E","COLOR","PCU",217
"04/05/1982","S65E","COLOR","PCU",219
"04/12/1982","S65E","COLOR","PCU",229
"04/19/1982","S65E","COLOR","PCU",206
"05/04/1982","S65E","COLOR","PCU",176
"05/10/1982","S65E","COLOR","PCU",66.3333333333333
"06/01/1982","S65E","COLOR","PCU",66
"06/07/1982","S65E","COLOR","PCU",193
"06/14/1982","S65E","COLOR","PCU",204
"07/01/1982","S65E","COLOR","PCU",163
"07/07/1982","S65E","COLOR","PCU",101
"07/12/1982","S65E","COLOR","PCU",162
"07/27/1982","S65E","COLOR","PCU",132
"08/02/1982","S65E","COLOR","PCU",123
"08/09/1982","S65E","COLOR","PCU",112
"08/25/1982","S65E","COLOR","PCU",154
"09/01/1982","S65E","COLOR","PCU",123
"09/09/1982","S65E","COLOR","PCU",113
"09/21/1982","S65E","COLOR","PCU",147
"10/05/1982","S65E","COLOR","PCU",112
"10/20/1982","S65E","COLOR","PCU",119
"10/26/1982","S65E","COLOR","PCU",87.6666666666667
"11/01/1982","S65E","COLOR","PCU",131
"11/22/1982","S65E","COLOR","PCU",129
"12/06/1982","S65E","COLOR","PCU",115
"12/20/1982","S65E","COLOR","PCU",94
"12/22/1982","S65E","COLOR","PCU",98
"01/04/1983","S65E","COLOR","PCU",136
"01/18/1983","S65E","COLOR","PCU",111
"01/19/1983","S65E","COLOR","PCU",105
"02/01/1983","S65E","COLOR","PCU",100
"02/15/1983","S65E","COLOR","PCU",127
"02/17/1983","S65E","COLOR","PCU",198
"03/02/1983","S65E","COLOR","PCU",152
"03/15/1983","S65E","COLOR","PCU",118
"03/17/1983","S65E","COLOR","PCU",126
"03/29/1983","S65E","COLOR","PCU",134
"04/14/1983","S65E","COLOR","PCU",154
"04/15/1983","S65E","COLOR","PCU",188
"04/26/1983","S65E","COLOR","PCU",124
"05/11/1983","S65E","COLOR","PCU",54
"06/07/1983","S65E","COLOR","PCU",119
"06/09/1983","S65E","COLOR","PCU",99
"06/21/1983","S65E","COLOR","PCU",101
"07/06/1983","S65E","COLOR","PCU",91
"07/07/1983","S65E","COLOR","PCU",91
"07/19/1983","S65E","COLOR","PCU",84
"08/02/1983","S65E","COLOR","PCU",67
"08/03/1983","S65E","COLOR","PCU",84
"08/16/1983","S65E","COLOR","PCU",77
"08/30/1983","S65E","COLOR","PCU",69
"09/01/1983","S65E","COLOR","PCU",60
"09/12/1983","S65E","COLOR","PCU",71
"09/27/1983","S65E","COLOR","PCU",81
"09/28/1983","S65E","COLOR","PCU",89.3333333333333
"10/10/1983","S65E","COLOR","PCU",83
"10/25/1983","S65E","COLOR","PCU",68
"10/28/1983","S65E","COLOR","PCU",67
"11/08/1983","S65E","COLOR","PCU",56
"11/16/1983","S65E","COLOR","PCU",90
"11/21/1983","S65E","COLOR","PCU",91
"12/20/1983","S65E","COLOR","PCU",86
"12/29/1983","S65E","COLOR","PCU",64
"01/04/1984","S65E","COLOR","PCU",68
"01/17/1984","S65E","COLOR","PCU",78
"01/25/1984","S65E","COLOR","PCU",62
"01/31/1984","S65E","COLOR","PCU",60
"02/14/1984","S65E","COLOR","PCU",76
"02/23/1984","S65E","COLOR","PCU",85
"03/13/1984","S65E","COLOR","PCU",106
"03/21/1984","S65E","COLOR","PCU",114.333333333333
"03/27/1984","S65E","COLOR","PCU",127
"04/09/1984","S65E","COLOR","PCU",108
"04/18/1984","S65E","COLOR","PCU",79
"04/25/1984","S65E","COLOR","PCU",88
"05/31/1984","S65E","COLOR","PCU",70
"06/04/1984","S65E","COLOR","PCU",102
"06/19/1984","S65E","COLOR","PCU",124
"06/27/1984","S65E","COLOR","PCU",148
"07/31/1984","S65E","COLOR","PCU",211
"08/13/1984","S65E","COLOR","PCU",76
"08/22/1984","S65E","COLOR","PCU",84
"08/27/1984","S65E","COLOR","PCU",78
"09/10/1984","S65E","COLOR","PCU",74
"09/21/1984","S65E","COLOR","PCU",85
"09/25/1984","S65E","COLOR","PCU",80
"10/09/1984","S65E","COLOR","PCU",105
"10/23/1984","S65E","COLOR","PCU",64
"10/30/1984","S65E","COLOR","PCU",83.6666666666667
"11/06/1984","S65E","COLOR","PCU",81
"11/14/1984","S65E","COLOR","PCU",61
"12/04/1984","S65E","COLOR","PCU",78
"12/18/1984","S65E","COLOR","PCU",43
"12/27/1984","S65E","COLOR","PCU",50
"01/15/1985","S65E","COLOR","PCU",63
"01/24/1985","S65E","COLOR","PCU",48
"02/20/1985","S65E","COLOR","PCU",52
"02/26/1985","S65E","COLOR","PCU",55
"03/20/1985","S65E","COLOR","PCU",60
"03/26/1985","S65E","COLOR","PCU",55
"04/17/1985","S65E","COLOR","PCU",56.6666666666667
"04/23/1985","S65E","COLOR","PCU",57
"05/06/1985","S65E","COLOR","PCU",56
"05/16/1985","S65E","COLOR","PCU",26
"05/20/1985","S65E","COLOR","PCU",39
"06/19/1985","S65E","COLOR","PCU",43
"06/26/1985","S65E","COLOR","PCU",36
"07/02/1985","S65E","COLOR","PCU",35
"07/23/1985","S65E","COLOR","PCU",113
"07/30/1985","S65E","COLOR","PCU",120
"08/21/1985","S65E","COLOR","PCU",104
"08/27/1985","S65E","COLOR","PCU",123
"09/09/1985","S65E","COLOR","PCU",148
"09/19/1985","S65E","COLOR","PCU",121
"09/24/1985","S65E","COLOR","PCU",183
"10/08/1985","S65E","COLOR","PCU",171
"10/17/1985","S65E","COLOR","PCU",116.666666666667
"10/22/1985","S65E","COLOR","PCU",124
"11/05/1985","S65E","COLOR","PCU",120
"11/14/1985","S65E","COLOR","PCU",102
"12/03/1985","S65E","COLOR","PCU",99
"12/12/1985","S65E","COLOR","PCU",96
"01/14/1986","S65E","COLOR","PCU",126
"01/16/1986","S65E","COLOR","PCU",80
"01/28/1986","S65E","COLOR","PCU",43
"02/12/1986","S65E","COLOR","PCU",44
"02/18/1986","S65E","COLOR","PCU",49
"02/25/1986","S65E","COLOR","PCU",58
"03/18/1986","S65E","COLOR","PCU",50
"03/25/1986","S65E","COLOR","PCU",65
"04/08/1986","S65E","COLOR","PCU",65
"04/15/1986","S65E","COLOR","PCU",68
"04/22/1986","S65E","COLOR","PCU",68
"05/06/1986","S65E","COLOR","PCU",66
"05/14/1986","S65E","COLOR","PCU",64
"05/20/1986","S65E","COLOR","PCU",61
"06/04/1986","S65E","COLOR","PCU",56
"06/19/1986","S65E","COLOR","PCU",49
"07/01/1986","S65E","COLOR","PCU",182
"07/15/1986","S65E","COLOR","PCU",295
"07/17/1986","S65E","COLOR","PCU",290
"07/29/1986","S65E","COLOR","PCU",278
"08/14/1986","S65E","COLOR","PCU",261
"08/26/1986","S65E","COLOR","PCU",242
"09/09/1986","S65E","COLOR","PCU",126
"09/10/1986","S65E","COLOR","PCU",126
"09/23/1986","S65E","COLOR","PCU",129
"10/07/1986","S65E","COLOR","PCU",132
"10/09/1986","S65E","COLOR","PCU",133
"10/21/1986","S65E","COLOR","PCU",119
"11/04/1986","S65E","COLOR","PCU",116
"11/06/1986","S65E","COLOR","PCU",114
"11/18/1986","S65E","COLOR","PCU",124
"12/03/1986","S65E","COLOR","PCU",113
"12/04/1986","S65E","COLOR","PCU",115
"01/07/1987","S65E","COLOR","PCU",121
"01/08/1987","S65E","COLOR","PCU",96
"01/15/1987","S65E","COLOR","PCU",59
"01/22/1987","S65E","COLOR","PCU",49.5
"01/29/1987","S65E","COLOR","PCU",63
"02/03/1987","S65E","COLOR","PCU",50
"02/05/1987","S65E","COLOR","PCU",50
"02/12/1987","S65E","COLOR","PCU",50
"02/18/1987","S65E","COLOR","PCU",52
"02/19/1987","S65E","COLOR","PCU",50
"02/26/1987","S65E","COLOR","PCU",51
"03/03/1987","S65E","COLOR","PCU",51
"03/05/1987","S65E","COLOR","PCU",54
"03/12/1987","S65E","COLOR","PCU",66
"03/17/1987","S65E","COLOR","PCU",64
"03/19/1987","S65E","COLOR","PCU",63
"03/26/1987","S65E","COLOR","PCU",62
"03/31/1987","S65E","COLOR","PCU",70
"04/14/1987","S65E","COLOR","PCU",78
"04/22/1987","S65E","COLOR","PCU",89
"04/28/1987","S65E","COLOR","PCU",104
"05/11/1987","S65E","COLOR","PCU",107
"05/13/1987","S65E","COLOR","PCU",114
"05/20/1987","S65E","COLOR","PCU",120
"05/26/1987","S65E","COLOR","PCU",113
"06/01/1987","S65E","COLOR","PCU",112
"06/17/1987","S65E","COLOR","PCU",96
"06/24/1987","S65E","COLOR","PCU",95
"07/01/1987","S65E","COLOR","PCU",92
"07/08/1987","S65E","COLOR","PCU",89
"07/16/1987","S65E","COLOR","PCU",101
"07/21/1987","S65E","COLOR","PCU",135
"07/30/1987","S65E","COLOR","PCU",166
"08/04/1987","S65E","COLOR","PCU",187
"08/12/1987","S65E","COLOR","PCU",171
"08/18/1987","S65E","COLOR","PCU",166
"08/28/1987","S65E","COLOR","PCU",145
"09/09/1987","S65E","COLOR","PCU",142
"09/24/1987","S65E","COLOR","PCU",121
"09/29/1987","S65E","COLOR","PCU",121
"10/07/1987","S65E","COLOR","PCU",150
"10/13/1987","S65E","COLOR","PCU",170
"10/21/1987","S65E","COLOR","PCU",205
"10/28/1987","S65E","COLOR","PCU",221
"11/04/1987","S65E","COLOR","PCU",219
"11/10/1987","S65E","COLOR","PCU",228
"11/18/1987","S65E","COLOR","PCU",247
"11/24/1987","S65E","COLOR","PCU",213
"12/03/1987","S65E","COLOR","PCU",107
"12/08/1987","S65E","COLOR","PCU",108
"12/17/1987","S65E","COLOR","PCU",91
"12/22/1987","S65E","COLOR","PCU",252
"01/05/1988","S65E","COLOR","PCU",103
"01/06/1988","S65E","COLOR","PCU",98
"01/12/1988","S65E","COLOR","PCU",101
"01/19/1988","S65E","COLOR","PCU",95.5
"01/21/1988","S65E","COLOR","PCU",93
"01/25/1988","S65E","COLOR","PCU",93
"02/01/1988","S65E","COLOR","PCU",89
"02/02/1988","S65E","COLOR","PCU",90
"02/04/1988","S65E","COLOR","PCU",90
"02/08/1988","S65E","COLOR","PCU",94
"02/16/1988","S65E","COLOR","PCU",63
"02/17/1988","S65E","COLOR","PCU",96
"02/18/1988","S65E","COLOR","PCU",95
"02/22/1988","S65E","COLOR","PCU",94
"02/25/1988","S65E","COLOR","PCU",102
"02/29/1988","S65E","COLOR","PCU",107
"03/01/1988","S65E","COLOR","PCU",104
"03/03/1988","S65E","COLOR","PCU",113
"03/07/1988","S65E","COLOR","PCU",113
"03/14/1988","S65E","COLOR","PCU",119.5
"03/15/1988","S65E","COLOR","PCU",127
"03/21/1988","S65E","COLOR","PCU",131
"03/28/1988","S65E","COLOR","PCU",137
"03/29/1988","S65E","COLOR","PCU",126
"04/04/1988","S65E","COLOR","PCU",120
"04/11/1988","S65E","COLOR","PCU",119.5
"04/12/1988","S65E","COLOR","PCU",117
"04/18/1988","S65E","COLOR","PCU",133
"04/25/1988","S65E","COLOR","PCU",116
"04/26/1988","S65E","COLOR","PCU",120
"05/02/1988","S65E","COLOR","PCU",125
"05/09/1988","S65E","COLOR","PCU",106
"05/10/1988","S65E","COLOR","PCU",103
"05/17/1988","S65E","COLOR","PCU",103
"05/23/1988","S65E","COLOR","PCU",94
"05/24/1988","S65E","COLOR","PCU",99
"06/01/1988","S65E","COLOR","PCU",99
"06/07/1988","S65E","COLOR","PCU",89
"06/14/1988","S65E","COLOR","PCU",86
"06/20/1988","S65E","COLOR","PCU",82
"06/21/1988","S65E","COLOR","PCU",90.5
"07/05/1988","S65E","COLOR","PCU",79
"07/06/1988","S65E","COLOR","PCU",76
"07/12/1988","S65E","COLOR","PCU",83
"07/18/1988","S65E","COLOR","PCU",85
"07/19/1988","S65E","COLOR","PCU",78.5
"07/25/1988","S65E","COLOR","PCU",94
"08/02/1988","S65E","COLOR","PCU",120
"08/03/1988","S65E","COLOR","PCU",124
"08/15/1988","S65E","COLOR","PCU",163
"08/16/1988","S65E","COLOR","PCU",158
"08/17/1988","S65E","COLOR","PCU",174
"08/23/1988","S65E","COLOR","PCU",162
"08/29/1988","S65E","COLOR","PCU",195
"08/30/1988","S65E","COLOR","PCU",196
"09/07/1988","S65E","COLOR","PCU",233
"09/12/1988","S65E","COLOR","PCU",257
"09/13/1988","S65E","COLOR","PCU",182
"09/19/1988","S65E","COLOR","PCU",90
"09/26/1988","S65E","COLOR","PCU",138
"09/27/1988","S65E","COLOR","PCU",84
"10/03/1988","S65E","COLOR","PCU",82
"10/10/1988","S65E","COLOR","PCU",87
"10/11/1988","S65E","COLOR","PCU",87
"10/17/1988","S65E","COLOR","PCU",91
"10/24/1988","S65E","COLOR","PCU",86
"10/25/1988","S65E","COLOR","PCU",87.5
"10/31/1988","S65E","COLOR","PCU",95
"11/07/1988","S65E","COLOR","PCU",92
"11/21/1988","S65E","COLOR","PCU",115
"11/22/1988","S65E","COLOR","PCU",91
"12/05/1988","S65E","COLOR","PCU",45
"12/19/1988","S65E","COLOR","PCU",90
"01/03/1989","S65E","COLOR","PCU",86
"01/17/1989","S65E","COLOR","PCU",71.5
"01/23/1989","S65E","COLOR","PCU",46
"01/30/1989","S65E","COLOR","PCU",93
"01/31/1989","S65E","COLOR","PCU",86
"02/06/1989","S65E","COLOR","PCU",45
"02/13/1989","S65E","COLOR","PCU",42.5
"02/14/1989","S65E","COLOR","PCU",53
"02/22/1989","S65E","COLOR","PCU",48
"02/27/1989","S65E","COLOR","PCU",52
"02/28/1989","S65E","COLOR","PCU",63
"03/09/1989","S65E","COLOR","PCU",42
"03/13/1989","S65E","COLOR","PCU",63
"03/15/1989","S65E","COLOR","PCU",69
"03/16/1989","S65E","COLOR","PCU",46
"03/21/1989","S65E","COLOR","PCU",53
"03/27/1989","S65E","COLOR","PCU",59.5
"03/28/1989","S65E","COLOR","PCU",70
"04/10/1989","S65E","COLOR","PCU",62
"04/11/1989","S65E","COLOR","PCU",74
"04/17/1989","S65E","COLOR","PCU",58
"04/24/1989","S65E","COLOR","PCU",66
"04/25/1989","S65E","COLOR","PCU",51
"04/26/1989","S65E","COLOR","PCU",64
"05/01/1989","S65E","COLOR","PCU",50
"05/08/1989","S65E","COLOR","PCU",54.5
"05/10/1989","S65E","COLOR","PCU",70
"05/16/1989","S65E","COLOR","PCU",55
"05/22/1989","S65E","COLOR","PCU",55
"05/24/1989","S65E","COLOR","PCU",59
"05/30/1989","S65E","COLOR","PCU",55
"06/05/1989","S65E","COLOR","PCU",52
"06/12/1989","S65E","COLOR","PCU",50
"06/19/1989","S65E","COLOR","PCU",51.5
"06/21/1989","S65E","COLOR","PCU",45
"06/26/1989","S65E","COLOR","PCU",59
"07/03/1989","S65E","COLOR","PCU",45
"07/05/1989","S65E","COLOR","PCU",48
"07/11/1989","S65E","COLOR","PCU",48
"07/17/1989","S65E","COLOR","PCU",115
"07/18/1989","S65E","COLOR","PCU",52
"07/19/1989","S65E","COLOR","PCU",50
"07/25/1989","S65E","COLOR","PCU",43
"07/31/1989","S65E","COLOR","PCU",55
"08/02/1989","S65E","COLOR","PCU",67
"08/08/1989","S65E","COLOR","PCU",44
"08/14/1989","S65E","COLOR","PCU",64
"08/15/1989","S65E","COLOR","PCU",57.5
"08/22/1989","S65E","COLOR","PCU",47
"08/28/1989","S65E","COLOR","PCU",131
"08/29/1989","S65E","COLOR","PCU",107
"09/05/1989","S65E","COLOR","PCU",88
"09/11/1989","S65E","COLOR","PCU",96
"09/12/1989","S65E","COLOR","PCU",170
"09/13/1989","S65E","COLOR","PCU",169
"09/19/1989","S65E","COLOR","PCU",130
"09/25/1989","S65E","COLOR","PCU",228
"09/27/1989","S65E","COLOR","PCU",185
"10/03/1989","S65E","COLOR","PCU",161
"10/09/1989","S65E","COLOR","PCU",260.5
"10/11/1989","S65E","COLOR","PCU",271
"10/17/1989","S65E","COLOR","PCU",282
"10/23/1989","S65E","COLOR","PCU",284
"10/24/1989","S65E","COLOR","PCU",287
"10/30/1989","S65E","COLOR","PCU",270
"11/06/1989","S65E","COLOR","PCU",247.5
"11/08/1989","S65E","COLOR","PCU",252
"11/13/1989","S65E","COLOR","PCU",238
"11/20/1989","S65E","COLOR","PCU",240
"11/22/1989","S65E","COLOR","PCU",242
"11/27/1989","S65E","COLOR","PCU",237
"12/04/1989","S65E","COLOR","PCU",237
"12/11/1989","S65E","COLOR","PCU",231
"12/18/1989","S65E","COLOR","PCU",224.5
"12/19/1989","S65E","COLOR","PCU",225
"12/26/1989","S65E","COLOR","PCU",215
"01/02/1990","S65E","COLOR","PCU",215
"01/03/1990","S65E","COLOR","PCU",208
"01/09/1990","S65E","COLOR","PCU",195
"01/16/1990","S65E","COLOR","PCU",185.5
"01/23/1990","S65E","COLOR","PCU",71
"01/30/1990","S65E","COLOR","PCU",43
"02/06/1990","S65E","COLOR","PCU",40
"02/13/1990","S65E","COLOR","PCU",39.5
"02/20/1990","S65E","COLOR","PCU",42
"02/27/1990","S65E","COLOR","PCU",63
"02/28/1990","S65E","COLOR","PCU",71
"03/16/1990","S65E","COLOR","PCU",73
"03/26/1990","S65E","COLOR","PCU",78
"03/27/1990","S65E","COLOR","PCU",78
"04/03/1990","S65E","COLOR","PCU",71
"04/10/1990","S65E","COLOR","PCU",82
"04/11/1990","S65E","COLOR","PCU",86
"04/17/1990","S65E","COLOR","PCU",71
"04/23/1990","S65E","COLOR","PCU",53
"04/24/1990","S65E","COLOR","PCU",56
"04/30/1990","S65E","COLOR","PCU",50
"05/07/1990","S65E","COLOR","PCU",47.5
"05/14/1990","S65E","COLOR","PCU",48
"05/21/1990","S65E","COLOR","PCU",43
"06/04/1990","S65E","COLOR","PCU",42
"06/05/1990","S65E","COLOR","PCU",42
"06/18/1990","S65E","COLOR","PCU",40
"07/02/1990","S65E","COLOR","PCU",72
"07/03/1990","S65E","COLOR","PCU",74
"07/16/1990","S65E","COLOR","PCU",176
"07/30/1990","S65E","COLOR","PCU",270
"08/13/1990","S65E","COLOR","PCU",260
"08/27/1990","S65E","COLOR","PCU",306
"09/10/1990","S65E","COLOR","PCU",261
"09/24/1990","S65E","COLOR","PCU",246
"10/08/1990","S65E","COLOR","PCU",210
"10/22/1990","S65E","COLOR","PCU",238
"11/05/1990","S65E","COLOR","PCU",231
"11/20/1990","S65E","COLOR","PCU",219
"12/03/1990","S65E","COLOR","PCU",204
"12/17/1990","S65E","COLOR","PCU",190
"12/31/1990","S65E","COLOR","PCU",184
"01/14/1991","S65E","COLOR","PCU",168
"01/28/1991","S65E","COLOR","PCU",149
"02/11/1991","S65E","COLOR","PCU",148
"02/26/1991","S65E","COLOR","PCU",131
"03/11/1991","S65E","COLOR","PCU",116
"03/25/1991","S65E","COLOR","PCU",124
"04/08/1991","S65E","COLOR","PCU",125
"04/22/1991","S65E","COLOR","PCU",162
"05/06/1991","S65E","COLOR","PCU",39
"05/20/1991","S65E","COLOR","PCU",30
"06/03/1991","S65E","COLOR","PCU",131
"06/18/1991","S65E","COLOR","PCU",121
"07/01/1991","S65E","COLOR","PCU",111
"07/15/1991","S65E","COLOR","PCU",183
"07/29/1991","S65E","COLOR","PCU",84
"08/12/1991","S65E","COLOR","PCU",122
"08/26/1991","S65E","COLOR","PCU",138
"08/28/1991","S65E","COLOR","PCU",160
"09/09/1991","S65E","COLOR","PCU",161
"09/23/1991","S65E","COLOR","PCU",156
"10/07/1991","S65E","COLOR","PCU",153
"10/21/1991","S65E","COLOR","PCU",120
"11/04/1991","S65E","COLOR","PCU",120
"11/20/1991","S65E","COLOR","PCU",124
"12/02/1991","S65E","COLOR","PCU",107
"12/16/1991","S65E","COLOR","PCU",101
"12/30/1991","S65E","COLOR","PCU",91
"01/13/1992","S65E","COLOR","PCU",101
"01/27/1992","S65E","COLOR","PCU",81
"02/11/1992","S65E","COLOR","PCU",81
"02/27/1992","S65E","COLOR","PCU",71
"03/11/1992","S65E","COLOR","PCU",74
"03/26/1992","S65E","COLOR","PCU",72
"04/07/1992","S65E","COLOR","PCU",70
"04/21/1992","S65E","COLOR","PCU",61
"05/05/1992","S65E","COLOR","PCU",63
"05/19/1992","S65E","COLOR","PCU",62
"06/02/1992","S65E","COLOR","PCU",64
"06/16/1992","S65E","COLOR","PCU",79
"06/30/1992","S65E","COLOR","PCU",314
"07/08/1992","S65E","COLOR","PCU",98
"07/14/1992","S65E","COLOR","PCU",385
"07/28/1992","S65E","COLOR","PCU",327
"08/11/1992","S65E","COLOR","PCU",263
"08/26/1992","S65E","COLOR","PCU",101
"09/10/1992","S65E","COLOR","PCU",133
"09/22/1992","S65E","COLOR","PCU",123
"10/06/1992","S65E","COLOR","PCU",111
"10/20/1992","S65E","COLOR","PCU",114
"11/03/1992","S65E","COLOR","PCU",117
"11/17/1992","S65E","COLOR","PCU",120
"11/18/1992","S65E","COLOR","PCU",119
"12/02/1992","S65E","COLOR","PCU",80
"12/15/1992","S65E","COLOR","PCU",48
"12/30/1992","S65E","COLOR","PCU",44
"01/11/1993","S65E","COLOR","PCU",25.5
"01/27/1993","S65E","COLOR","PCU",64
"02/08/1993","S65E","COLOR","PCU",79
"02/23/1993","S65E","COLOR","PCU",78
"03/08/1993","S65E","COLOR","PCU",68
"03/23/1993","S65E","COLOR","PCU",105.25
"04/20/1993","S65E","COLOR","PCU",102
"05/04/1993","S65E","COLOR","PCU",102
"05/18/1993","S65E","COLOR","PCU",101
"05/20/1993","S65E","COLOR","PCU",105
"06/01/1993","S65E","COLOR","PCU",97
"06/15/1993","S65E","COLOR","PCU",101
"06/26/1993","S65E","COLOR","PCU",100
"06/29/1993","S65E","COLOR","PCU",92
"07/13/1993","S65E","COLOR","PCU",99
"07/27/1993","S65E","COLOR","PCU",95
"08/10/1993","S65E","COLOR","PCU",88
"08/24/1993","S65E","COLOR","PCU",108
"09/07/1993","S65E","COLOR","PCU",80
"09/21/1993","S65E","COLOR","PCU",179
"10/05/1993","S65E","COLOR","PCU",197
"10/19/1993","S65E","COLOR","PCU",224
"11/02/1993","S65E","COLOR","PCU",227
"11/16/1993","S65E","COLOR","PCU",220
"12/01/1993","S65E","COLOR","PCU",99.5
"12/14/1993","S65E","COLOR","PCU",151.4
"12/28/1993","S65E","COLOR","PCU",187
"01/11/1994","S65E","COLOR","PCU",178
"01/19/1994","S65E","COLOR","PCU",174
"01/25/1994","S65E","COLOR","PCU",171
"02/08/1994","S65E","COLOR","PCU",151
"02/15/1994","S65E","COLOR","PCU",152
"02/22/1994","S65E","COLOR","PCU",144
"03/08/1994","S65E","COLOR","PCU",134
"03/15/1994","S65E","COLOR","PCU",140
"03/22/1994","S65E","COLOR","PCU",38
"04/05/1994","S65E","COLOR","PCU",27
"04/12/1994","S65E","COLOR","PCU",25.75
"04/19/1994","S65E","COLOR","PCU",30
"05/03/1994","S65E","COLOR","PCU",39
"05/17/1994","S65E","COLOR","PCU",34.2
"05/31/1994","S65E","COLOR","PCU",39
"06/14/1994","S65E","COLOR","PCU",89.5
"06/28/1994","S65E","COLOR","PCU",55.5
"07/12/1994","S65E","COLOR","PCU",154
"07/19/1994","S65E","COLOR","PCU",170
"07/26/1994","S65E","COLOR","PCU",25
"08/03/1994","S65E","COLOR","PCU",103
"08/09/1994","S65E","COLOR","PCU",130
"08/23/1994","S65E","COLOR","PCU",134
"09/06/1994","S65E","COLOR","PCU",84
"09/20/1994","S65E","COLOR","PCU",98
"10/04/1994","S65E","COLOR","PCU",120
"10/18/1994","S65E","COLOR","PCU",119
"11/01/1994","S65E","COLOR","PCU",123
"11/15/1994","S65E","COLOR","PCU",121
"11/29/1994","S65E","COLOR","PCU",122
"12/13/1994","S65E","COLOR","PCU",130
"12/27/1994","S65E","COLOR","PCU",124
"01/10/1995","S65E","COLOR","PCU",109
"01/24/1995","S65E","COLOR","PCU",114
"02/21/1995","S65E","COLOR","PCU",109
"03/07/1995","S65E","COLOR","PCU",118
"03/21/1995","S65E","COLOR","PCU",120
"04/04/1995","S65E","COLOR","PCU",130
"04/18/1995","S65E","COLOR","PCU",73.4
"05/02/1995","S65E","COLOR","PCU",99
"05/16/1995","S65E","COLOR","PCU",94
"05/30/1995","S65E","COLOR","PCU",81
"06/13/1995","S65E","COLOR","PCU",75
"06/27/1995","S65E","COLOR","PCU",71
"07/11/1995","S65E","COLOR","PCU",72
"07/25/1995","S65E","COLOR","PCU",81
"08/08/1995","S65E","COLOR","PCU",139
"08/22/1995","S65E","COLOR","PCU",98
"09/05/1995","S65E","COLOR","PCU",134
"09/19/1995","S65E","COLOR","PCU",137
"10/03/1995","S65E","COLOR","PCU",129
"10/17/1995","S65E","COLOR","PCU",161
"10/31/1995","S65E","COLOR","PCU",153
"11/14/1995","S65E","COLOR","PCU",139
"11/28/1995","S65E","COLOR","PCU",125
"12/12/1995","S65E","COLOR","PCU",114
"12/26/1995","S65E","COLOR","PCU",118
"01/09/1996","S65E","COLOR","PCU",112
"01/23/1996","S65E","COLOR","PCU",110
"02/06/1996","S65E","COLOR","PCU",80.75
"02/20/1996","S65E","COLOR","PCU",81.25
"03/05/1996","S65E","COLOR","PCU",84.25
"03/19/1996","S65E","COLOR","PCU",85.75
"04/02/1996","S65E","COLOR","PCU",72.75
"04/16/1996","S65E","COLOR","PCU",75
"04/30/1996","S65E","COLOR","PCU",59.8
"05/14/1996","S65E","COLOR","PCU",75.5
"05/20/1996","S65E","COLOR","PCU",52
"05/28/1996","S65E","COLOR","PCU",67.5
"06/11/1996","S65E","COLOR","PCU",91.5
"06/25/1996","S65E","COLOR","PCU",104
"07/09/1996","S65E","COLOR","PCU",175
"07/23/1996","S65E","COLOR","PCU",89
"08/06/1996","S65E","COLOR","PCU",91.5
"08/20/1996","S65E","COLOR","PCU",89.5
"09/03/1996","S65E","COLOR","PCU",62
"09/17/1996","S65E","COLOR","PCU",43
"10/01/1996","S65E","COLOR","PCU",38
"10/15/1996","S65E","COLOR","PCU",41.5
"10/29/1996","S65E","COLOR","PCU",37.5
"11/04/1996","S65E","COLOR","PCU",92
"11/12/1996","S65E","COLOR","PCU",43.6
"11/26/1996","S65E","COLOR","PCU",41.6
"12/10/1996","S65E","COLOR","PCU",32.5
"12/26/1996","S65E","COLOR","PCU",41.4
"01/07/1997","S65E","COLOR","PCU",33
"01/21/1997","S65E","COLOR","PCU",42
"02/05/1997","S65E","COLOR","PCU",23
"02/18/1997","S65E","COLOR","PCU",24
"02/24/1997","S65E","COLOR","PCU",43
"03/04/1997","S65E","COLOR","PCU",30.5
"03/18/1997","S65E","COLOR","PCU",53
"04/01/1997","S65E","COLOR","PCU",25.5
"04/15/1997","S65E","COLOR","PCU",60
"04/29/1997","S65E","COLOR","PCU",43
"05/13/1997","S65E","COLOR","PCU",43
"05/19/1997","S65E","COLOR","PCU",48
"05/27/1997","S65E","COLOR","PCU",19.5
"06/10/1997","S65E","COLOR","PCU",43
"06/24/1997","S65E","COLOR","PCU",23
"07/08/1997","S65E","COLOR","PCU",45
"07/22/1997","S65E","COLOR","PCU",94
"08/05/1997","S65E","COLOR","PCU",166
"08/19/1997","S65E","COLOR","PCU",122
"08/28/1997","S65E","COLOR","PCU",97
"09/02/1997","S65E","COLOR","PCU",54.8
"09/16/1997","S65E","COLOR","PCU",115
"09/30/1997","S65E","COLOR","PCU",131
"10/14/1997","S65E","COLOR","PCU",183
"10/28/1997","S65E","COLOR","PCU",191
"11/12/1997","S65E","COLOR","PCU",194
"11/17/1997","S65E","COLOR","PCU",133
"11/25/1997","S65E","COLOR","PCU",155
"12/09/1997","S65E","COLOR","PCU",137
"12/23/1997","S65E","COLOR","PCU",78
"01/06/1998","S65E","COLOR","PCU",90
"01/20/1998","S65E","COLOR","PCU",118
"02/03/1998","S65E","COLOR","PCU",130
"02/17/1998","S65E","COLOR","PCU",132
"02/18/1998","S65E","COLOR","PCU",135
"03/03/1998","S65E","COLOR","PCU",137
"03/17/1998","S65E","COLOR","PCU",140
"03/31/1998","S65E","COLOR","PCU",146
"04/14/1998","S65E","COLOR","PCU",138
"04/28/1998","S65E","COLOR","PCU",138
"05/12/1998","S65E","COLOR","PCU",131
"05/18/1998","S65E","COLOR","PCU",128
"05/26/1998","S65E","COLOR","PCU",128
"06/09/1998","S65E","COLOR","PCU",109
"06/23/1998","S65E","COLOR","PCU",110
"07/07/1998","S65E","COLOR","PCU",101
"07/21/1998","S65E","COLOR","PCU",136
"08/04/1998","S65E","COLOR","PCU",147
"08/18/1998","S65E","COLOR","PCU",209
"08/24/1998","S65E","COLOR","PCU",221
"09/01/1998","S65E","COLOR","PCU",211
"09/15/1998","S65E","COLOR","PCU",251
"09/29/1998","S65E","COLOR","PCU",251
"10/13/1998","S65E","COLOR","PCU",266
"10/27/1998","S65E","COLOR","PCU",246
"11/09/1998","S65E","COLOR","PCU",219
"11/24/1998","S65E","COLOR","PCU",186
"12/08/1998","S65E","COLOR","PCU",192
"12/22/1998","S65E","COLOR","PCU",169
"01/05/1999","S65E","COLOR","PCU",158
"01/19/1999","S65E","COLOR","PCU",142
"01/25/1999","S65E","COLOR","PCU",140
"02/02/1999","S65E","COLOR","PCU",139
"02/16/1999","S65E","COLOR","PCU",130
"03/02/1999","S65E","COLOR","PCU",69.5
"03/16/1999","S65E","COLOR","PCU",82
"03/30/1999","S65E","COLOR","PCU",100
"04/13/1999","S65E","COLOR","PCU",47
"04/19/1999","S65E","COLOR","PCU",50
"04/27/1999","S65E","COLOR","PCU",49
"05/11/1999","S65E","COLOR","PCU",48
"05/25/1999","S65E","COLOR","PCU",47
"06/08/1999","S65E","COLOR","PCU",35
"06/22/1999","S65E","COLOR","PCU",35
"07/06/1999","S65E","COLOR","PCU",113.5
"07/20/1999","S65E","COLOR","PCU",167.5
"07/26/1999","S65E","COLOR","PCU",297
"08/03/1999","S65E","COLOR","PCU",154.5
"08/17/1999","S65E","COLOR","PCU",292
"08/31/1999","S65E","COLOR","PCU",247
"09/16/1999","S65E","COLOR","PCU",89.6
"09/28/1999","S65E","COLOR","PCU",25.5
"10/12/1999","S65E","COLOR","PCU",206
"10/18/1999","S65E","COLOR","PCU",189
"10/26/1999","S65E","COLOR","PCU",135
"11/09/1999","S65E","COLOR","PCU",136
"11/23/1999","S65E","COLOR","PCU",120
"12/07/1999","S65E","COLOR","PCU",58
"12/21/1999","S65E","COLOR","PCU",53.5
"01/04/2000","S65E","COLOR","PCU",42.8
"01/18/2000","S65E","COLOR","PCU",30.5
"01/24/2000","S65E","COLOR","PCU",63
"02/01/2000","S65E","COLOR","PCU",63
"02/15/2000","S65E","COLOR","PCU",68
"02/29/2000","S65E","COLOR","PCU",32
"03/14/2000","S65E","COLOR","PCU",76
"03/28/2000","S65E","COLOR","PCU",80
"04/11/2000","S65E","COLOR","PCU",66
"04/17/2000","S65E","COLOR","PCU",65
"04/24/2000","S65E","COLOR","PCU",29.5
"05/09/2000","S65E","COLOR","PCU",60
"05/23/2000","S65E","COLOR","PCU",62
"06/06/2000","S65E","COLOR","PCU",53
"06/20/2000","S65E","COLOR","PCU",55
"07/05/2000","S65E","COLOR","PCU",51
"07/18/2000","S65E","COLOR","PCU",49
"07/25/2000","S65E","COLOR","PCU",51
"08/01/2000","S65E","COLOR","PCU",32.4
"08/15/2000","S65E","COLOR","PCU",75.6
"08/29/2000","S65E","COLOR","PCU",161
"09/12/2000","S65E","COLOR","PCU",208
"09/26/2000","S65E","COLOR","PCU",321
"10/10/2000","S65E","COLOR","PCU",143
"10/16/2000","S65E","COLOR","PCU",305
"10/24/2000","S65E","COLOR","PCU",298
"11/07/2000","S65E","COLOR","PCU",276
"11/21/2000","S65E","COLOR","PCU",277
"12/05/2000","S65E","COLOR","PCU",289
"12/19/2000","S65E","COLOR","PCU",245
"01/02/2001","S65E","COLOR","PCU",125
"01/16/2001","S65E","COLOR","PCU",185
"01/22/2001","S65E","COLOR","PCU",230
"01/30/2001","S65E","COLOR","PCU",235
"02/13/2001","S65E","COLOR","PCU",229
"02/27/2001","S65E","COLOR","PCU",206
"03/13/2001","S65E","COLOR","PCU",204
"03/27/2001","S65E","COLOR","PCU",198
"04/10/2001","S65E","COLOR","PCU",179
"04/16/2001","S65E","COLOR","PCU",88.5
"04/24/2001","S65E","COLOR","PCU",85
"05/08/2001","S65E","COLOR","PCU",82.5
"05/22/2001","S65E","COLOR","PCU",146
"06/05/2001","S65E","COLOR","PCU",134
"06/19/2001","S65E","COLOR","PCU",61
"07/03/2001","S65E","COLOR","PCU",66.8
"07/16/2001","S65E","COLOR","PCU",145
"07/17/2001","S65E","COLOR","PCU",150
"07/31/2001","S65E","COLOR","PCU",331
"08/14/2001","S65E","COLOR","PCU",348
"08/28/2001","S65E","COLOR","PCU",205
"09/11/2001","S65E","COLOR","PCU",78.8
"09/25/2001","S65E","COLOR","PCU",147
"10/08/2001","S65E","COLOR","PCU",107
"10/09/2001","S65E","COLOR","PCU",103
"11/06/2001","S65E","COLOR","PCU",77.5
"11/20/2001","S65E","COLOR","PCU",68.5
"12/04/2001","S65E","COLOR","PCU",57
"12/18/2001","S65E","COLOR","PCU",102
"01/02/2002","S65E","COLOR","PCU",49
"01/15/2002","S65E","COLOR","PCU",43
"01/29/2002","S65E","COLOR","PCU",43.5
"02/12/2002","S65E","COLOR","PCU",44.5
"02/26/2002","S65E","COLOR","PCU",87
"03/12/2002","S65E","COLOR","PCU",79
"03/18/2002","S65E","COLOR","PCU",43
"03/26/2002","S65E","COLOR","PCU",87
"04/09/2002","S65E","COLOR","PCU",40
"04/23/2002","S65E","COLOR","PCU",69
"05/07/2002","S65E","COLOR","PCU",64
"05/21/2002","S65E","COLOR","PCU",61
"06/04/2002","S65E","COLOR","PCU",59
"06/18/2002","S65E","COLOR","PCU",17.3333333333333
"06/24/2002","S65E","COLOR","PCU",56
"07/02/2002","S65E","COLOR","PCU",398
"07/16/2002","S65E","COLOR","PCU",133.5
"07/30/2002","S65E","COLOR","PCU",91
"08/13/2002","S65E","COLOR","PCU",101
"08/27/2002","S65E","COLOR","PCU",62.5
"09/10/2002","S65E","COLOR","PCU",73
"09/16/2002","S65E","COLOR","PCU",132
"09/24/2002","S65E","COLOR","PCU",60.5
"10/08/2002","S65E","COLOR","PCU",128
"10/22/2002","S65E","COLOR","PCU",118
"11/05/2002","S65E","COLOR","PCU",114
"11/19/2002","S65E","COLOR","PCU",113
"12/03/2002","S65E","COLOR","PCU",108
"12/17/2002","S65E","COLOR","PCU",94.2
"12/30/2002","S65E","COLOR","PCU",138.5
"01/14/2003","S65E","COLOR","PCU",168
"01/28/2003","S65E","COLOR","PCU",174
"02/11/2003","S65E","COLOR","PCU",171
"02/25/2003","S65E","COLOR","PCU",165
"03/11/2003","S65E","COLOR","PCU",165
"03/24/2003","S65E","COLOR","PCU",198
"03/25/2003","S65E","COLOR","PCU",160
"04/08/2003","S65E","COLOR","PCU",145
"04/22/2003","S65E","COLOR","PCU",140
"05/06/2003","S65E","COLOR","PCU",65
"05/20/2003","S65E","COLOR","PCU",128
"06/03/2003","S65E","COLOR","PCU",58.5
"06/16/2003","S65E","COLOR","PCU",104.5
"06/17/2003","S65E","COLOR","PCU",52.5
"07/01/2003","S65E","COLOR","PCU",142
"07/15/2003","S65E","COLOR","PCU",150
"07/29/2003","S65E","COLOR","PCU",104
"08/12/2003","S65E","COLOR","PCU",178
"08/26/2003","S65E","COLOR","PCU",185
"09/09/2003","S65E","COLOR","PCU",92
"09/15/2003","S65E","COLOR","PCU",179
"09/23/2003","S65E","COLOR","PCU",190
"10/07/2003","S65E","COLOR","PCU",88.5
"10/21/2003","S65E","COLOR","PCU",179
"11/04/2003","S65E","COLOR","PCU",148
"11/18/2003","S65E","COLOR","PCU",140
"12/02/2003","S65E","COLOR","PCU",137
"12/15/2003","S65E","COLOR","PCU",96.3333333333333
"12/16/2003","S65E","COLOR","PCU",127
"12/30/2003","S65E","COLOR","PCU",56.5
"01/13/2004","S65E","COLOR","PCU",125
"01/27/2004","S65E","COLOR","PCU",113
"02/10/2004","S65E","COLOR","PCU",52.5
"02/24/2004","S65E","COLOR","PCU",101
"03/09/2004","S65E","COLOR","PCU",100
"03/15/2004","S65E","COLOR","PCU",97
"03/23/2004","S65E","COLOR","PCU",86
"04/06/2004","S65E","COLOR","PCU",84
"04/20/2004","S65E","COLOR","PCU",79
"05/04/2004","S65E","COLOR","PCU",33
"05/17/2004","S65E","COLOR","PCU",89
"05/18/2004","S65E","COLOR","PCU",78
"06/08/2004","S65E","COLOR","PCU",71
"06/22/2004","S65E","COLOR","PCU",63
"07/06/2004","S65E","COLOR","PCU",26.5
"07/20/2004","S65E","COLOR","PCU",33.5
"08/03/2004","S65E","COLOR","PCU",77
"08/17/2004","S65E","COLOR","PCU",92
"08/23/2004","S65E","COLOR","PCU",130.5
"08/31/2004","S65E","COLOR","PCU",360
"09/14/2004","S65E","COLOR","PCU",176
"09/29/2004","S65E","COLOR","PCU",216
"10/12/2004","S65E","COLOR","PCU",197
"10/26/2004","S65E","COLOR","PCU",61
"11/09/2004","S65E","COLOR","PCU",180
"11/22/2004","S65E","COLOR","PCU",177
"12/07/2004","S65E","COLOR","PCU",176
"12/21/2004","S65E","COLOR","PCU",88
"01/04/2005","S65E","COLOR","PCU",161
"01/18/2005","S65E","COLOR","PCU",164
"02/01/2005","S65E","COLOR","PCU",163
"02/14/2005","S65E","COLOR","PCU",162
"02/15/2005","S65E","COLOR","PCU",164
"03/01/2005","S65E","COLOR","PCU",79.5
"03/15/2005","S65E","COLOR","PCU",137
"03/29/2005","S65E","COLOR","PCU",157
"04/12/2005","S65E","COLOR","PCU",145
"04/26/2005","S65E","COLOR","PCU",133
"05/10/2005","S65E","COLOR","PCU",118
"05/16/2005","S65E","COLOR","PCU",76
"05/24/2005","S65E","COLOR","PCU",134
"06/07/2005","S65E","COLOR","PCU",66.3333333333333
"06/21/2005","S65E","COLOR","PCU",217
"07/05/2005","S65E","COLOR","PCU",82
"07/19/2005","S65E","COLOR","PCU",66.5
"08/02/2005","S65E","COLOR","PCU",72
"08/16/2005","S65E","COLOR","PCU",126
"08/22/2005","S65E","COLOR","PCU",125
"08/30/2005","S65E","COLOR","PCU",104
"09/12/2005","S65E","COLOR","PCU",54.5
"09/26/2005","S65E","COLOR","PCU",93
"10/11/2005","S65E","COLOR","PCU",93
"11/08/2005","S65E","COLOR","PCU",60
"11/14/2005","S65E","COLOR","PCU",113
"11/16/2005","S65E","COLOR","PCU",112
"12/06/2005","S65E","COLOR","PCU",99
"12/20/2005","S65E","COLOR","PCU",94
"01/03/2006","S65E","COLOR","PCU",89
"01/17/2006","S65E","COLOR","PCU",95
"01/30/2006","S65E","COLOR","PCU",98
"02/13/2006","S65E","COLOR","PCU",47
"02/21/2006","S65E","COLOR","PCU",48.5
"02/28/2006","S65E","COLOR","PCU",92
"03/13/2006","S65E","COLOR","PCU",45.5
"03/28/2006","S65E","COLOR","PCU",90
"04/11/2006","S65E","COLOR","PCU",43
"04/24/2006","S65E","COLOR","PCU",86
"05/08/2006","S65E","COLOR","PCU",79
"05/22/2006","S65E","COLOR","PCU",71
"05/23/2006","S65E","COLOR","PCU",35
"06/06/2006","S65E","COLOR","PCU",38
"06/19/2006","S65E","COLOR","PCU",28.5
"07/18/2006","S65E","COLOR","PCU",47
"07/31/2006","S65E","COLOR","PCU",32.5
"08/14/2006","S65E","COLOR","PCU",85
"08/21/2006","S65E","COLOR","PCU",86
"08/31/2006","S65E","COLOR","PCU",86
"09/11/2006","S65E","COLOR","PCU",140.333333333333
"09/25/2006","S65E","COLOR","PCU",467
"10/10/2006","S65E","COLOR","PCU",431
"10/24/2006","S65E","COLOR","PCU",426
"11/07/2006","S65E","COLOR","PCU",404
"11/21/2006","S65E","COLOR","PCU",384
"11/27/2006","S65E","COLOR","PCU",377
"12/05/2006","S65E","COLOR","PCU",182.5
"12/19/2006","S65E","COLOR","PCU",266.25
"01/02/2007","S65E","COLOR","PCU",165
"01/16/2007","S65E","COLOR","PCU",312
"01/30/2007","S65E","COLOR","PCU",145.5
"02/13/2007","S65E","COLOR","PCU",282
"02/26/2007","S65E","COLOR","PCU",270
"02/27/2007","S65E","COLOR","PCU",268
"03/13/2007","S65E","COLOR","PCU",190.25
"03/27/2007","S65E","COLOR","PCU",243
"04/10/2007","S65E","COLOR","PCU",227
"04/24/2007","S65E","COLOR","PCU",215
"05/08/2007","S65E","COLOR","PCU",102.5
"05/21/2007","S65E","COLOR","PCU",184
"05/22/2007","S65E","COLOR","PCU",181
"06/05/2007","S65E","COLOR","PCU",106.6
"06/19/2007","S65E","COLOR","PCU",156
"07/02/2007","S65E","COLOR","PCU",145
"07/17/2007","S65E","COLOR","PCU",130
"08/06/2007","S65E","COLOR","PCU",145.5
"08/20/2007","S65E","COLOR","PCU",251.25
"08/21/2007","S65E","COLOR","PCU",329
"09/04/2007","S65E","COLOR","PCU",114
"09/17/2007","S65E","COLOR","PCU",99
"10/01/2007","S65E","COLOR","PCU",130
"10/15/2007","S65E","COLOR","PCU",77.5
"10/29/2007","S65E","COLOR","PCU",243
"11/05/2007","S65E","COLOR","PCU",211
"11/20/2007","S65E","COLOR","PCU",157
"11/26/2007","S65E","COLOR","PCU",139
"12/03/2007","S65E","COLOR","PCU",73
"12/18/2007","S65E","COLOR","PCU",108
"01/17/2008","S65E","COLOR","PCU",64
"01/29/2008","S65E","COLOR","PCU",27.5
"02/04/2008","S65E","COLOR","PCU",48
"02/19/2008","S65E","COLOR","PCU",45
"02/20/2008","S65E","COLOR","PCU",42
"03/03/2008","S65E","COLOR","PCU",23.2
"03/17/2008","S65E","COLOR","PCU",18
"04/07/2008","S65E","COLOR","PCU",68
"04/21/2008","S65E","COLOR","PCU",112
"05/06/2008","S65E","COLOR","PCU",58
"05/19/2008","S65E","COLOR","PCU",20
"05/28/2008","S65E","COLOR","PCU",37
"06/03/2008","S65E","COLOR","PCU",22.6
"06/17/2008","S65E","COLOR","PCU",37
"07/01/2008","S65E","COLOR","PCU",18
"07/16/2008","S65E","COLOR","PCU",107.5
"08/06/2008","S65E","COLOR","PCU",337
"08/26/2008","S65E","COLOR","PCU",205
"08/28/2008","S65E","COLOR","PCU",191
"09/08/2008","S65E","COLOR","PCU",75.2
"09/22/2008","S65E","COLOR","PCU",130
"10/06/2008","S65E","COLOR","PCU",64.5
"10/20/2008","S65E","COLOR","PCU",63
"11/13/2008","S65E","COLOR","PCU",57.5
"11/19/2008","S65E","COLOR","PCU",105
"11/24/2008","S65E","COLOR","PCU",104
"12/10/2008","S65E","COLOR","PCU",45.5
"12/23/2008","S65E","COLOR","PCU",37
"01/14/2009","S65E","COLOR","PCU",37
"01/27/2009","S65E","COLOR","PCU",65
"02/02/2009","S65E","COLOR","PCU",62
"02/17/2009","S65E","COLOR","PCU",61
"02/18/2009","S65E","COLOR","PCU",59
"03/03/2009","S65E","COLOR","PCU",34.4
"03/17/2009","S65E","COLOR","PCU",56
"03/31/2009","S65E","COLOR","PCU",28
"04/14/2009","S65E","COLOR","PCU",26.5
"04/29/2009","S65E","COLOR","PCU",57
"05/13/2009","S65E","COLOR","PCU",23.5
"05/20/2009","S65E","COLOR","PCU",44
"05/27/2009","S65E","COLOR","PCU",44
"06/02/2009","S65E","COLOR","PCU",68
"06/16/2009","S65E","COLOR","PCU",30
"07/07/2009","S65E","COLOR","PCU",73.5
"07/20/2009","S65E","COLOR","PCU",150
"08/04/2009","S65E","COLOR","PCU",58.5
"08/18/2009","S65E","COLOR","PCU",64
"08/26/2009","S65E","COLOR","PCU",124
"09/08/2009","S65E","COLOR","PCU",83.5
"09/22/2009","S65E","COLOR","PCU",75
"10/07/2009","S65E","COLOR","PCU",62.5
"10/21/2009","S65E","COLOR","PCU",82
"11/09/2009","S65E","COLOR","PCU",75.5
"11/30/2009","S65E","COLOR","PCU",60.5
"12/16/2009","S65E","COLOR","PCU",43.5
"12/28/2009","S65E","COLOR","PCU",42
"01/11/2010","S65E","COLOR","PCU",97
"01/25/2010","S65E","COLOR","PCU",81
"02/08/2010","S65E","COLOR","PCU",72
"02/17/2010","S65E","COLOR","PCU",85
"03/15/2010","S65E","COLOR","PCU",54.6
"03/29/2010","S65E","COLOR","PCU",106
"04/12/2010","S65E","COLOR","PCU",65
"04/26/2010","S65E","COLOR","PCU",130
"05/10/2010","S65E","COLOR","PCU",64
"05/24/2010","S65E","COLOR","PCU",109
"06/07/2010","S65E","COLOR","PCU",73.75
"06/21/2010","S65E","COLOR","PCU",94
"07/08/2010","S65E","COLOR","PCU",53.5
"07/19/2010","S65E","COLOR","PCU",278
"08/02/2010","S65E","COLOR","PCU",244
"08/16/2010","S65E","COLOR","PCU",146
"09/14/2010","S65E","COLOR","PCU",114
"09/27/2010","S65E","COLOR","PCU",158
"10/11/2010","S65E","COLOR","PCU",128
"10/26/2010","S65E","COLOR","PCU",92
"11/09/2010","S65E","COLOR","PCU",83
"11/29/2010","S65E","COLOR","PCU",66
"12/09/2010","S65E","COLOR","PCU",61
"12/22/2010","S65E","COLOR","PCU",54
"01/10/2011","S65E","COLOR","PCU",42
"01/24/2011","S65E","COLOR","PCU",40
"02/07/2011","S65E","COLOR","PCU",42
"02/23/2011","S65E","COLOR","PCU",44
"03/09/2011","S65E","COLOR","PCU",45
"03/23/2011","S65E","COLOR","PCU",42
"04/13/2011","S65E","COLOR","PCU",44
"04/27/2011","S65E","COLOR","PCU",36
"05/11/2011","S65E","COLOR","PCU",38
"05/25/2011","S65E","COLOR","PCU",35
"06/08/2011","S65E","COLOR","PCU",31
"06/20/2011","S65E","COLOR","PCU",30
"07/06/2011","S65E","COLOR","PCU",29
"07/20/2011","S65E","COLOR","PCU",285
"08/03/2011","S65E","COLOR","PCU",394
"08/17/2011","S65E","COLOR","PCU",239
"08/31/2011","S65E","COLOR","PCU",183
"09/14/2011","S65E","COLOR","PCU",106
"09/28/2011","S65E","COLOR","PCU",135
"10/12/2011","S65E","COLOR","PCU",114
"10/26/2011","S65E","COLOR","PCU",110
"11/07/2011","S65E","COLOR","PCU",156
"11/22/2011","S65E","COLOR","PCU",136
"12/07/2011","S65E","COLOR","PCU",140
"12/21/2011","S65E","COLOR","PCU",106
"01/04/2012","S65E","COLOR","PCU",106
"01/18/2012","S65E","COLOR","PCU",97
"02/01/2012","S65E","COLOR","PCU",85
"02/15/2012","S65E","COLOR","PCU",96
"02/29/2012","S65E","COLOR","PCU",87
"03/14/2012","S65E","COLOR","PCU",91
"03/28/2012","S65E","COLOR","PCU",84
"04/11/2012","S65E","COLOR","PCU",91
"04/25/2012","S65E","COLOR","PCU",87
"05/09/2012","S65E","COLOR","PCU",76
"05/23/2012","S65E","COLOR","PCU",65
"06/06/2012","S65E","COLOR","PCU",50
"06/20/2012","S65E","COLOR","PCU",48
"07/11/2012","S65E","COLOR","PCU",235
"07/25/2012","S65E","COLOR","PCU",223
"08/08/2012","S65E","COLOR","PCU",168
"08/22/2012","S65E","COLOR","PCU",128
"09/05/2012","S65E","COLOR","PCU",274
"09/19/2012","S65E","COLOR","PCU",222
"10/03/2012","S65E","COLOR","PCU",174
"10/17/2012","S65E","COLOR","PCU",168
"10/31/2012","S65E","COLOR","PCU",172
"11/14/2012","S65E","COLOR","PCU",123
"11/28/2012","S65E","COLOR","PCU",126
"12/05/2012","S65E","COLOR","PCU",114
"12/19/2012","S65E","COLOR","PCU",88
"01/02/2013","S65E","COLOR","PCU",152
"01/16/2013","S65E","COLOR","PCU",130
"01/30/2013","S65E","COLOR","PCU",110
"02/13/2013","S65E","COLOR","PCU",92
"02/27/2013","S65E","COLOR","PCU",69
"03/13/2013","S65E","COLOR","PCU",65
"03/27/2013","S65E","COLOR","PCU",55
"04/10/2013","S65E","COLOR","PCU",51
"04/24/2013","S65E","COLOR","PCU",50
"05/08/2013","S65E","COLOR","PCU",46
"05/22/2013","S65E","COLOR","PCU",45
"06/05/2013","S65E","COLOR","PCU",41
"06/19/2013","S65E","COLOR","PCU",253
"07/02/2013","S65E","COLOR","PCU",170
"07/17/2013","S65E","COLOR","PCU",177
"07/31/2013","S65E","COLOR","PCU",147
"08/14/2013","S65E","COLOR","PCU",129
"08/28/2013","S65E","COLOR","PCU",127
"09/11/2013","S65E","COLOR","PCU",52
"09/25/2013","S65E","COLOR","PCU",196
"10/09/2013","S65E","COLOR","PCU",146
"10/23/2013","S65E","COLOR","PCU",160
"11/06/2013","S65E","COLOR","PCU",141
"11/20/2013","S65E","COLOR","PCU",105
"12/04/2013","S65E","COLOR","PCU",84
"12/18/2013","S65E","COLOR","PCU",73
"12/30/2013","S65E","COLOR","PCU",69
"01/15/2014","S65E","COLOR","PCU",70
"01/29/2014","S65E","COLOR","PCU",64
"02/12/2014","S65E","COLOR","PCU",68
"02/26/2014","S65E","COLOR","PCU",70
"03/12/2014","S65E","COLOR","PCU",67
"03/26/2014","S65E","COLOR","PCU",60
"04/09/2014","S65E","COLOR","PCU",59
"04/23/2014","S65E","COLOR","PCU",65
"05/07/2014","S65E","COLOR","PCU",63
"05/21/2014","S65E","COLOR","PCU",62
"06/04/2014","S65E","COLOR","PCU",60
"06/18/2014","S65E","COLOR","PCU",73
"07/01/2014","S65E","COLOR","PCU",244
"07/16/2014","S65E","COLOR","PCU",229
"07/30/2014","S65E","COLOR","PCU",141
"08/13/2014","S65E","COLOR","PCU",163
"08/27/2014","S65E","COLOR","PCU",142
"09/10/2014","S65E","COLOR","PCU",152
"09/24/2014","S65E","COLOR","PCU",155
"10/08/2014","S65E","COLOR","PCU",150
"10/22/2014","S65E","COLOR","PCU",152
"11/05/2014","S65E","COLOR","PCU",137
"11/19/2014","S65E","COLOR","PCU",112
"12/03/2014","S65E","COLOR","PCU",78
"12/17/2014","S65E","COLOR","PCU",82
"12/30/2014","S65E","COLOR","PCU",70
"01/14/2015","S65E","COLOR","PCU",78
"01/28/2015","S65E","COLOR","PCU",87
"02/11/2015","S65E","COLOR","PCU",90
"02/25/2015","S65E","COLOR","PCU",93
"03/11/2015","S65E","COLOR","PCU",118
"03/25/2015","S65E","COLOR","PCU",123
"04/08/2015","S65E","COLOR","PCU",100
"04/22/2015","S65E","COLOR","PCU",92
"05/06/2015","S65E","COLOR","PCU",88
"05/20/2015","S65E","COLOR","PCU",89
"06/03/2015","S65E","COLOR","PCU",87
"06/17/2015","S65E","COLOR","PCU",67
"07/01/2015","S65E","COLOR","PCU",63
"07/15/2015","S65E","COLOR","PCU",77
"07/29/2015","S65E","COLOR","PCU",106
"08/12/2015","S65E","COLOR","PCU",177.333333333333
"08/26/2015","S65E","COLOR","PCU",141
"09/09/2015","S65E","COLOR","PCU",126
"09/23/2015","S65E","COLOR","PCU",134
"10/07/2015","S65E","COLOR","PCU",136
"10/21/2015","S65E","COLOR","PCU",116
"11/04/2015","S65E","COLOR","PCU",95
"11/18/2015","S65E","COLOR","PCU",104
"12/02/2015","S65E","COLOR","PCU",151
"01/09/2017","S65E","COLOR","PCU",64
"01/23/2017","S65E","COLOR","PCU",60
"02/06/2017","S65E","COLOR","PCU",63
"02/20/2017","S65E","COLOR","PCU",57
"03/06/2017","S65E","COLOR","PCU",55
"03/20/2017","S65E","COLOR","PCU",52.6666666666667
"04/17/2017","S65E","COLOR","PCU",50
"04/24/2017","S65E","COLOR","PCU",47
"05/01/2017","S65E","COLOR","PCU",46
"05/08/2017","S65E","COLOR","PCU",47
"06/05/2017","S65E","COLOR","PCU",39
"06/12/2017","S65E","COLOR","PCU",39
"06/19/2017","S65E","COLOR","PCU",103
"07/05/2017","S65E","COLOR","PCU",440
"07/17/2017","S65E","COLOR","PCU",250
"08/01/2017","S65E","COLOR","PCU",297
"08/14/2017","S65E","COLOR","PCU",314
"08/28/2017","S65E","COLOR","PCU",206
"09/13/2017","S65E","COLOR","PCU",215
"09/25/2017","S65E","COLOR","PCU",155
"10/09/2017","S65E","COLOR","PCU",182
"10/23/2017","S65E","COLOR","PCU",170
"11/06/2017","S65E","COLOR","PCU",169
"11/20/2017","S65E","COLOR","PCU",156
"12/04/2017","S65E","COLOR","PCU",137
"01/16/2018","S65E","COLOR","PCU",125
"02/12/2018","S65E","COLOR","PCU",106
"03/12/2018","S65E","COLOR","PCU",108
"03/26/2018","S65E","COLOR","PCU",98
"04/23/2018","S65E","COLOR","PCU",82
"05/07/2018","S65E","COLOR","PCU",72
"05/21/2018","S65E","COLOR","PCU",66
"06/18/2018","S65E","COLOR","PCU",259
"07/02/2018","S65E","COLOR","PCU",199
"07/16/2018","S65E","COLOR","PCU",156
"07/30/2018","S65E","COLOR","PCU",100
"08/06/2018","S65E","COLOR","PCU",112
"08/20/2018","S65E","COLOR","PCU",123
"09/04/2018","S65E","COLOR","PCU",140
"09/17/2018","S65E","COLOR","PCU",156
"10/01/2018","S65E","COLOR","PCU",141
"10/04/2018","S65E","COLOR","PCU",76
"10/15/2018","S65E","COLOR","PCU",118
"10/29/2018","S65E","COLOR","PCU",116
"11/13/2018","S65E","COLOR","PCU",109
"11/26/2018","S65E","COLOR","PCU",94.6666666666667
"12/11/2018","S65E","COLOR","PCU",84
"12/26/2018","S65E","COLOR","PCU",74
"01/07/2019","S65E","COLOR","PCU",72
"01/22/2019","S65E","COLOR","PCU",68
"02/04/2019","S65E","COLOR","PCU",70
"02/18/2019","S65E","COLOR","PCU",124
"03/04/2019","S65E","COLOR","PCU",119
"03/06/2019","S65E","COLOR","PCU",121
"03/18/2019","S65E","COLOR","PCU",95
"04/08/2019","S65E","COLOR","PCU",69
"04/22/2019","S65E","COLOR","PCU",60
"05/06/2019","S65E","COLOR","PCU",56
"05/20/2019","S65E","COLOR","PCU",54
"06/03/2019","S65E","COLOR","PCU",52
"06/17/2019","S65E","COLOR","PCU",47
"06/20/2019","S65E","COLOR","PCU",41
"07/01/2019","S65E","COLOR","PCU",539
"07/15/2019","S65E","COLOR","PCU",297
"07/29/2019","S65E","COLOR","PCU",139
"08/12/2019","S65E","COLOR","PCU",313
"08/26/2019","S65E","COLOR","PCU",214
"09/09/2019","S65E","COLOR","PCU",156
"09/23/2019","S65E","COLOR","PCU",127
"10/08/2019","S65E","COLOR","PCU",125
"10/21/2019","S65E","COLOR","PCU",99
"11/04/2019","S65E","COLOR","PCU",94
"11/18/2019","S65E","COLOR","PCU",96
"12/02/2019","S65E","COLOR","PCU",82
"12/16/2019","S65E","COLOR","PCU",74
"01/07/2020","S65E","COLOR","PCU",89
"01/13/2020","S65E","COLOR","PCU",110
"01/27/2020","S65E","COLOR","PCU",88
"02/10/2020","S65E","COLOR","PCU",78
"02/24/2020","S65E","COLOR","PCU",75
"03/09/2020","S65E","COLOR","PCU",72
"03/23/2020","S65E","COLOR","PCU",70
"04/06/2020","S65E","COLOR","PCU",66
"04/20/2020","S65E","COLOR","PCU",62
"05/04/2020","S65E","COLOR","PCU",59
"05/18/2020","S65E","COLOR","PCU",48
"06/01/2020","S65E","COLOR","PCU",62
"06/15/2020","S65E","COLOR","PCU",463
"06/29/2020","S65E","COLOR","PCU",289
"07/13/2020","S65E","COLOR","PCU",180
"07/27/2020","S65E","COLOR","PCU",179
"08/10/2020","S65E","COLOR","PCU",165
"08/24/2020","S65E","COLOR","PCU",136
"09/08/2020","S65E","COLOR","PCU",131
"09/21/2020","S65E","COLOR","PCU",151
"10/05/2020","S65E","COLOR","PCU",149
"10/19/2020","S65E","COLOR","PCU",188
"11/02/2020","S65E","COLOR","PCU",180
"11/16/2020","S65E","COLOR","PCU",194
"11/30/2020","S65E","COLOR","PCU",132
"12/14/2020","S65E","COLOR","PCU",109
"12/28/2020","S65E","COLOR","PCU",98
"01/11/2021","S65E","COLOR","PCU",95
"01/25/2021","S65E","COLOR","PCU",82
"02/08/2021","S65E","COLOR","PCU",74
"02/22/2021","S65E","COLOR","PCU",87
"03/08/2021","S65E","COLOR","PCU",83
"03/22/2021","S65E","COLOR","PCU",76
"04/05/2021","S65E","COLOR","PCU",81
"04/19/2021","S65E","COLOR","PCU",66
"05/03/2021","S65E","COLOR","PCU",94
"05/17/2021","S65E","COLOR","PCU",63
"06/01/2021","S65E","COLOR","PCU",53
"06/14/2021","S65E","COLOR","PCU",46
"06/28/2021","S65E","COLOR","PCU",44
"07/12/2021","S65E","COLOR","PCU",136
"07/26/2021","S65E","COLOR","PCU",118
"08/09/2021","S65E","COLOR","PCU",180
"08/23/2021","S65E","COLOR","PCU",219
"09/07/2021","S65E","COLOR","PCU",133
"09/20/2021","S65E","COLOR","PCU",169
"10/04/2021","S65E","COLOR","PCU",215
"10/18/2021","S65E","COLOR","PCU",122
"11/01/2021","S65E","COLOR","PCU",96
"11/15/2021","S65E","COLOR","PCU",97
"11/29/2021","S65E","COLOR","PCU",104
"12/13/2021","S65E","COLOR","PCU",84
"12/27/2021","S65E","COLOR","PCU",75
"01/10/2022","S65E","COLOR","PCU",60
"01/24/2022","S65E","COLOR","PCU",51
"02/07/2022","S65E","COLOR","PCU",50
"02/21/2022","S65E","COLOR","PCU",60
"03/07/2022","S65E","COLOR","PCU",62
"03/21/2022","S65E","COLOR","PCU",48
"04/04/2022","S65E","COLOR","PCU",50
"04/18/2022","S65E","COLOR","PCU",56
"05/02/2022","S65E","COLOR","PCU",127
"05/16/2022","S65E","COLOR","PCU",85
"05/31/2022","S65E","COLOR","PCU",56
"06/13/2022","S65E","COLOR","PCU",54
"06/27/2022","S65E","COLOR","PCU",56
"07/11/2022","S65E","COLOR","PCU",115
"07/25/2022","S65E","COLOR","PCU",106
"08/08/2022","S65E","COLOR","PCU",182
"08/22/2022","S65E","COLOR","PCU",244
"09/06/2022","S65E","COLOR","PCU",292
"09/19/2022","S65E","COLOR","PCU",316
"10/03/2022","S65E","COLOR","PCU",219
"10/17/2022","S65E","COLOR","PCU",171
"10/31/2022","S65E","COLOR","PCU",194
"11/14/2022","S65E","COLOR","PCU",180
"11/28/2022","S65E","COLOR","PCU",163
"12/12/2022","S65E","COLOR","PCU",161
"12/27/2022","S65E","COLOR","PCU",141
"01/09/2023","S65E","COLOR","PCU",138
"01/23/2023","S65E","COLOR","PCU",128
"02/06/2023","S65E","COLOR","PCU",140
"02/20/2023","S65E","COLOR","PCU",132
"03/06/2023","S65E","COLOR","PCU",126
"03/20/2023","S65E","COLOR","PCU",195
"04/03/2023","S65E","COLOR","PCU",112
"04/17/2023","S65E","COLOR","PCU",103
"05/01/2023","S65E","COLOR","PCU",94
"12/10/1973","S65E","COPPER, DISSOLVED","ug/L",40
"12/11/1973","S65E","COPPER, DISSOLVED","ug/L",40
"07/25/1978","S65E","COPPER, DISSOLVED","ug/L",1.5
"02/20/1979","S65E","COPPER, DISSOLVED","ug/L",-1
"07/09/1979","S65E","COPPER, DISSOLVED","ug/L",1
"07/17/1979","S65E","COPPER, DISSOLVED","ug/L",1
"08/06/1979","S65E","COPPER, DISSOLVED","ug/L",4
"09/05/1979","S65E","COPPER, DISSOLVED","ug/L",-1
"02/19/1980","S65E","COPPER, DISSOLVED","ug/L",2
"08/04/1980","S65E","COPPER, DISSOLVED","ug/L",2
"08/20/1980","S65E","COPPER, DISSOLVED","ug/L",6
"02/11/1981","S65E","COPPER, DISSOLVED","ug/L",5
"07/28/1981","S65E","COPPER, DISSOLVED","ug/L",4.659
"08/31/1981","S65E","COPPER, DISSOLVED","ug/L",-0.277
"02/16/1982","S65E","COPPER, DISSOLVED","ug/L",2.855
"05/14/1979","S65E","COPPER, TOTAL","ug/L",1
"06/11/1979","S65E","COPPER, TOTAL","ug/L",1
"05/13/1980","S65E","COPPER, TOTAL","ug/L",2
"06/09/1980","S65E","COPPER, TOTAL","ug/L",-1
"07/08/1980","S65E","COPPER, TOTAL","ug/L",-1
"08/04/1980","S65E","COPPER, TOTAL","ug/L",-1
"09/03/1980","S65E","COPPER, TOTAL","ug/L",-1
"02/23/1984","S65E","COPPER, TOTAL","ug/L",-0.64
"02/29/1984","S65E","COPPER, TOTAL","ug/L",1.23
"08/13/1984","S65E","COPPER, TOTAL","ug/L",8.569
"08/22/1984","S65E","COPPER, TOTAL","ug/L",-0.437
"02/20/1985","S65E","COPPER, TOTAL","ug/L",0.98
"02/26/1985","S65E","COPPER, TOTAL","ug/L",0.85
"09/19/1985","S65E","COPPER, TOTAL","ug/L",0.84
"09/24/1985","S65E","COPPER, TOTAL","ug/L",2.56
"02/12/1986","S65E","COPPER, TOTAL","ug/L",2.37
"02/18/1986","S65E","COPPER, TOTAL","ug/L",-0.5
"08/14/1986","S65E","COPPER, TOTAL","ug/L",-0.3
"09/23/1986","S65E","COPPER, TOTAL","ug/L",2.74
"02/18/1987","S65E","COPPER, TOTAL","ug/L",0.34
"02/19/1987","S65E","COPPER, TOTAL","ug/L",-0.2
"07/30/1987","S65E","COPPER, TOTAL","ug/L",-0.3
"08/18/1987","S65E","COPPER, TOTAL","ug/L",4.89
"02/04/1988","S65E","COPPER, TOTAL","ug/L",-0.3
"02/16/1988","S65E","COPPER, TOTAL","ug/L",1.97
"05/24/1988","S65E","COPPER, TOTAL","ug/L",2.68
"08/15/1988","S65E","COPPER, TOTAL","ug/L",-0.4
"11/22/1988","S65E","COPPER, TOTAL","ug/L",-0.5
"02/13/1989","S65E","COPPER, TOTAL","ug/L",0.68
"02/28/1989","S65E","COPPER, TOTAL","ug/L",-0.5
"05/24/1989","S65E","COPPER, TOTAL","ug/L",0.75
"08/28/1989","S65E","COPPER, TOTAL","ug/L",1.39
"08/29/1989","S65E","COPPER, TOTAL","ug/L",2.15
"11/20/1989","S65E","COPPER, TOTAL","ug/L",-0.5
"02/20/1990","S65E","COPPER, TOTAL","ug/L",-0.5
"02/28/1990","S65E","COPPER, TOTAL","ug/L",0.69
"08/27/1990","S65E","COPPER, TOTAL","ug/L",1.67
"11/20/1990","S65E","COPPER, TOTAL","ug/L",1.16
"02/26/1991","S65E","COPPER, TOTAL","ug/L",2.27
"08/12/1991","S65E","COPPER, TOTAL","ug/L",-0.5
"08/28/1991","S65E","COPPER, TOTAL","ug/L",0.74
"11/20/1991","S65E","COPPER, TOTAL","ug/L",1.03
"02/11/1992","S65E","COPPER, TOTAL","ug/L",2.05
"05/19/1992","S65E","COPPER, TOTAL","ug/L",2.86
"07/08/1992","S65E","COPPER, TOTAL","ug/L",4.45
"08/26/1992","S65E","COPPER, TOTAL","ug/L",1.38
"11/18/1992","S65E","COPPER, TOTAL","ug/L",-0.5
"02/23/1993","S65E","COPPER, TOTAL","ug/L",-0.5
"05/20/1993","S65E","COPPER, TOTAL","ug/L",0.95
"10/05/1993","S65E","COPPER, TOTAL","ug/L",-0.5
"11/16/1993","S65E","COPPER, TOTAL","ug/L",-0.5
"02/08/1994","S65E","COPPER, TOTAL","ug/L",-0.5
"02/15/1994","S65E","COPPER, TOTAL","ug/L",-0.5
"05/17/1994","S65E","COPPER, TOTAL","ug/L",4.0875
"08/23/1994","S65E","COPPER, TOTAL","ug/L",-0.5
"02/21/1995","S65E","COPPER, TOTAL","ug/L",0.93
"08/08/1995","S65E","COPPER, TOTAL","ug/L",5
"02/06/1996","S65E","COPPER, TOTAL","ug/L",2.6325
"05/20/1996","S65E","COPPER, TOTAL","ug/L",-1.2
"09/17/1996","S65E","COPPER, TOTAL","ug/L",-1.2
"11/04/1996","S65E","COPPER, TOTAL","ug/L",-1.2
"02/24/1997","S65E","COPPER, TOTAL","ug/L",-1.2
"03/18/1997","S65E","COPPER, TOTAL","ug/L",-1.2
"05/19/1997","S65E","COPPER, TOTAL","ug/L",1.46
"08/28/1997","S65E","COPPER, TOTAL","ug/L",-1.2
"09/16/1997","S65E","COPPER, TOTAL","ug/L",-1.2
"11/17/1997","S65E","COPPER, TOTAL","ug/L",-1.2
"12/23/1997","S65E","COPPER, TOTAL","ug/L",-1.2
"02/18/1998","S65E","COPPER, TOTAL","ug/L",-1.2
"03/17/1998","S65E","COPPER, TOTAL","ug/L",-1.2
"05/18/1998","S65E","COPPER, TOTAL","ug/L",-1.2
"06/23/1998","S65E","COPPER, TOTAL","ug/L",2.06
"08/24/1998","S65E","COPPER, TOTAL","ug/L",-1.2
"09/15/1998","S65E","COPPER, TOTAL","ug/L",-1.2
"09/29/1998","S65E","COPPER, TOTAL","ug/L",-1.2
"12/08/1998","S65E","COPPER, TOTAL","ug/L",-1.2
"01/25/1999","S65E","COPPER, TOTAL","ug/L",-1.2
"03/30/1999","S65E","COPPER, TOTAL","ug/L",4.34
"04/19/1999","S65E","COPPER, TOTAL","ug/L",2.88
"07/26/1999","S65E","COPPER, TOTAL","ug/L",-1.2
"10/18/1999","S65E","COPPER, TOTAL","ug/L",3.856
"01/24/2000","S65E","COPPER, TOTAL","ug/L",-1.2
"04/17/2000","S65E","COPPER, TOTAL","ug/L",-1.2
"07/25/2000","S65E","COPPER, TOTAL","ug/L",-1.2
"10/16/2000","S65E","COPPER, TOTAL","ug/L",1.237
"12/12/1996","S65E","DEPTH, TOTAL","SDU",0
"12/13/1996","S65E","DEPTH, TOTAL","SDU",0
"12/14/1996","S65E","DEPTH, TOTAL","SDU",0
"12/15/1996","S65E","DEPTH, TOTAL","SDU",0
"12/16/1996","S65E","DEPTH, TOTAL","SDU",0
"12/17/1996","S65E","DEPTH, TOTAL","SDU",0
"12/18/1996","S65E","DEPTH, TOTAL","SDU",0
"12/19/1996","S65E","DEPTH, TOTAL","SDU",0
"12/20/1996","S65E","DEPTH, TOTAL","SDU",0
"12/21/1996","S65E","DEPTH, TOTAL","SDU",0
"12/22/1996","S65E","DEPTH, TOTAL","SDU",0
"05/29/1997","S65E","DEPTH, TOTAL","SDU",0
"05/30/1997","S65E","DEPTH, TOTAL","SDU",0
"05/31/1997","S65E","DEPTH, TOTAL","SDU",0
"06/01/1997","S65E","DEPTH, TOTAL","SDU",0
"06/02/1997","S65E","DEPTH, TOTAL","SDU",0
"06/03/1997","S65E","DEPTH, TOTAL","SDU",0
"06/04/1997","S65E","DEPTH, TOTAL","SDU",0
"06/05/1997","S65E","DEPTH, TOTAL","SDU",0
"06/06/1997","S65E","DEPTH, TOTAL","SDU",0
"06/07/1997","S65E","DEPTH, TOTAL","SDU",0
"06/08/1997","S65E","DEPTH, TOTAL","SDU",0
"06/09/1997","S65E","DEPTH, TOTAL","SDU",0
"06/10/1997","S65E","DEPTH, TOTAL","SDU",0
"06/11/1997","S65E","DEPTH, TOTAL","SDU",0
"06/19/1997","S65E","DEPTH, TOTAL","SDU",0
"06/20/1997","S65E","DEPTH, TOTAL","SDU",0
"06/21/1997","S65E","DEPTH, TOTAL","SDU",0
"06/22/1997","S65E","DEPTH, TOTAL","SDU",0
"06/23/1997","S65E","DEPTH, TOTAL","SDU",0
"06/24/1997","S65E","DEPTH, TOTAL","SDU",0
"06/25/1997","S65E","DEPTH, TOTAL","SDU",0
"06/26/1997","S65E","DEPTH, TOTAL","SDU",0
"06/27/1997","S65E","DEPTH, TOTAL","SDU",0
"06/28/1997","S65E","DEPTH, TOTAL","SDU",0
"06/29/1997","S65E","DEPTH, TOTAL","SDU",0
"06/30/1997","S65E","DEPTH, TOTAL","SDU",0
"07/01/1997","S65E","DEPTH, TOTAL","SDU",0
"07/02/1997","S65E","DEPTH, TOTAL","SDU",0
"07/03/1997","S65E","DEPTH, TOTAL","SDU",0
"07/04/1997","S65E","DEPTH, TOTAL","SDU",0
"07/05/1997","S65E","DEPTH, TOTAL","SDU",0
"07/06/1997","S65E","DEPTH, TOTAL","SDU",0
"07/07/1997","S65E","DEPTH, TOTAL","SDU",0
"07/08/1997","S65E","DEPTH, TOTAL","SDU",0
"07/09/1997","S65E","DEPTH, TOTAL","SDU",0
"08/28/1997","S65E","DEPTH, TOTAL","SDU",0
"08/29/1997","S65E","DEPTH, TOTAL","SDU",0
"08/30/1997","S65E","DEPTH, TOTAL","SDU",0
"09/04/1997","S65E","DEPTH, TOTAL","SDU",0
"09/05/1997","S65E","DEPTH, TOTAL","SDU",0
"09/06/1997","S65E","DEPTH, TOTAL","SDU",0
"09/07/1997","S65E","DEPTH, TOTAL","SDU",0
"09/08/1997","S65E","DEPTH, TOTAL","SDU",0
"09/09/1997","S65E","DEPTH, TOTAL","SDU",0
"09/10/1997","S65E","DEPTH, TOTAL","SDU",0
"08/27/1998","S65E","DEPTH, TOTAL","SDU",0
"08/28/1998","S65E","DEPTH, TOTAL","SDU",0
"09/11/1998","S65E","DEPTH, TOTAL","SDU",0
"09/12/1998","S65E","DEPTH, TOTAL","SDU",0
"09/13/1998","S65E","DEPTH, TOTAL","SDU",0
"09/14/1998","S65E","DEPTH, TOTAL","SDU",0
"09/15/1998","S65E","DEPTH, TOTAL","SDU",0
"09/16/1998","S65E","DEPTH, TOTAL","SDU",0
"09/17/1998","S65E","DEPTH, TOTAL","SDU",0
"09/18/1998","S65E","DEPTH, TOTAL","SDU",0
"09/19/1998","S65E","DEPTH, TOTAL","SDU",0
"09/20/1998","S65E","DEPTH, TOTAL","SDU",0
"09/21/1998","S65E","DEPTH, TOTAL","SDU",0
"09/22/1998","S65E","DEPTH, TOTAL","SDU",0
"09/23/1998","S65E","DEPTH, TOTAL","SDU",0
"10/08/1998","S65E","DEPTH, TOTAL","SDU",0
"10/09/1998","S65E","DEPTH, TOTAL","SDU",0
"10/10/1998","S65E","DEPTH, TOTAL","SDU",0
"10/11/1998","S65E","DEPTH, TOTAL","SDU",0
"10/12/1998","S65E","DEPTH, TOTAL","SDU",0
"10/13/1998","S65E","DEPTH, TOTAL","SDU",0
"10/14/1998","S65E","DEPTH, TOTAL","SDU",0
"12/09/1998","S65E","DEPTH, TOTAL","SDU",0
"12/17/1998","S65E","DEPTH, TOTAL","SDU",0
"06/24/1999","S65E","DEPTH, TOTAL","SDU",0
"09/16/1999","S65E","DEPTH, TOTAL","SDU",0
"10/05/1999","S65E","DEPTH, TOTAL","SDU",0
"10/06/1999","S65E","DEPTH, TOTAL","SDU",0
"06/13/1973","S65E","DISSOLVED OXYGEN","mg/L",6.23333333333333
"07/16/1973","S65E","DISSOLVED OXYGEN","mg/L",1.7
"08/29/1973","S65E","DISSOLVED OXYGEN","mg/L",2.9
"10/02/1973","S65E","DISSOLVED OXYGEN","mg/L",3.75
"11/07/1973","S65E","DISSOLVED OXYGEN","mg/L",5.5
"11/12/1973","S65E","DISSOLVED OXYGEN","mg/L",6.9
"11/13/1973","S65E","DISSOLVED OXYGEN","mg/L",5.9
"12/05/1973","S65E","DISSOLVED OXYGEN","mg/L",5.95
"12/10/1973","S65E","DISSOLVED OXYGEN","mg/L",7.3
"12/11/1973","S65E","DISSOLVED OXYGEN","mg/L",7.7
"01/08/1974","S65E","DISSOLVED OXYGEN","mg/L",9.35
"02/12/1974","S65E","DISSOLVED OXYGEN","mg/L",7.35
"03/05/1974","S65E","DISSOLVED OXYGEN","mg/L",8.45
"04/02/1974","S65E","DISSOLVED OXYGEN","mg/L",7.05
"05/07/1974","S65E","DISSOLVED OXYGEN","mg/L",7.8
"06/11/1974","S65E","DISSOLVED OXYGEN","mg/L",6.85
"07/09/1974","S65E","DISSOLVED OXYGEN","mg/L",3.75
"08/13/1974","S65E","DISSOLVED OXYGEN","mg/L",3.5
"09/10/1974","S65E","DISSOLVED OXYGEN","mg/L",2.9
"10/08/1974","S65E","DISSOLVED OXYGEN","mg/L",5.85
"11/05/1974","S65E","DISSOLVED OXYGEN","mg/L",5.15
"12/10/1974","S65E","DISSOLVED OXYGEN","mg/L",7.2
"01/07/1975","S65E","DISSOLVED OXYGEN","mg/L",6.85
"02/04/1975","S65E","DISSOLVED OXYGEN","mg/L",7.5
"03/05/1975","S65E","DISSOLVED OXYGEN","mg/L",7.25
"04/08/1975","S65E","DISSOLVED OXYGEN","mg/L",6.9
"05/06/1975","S65E","DISSOLVED OXYGEN","mg/L",6.85
"06/03/1975","S65E","DISSOLVED OXYGEN","mg/L",6.25
"07/15/1975","S65E","DISSOLVED OXYGEN","mg/L",2
"08/12/1975","S65E","DISSOLVED OXYGEN","mg/L",3.15
"09/12/1975","S65E","DISSOLVED OXYGEN","mg/L",3.45
"10/27/1975","S65E","DISSOLVED OXYGEN","mg/L",5.6
"10/28/1975","S65E","DISSOLVED OXYGEN","mg/L",3.75
"02/12/1976","S65E","DISSOLVED OXYGEN","mg/L",8.95
"05/11/1976","S65E","DISSOLVED OXYGEN","mg/L",7.15
"06/22/1976","S65E","DISSOLVED OXYGEN","mg/L",2.2
"07/20/1976","S65E","DISSOLVED OXYGEN","mg/L",2.35
"08/24/1976","S65E","DISSOLVED OXYGEN","mg/L",4.55
"09/21/1976","S65E","DISSOLVED OXYGEN","mg/L",2.25
"10/19/1976","S65E","DISSOLVED OXYGEN","mg/L",5.05
"12/06/1976","S65E","DISSOLVED OXYGEN","mg/L",6.95
"01/25/1977","S65E","DISSOLVED OXYGEN","mg/L",9.85
"05/23/1977","S65E","DISSOLVED OXYGEN","mg/L",7.25
"07/25/1977","S65E","DISSOLVED OXYGEN","mg/L",6.85
"09/20/1977","S65E","DISSOLVED OXYGEN","mg/L",4.2
"12/01/1977","S65E","DISSOLVED OXYGEN","mg/L",5.85
"01/24/1978","S65E","DISSOLVED OXYGEN","mg/L",7.6
"03/21/1978","S65E","DISSOLVED OXYGEN","mg/L",3.5
"05/30/1978","S65E","DISSOLVED OXYGEN","mg/L",6.05
"06/21/1978","S65E","DISSOLVED OXYGEN","mg/L",2.6
"07/25/1978","S65E","DISSOLVED OXYGEN","mg/L",2.15
"08/22/1978","S65E","DISSOLVED OXYGEN","mg/L",2.95
"09/18/1978","S65E","DISSOLVED OXYGEN","mg/L",3.2
"10/09/1978","S65E","DISSOLVED OXYGEN","mg/L",2.9
"10/17/1978","S65E","DISSOLVED OXYGEN","mg/L",5.05
"10/23/1978","S65E","DISSOLVED OXYGEN","mg/L",5.1
"11/14/1978","S65E","DISSOLVED OXYGEN","mg/L",5.35
"11/20/1978","S65E","DISSOLVED OXYGEN","mg/L",6.4
"12/04/1978","S65E","DISSOLVED OXYGEN","mg/L",3.2
"12/12/1978","S65E","DISSOLVED OXYGEN","mg/L",5.8
"12/19/1978","S65E","DISSOLVED OXYGEN","mg/L",7.6
"01/08/1979","S65E","DISSOLVED OXYGEN","mg/L",8.2
"01/22/1979","S65E","DISSOLVED OXYGEN","mg/L",9
"01/23/1979","S65E","DISSOLVED OXYGEN","mg/L",8.45
"02/05/1979","S65E","DISSOLVED OXYGEN","mg/L",7.3
"02/20/1979","S65E","DISSOLVED OXYGEN","mg/L",8.2
"03/05/1979","S65E","DISSOLVED OXYGEN","mg/L",8.3
"03/19/1979","S65E","DISSOLVED OXYGEN","mg/L",7.26666666666667
"04/02/1979","S65E","DISSOLVED OXYGEN","mg/L",8.1
"04/16/1979","S65E","DISSOLVED OXYGEN","mg/L",7.9
"04/24/1979","S65E","DISSOLVED OXYGEN","mg/L",5.8
"04/30/1979","S65E","DISSOLVED OXYGEN","mg/L",7.4
"05/14/1979","S65E","DISSOLVED OXYGEN","mg/L",6.9
"05/22/1979","S65E","DISSOLVED OXYGEN","mg/L",6.8
"05/29/1979","S65E","DISSOLVED OXYGEN","mg/L",7.1
"06/11/1979","S65E","DISSOLVED OXYGEN","mg/L",5.4
"06/18/1979","S65E","DISSOLVED OXYGEN","mg/L",3.65
"06/25/1979","S65E","DISSOLVED OXYGEN","mg/L",5
"07/09/1979","S65E","DISSOLVED OXYGEN","mg/L",8.3
"07/17/1979","S65E","DISSOLVED OXYGEN","mg/L",1.95
"07/23/1979","S65E","DISSOLVED OXYGEN","mg/L",5.1
"08/06/1979","S65E","DISSOLVED OXYGEN","mg/L",3.8
"08/20/1979","S65E","DISSOLVED OXYGEN","mg/L",2
"08/21/1979","S65E","DISSOLVED OXYGEN","mg/L",4.05
"09/05/1979","S65E","DISSOLVED OXYGEN","mg/L",6.6
"09/18/1979","S65E","DISSOLVED OXYGEN","mg/L",3.8
"10/01/1979","S65E","DISSOLVED OXYGEN","mg/L",4.5
"10/02/1979","S65E","DISSOLVED OXYGEN","mg/L",5.2
"10/15/1979","S65E","DISSOLVED OXYGEN","mg/L",4.8
"10/29/1979","S65E","DISSOLVED OXYGEN","mg/L",5.5
"11/13/1979","S65E","DISSOLVED OXYGEN","mg/L",5.8
"12/11/1979","S65E","DISSOLVED OXYGEN","mg/L",7.3
"01/08/1980","S65E","DISSOLVED OXYGEN","mg/L",8.8
"01/22/1980","S65E","DISSOLVED OXYGEN","mg/L",8
"02/19/1980","S65E","DISSOLVED OXYGEN","mg/L",8.8
"03/04/1980","S65E","DISSOLVED OXYGEN","mg/L",9.1
"03/18/1980","S65E","DISSOLVED OXYGEN","mg/L",8.2
"04/02/1980","S65E","DISSOLVED OXYGEN","mg/L",5.6
"04/16/1980","S65E","DISSOLVED OXYGEN","mg/L",6
"04/30/1980","S65E","DISSOLVED OXYGEN","mg/L",6.3
"05/12/1980","S65E","DISSOLVED OXYGEN","mg/L",7.8
"05/13/1980","S65E","DISSOLVED OXYGEN","mg/L",7.4
"05/28/1980","S65E","DISSOLVED OXYGEN","mg/L",6.8
"06/09/1980","S65E","DISSOLVED OXYGEN","mg/L",7.3
"06/25/1980","S65E","DISSOLVED OXYGEN","mg/L",7
"07/07/1980","S65E","DISSOLVED OXYGEN","mg/L",7.7
"07/08/1980","S65E","DISSOLVED OXYGEN","mg/L",8.6
"07/24/1980","S65E","DISSOLVED OXYGEN","mg/L",7.9
"08/04/1980","S65E","DISSOLVED OXYGEN","mg/L",5.05
"08/20/1980","S65E","DISSOLVED OXYGEN","mg/L",5.9
"09/03/1980","S65E","DISSOLVED OXYGEN","mg/L",2.2
"09/17/1980","S65E","DISSOLVED OXYGEN","mg/L",2.6
"09/30/1980","S65E","DISSOLVED OXYGEN","mg/L",1.5
"10/01/1980","S65E","DISSOLVED OXYGEN","mg/L",5.1
"10/14/1980","S65E","DISSOLVED OXYGEN","mg/L",3.8
"10/28/1980","S65E","DISSOLVED OXYGEN","mg/L",5.5
"10/29/1980","S65E","DISSOLVED OXYGEN","mg/L",4.7
"11/12/1980","S65E","DISSOLVED OXYGEN","mg/L",5.6
"11/25/1980","S65E","DISSOLVED OXYGEN","mg/L",6.3
"12/02/1980","S65E","DISSOLVED OXYGEN","mg/L",6.3
"12/23/1980","S65E","DISSOLVED OXYGEN","mg/L",7.3
"12/31/1980","S65E","DISSOLVED OXYGEN","mg/L",8.1
"01/14/1981","S65E","DISSOLVED OXYGEN","mg/L",9.5
"01/20/1981","S65E","DISSOLVED OXYGEN","mg/L",9.2
"01/27/1981","S65E","DISSOLVED OXYGEN","mg/L",9.9
"02/11/1981","S65E","DISSOLVED OXYGEN","mg/L",8.7
"02/17/1981","S65E","DISSOLVED OXYGEN","mg/L",8.8
"02/24/1981","S65E","DISSOLVED OXYGEN","mg/L",8.2
"03/11/1981","S65E","DISSOLVED OXYGEN","mg/L",7.3
"03/16/1981","S65E","DISSOLVED OXYGEN","mg/L",7.6
"03/24/1981","S65E","DISSOLVED OXYGEN","mg/L",8.5
"04/08/1981","S65E","DISSOLVED OXYGEN","mg/L",7.8
"04/13/1981","S65E","DISSOLVED OXYGEN","mg/L",7.4
"04/21/1981","S65E","DISSOLVED OXYGEN","mg/L",7.7
"05/06/1981","S65E","DISSOLVED OXYGEN","mg/L",6.4
"05/11/1981","S65E","DISSOLVED OXYGEN","mg/L",7.9
"05/19/1981","S65E","DISSOLVED OXYGEN","mg/L",5.9
"06/02/1981","S65E","DISSOLVED OXYGEN","mg/L",7.3
"06/08/1981","S65E","DISSOLVED OXYGEN","mg/L",7.6
"06/17/1981","S65E","DISSOLVED OXYGEN","mg/L",7.7
"06/30/1981","S65E","DISSOLVED OXYGEN","mg/L",5.4
"07/06/1981","S65E","DISSOLVED OXYGEN","mg/L",8
"07/16/1981","S65E","DISSOLVED OXYGEN","mg/L",6.8
"07/28/1981","S65E","DISSOLVED OXYGEN","mg/L",5.6
"08/03/1981","S65E","DISSOLVED OXYGEN","mg/L",8.2
"08/12/1981","S65E","DISSOLVED OXYGEN","mg/L",6.4
"08/25/1981","S65E","DISSOLVED OXYGEN","mg/L",8
"08/31/1981","S65E","DISSOLVED OXYGEN","mg/L",7.9
"09/10/1981","S65E","DISSOLVED OXYGEN","mg/L",3.2
"09/23/1981","S65E","DISSOLVED OXYGEN","mg/L",0.9
"09/28/1981","S65E","DISSOLVED OXYGEN","mg/L",0.7
"10/06/1981","S65E","DISSOLVED OXYGEN","mg/L",1.7
"10/20/1981","S65E","DISSOLVED OXYGEN","mg/L",2.5
"10/26/1981","S65E","DISSOLVED OXYGEN","mg/L",1.4
"11/04/1981","S65E","DISSOLVED OXYGEN","mg/L",4.7
"11/23/1981","S65E","DISSOLVED OXYGEN","mg/L",6.1
"12/02/1981","S65E","DISSOLVED OXYGEN","mg/L",5.6
"12/21/1981","S65E","DISSOLVED OXYGEN","mg/L",8.1
"01/18/1982","S65E","DISSOLVED OXYGEN","mg/L",7.6
"02/16/1982","S65E","DISSOLVED OXYGEN","mg/L",7.1
"02/24/1982","S65E","DISSOLVED OXYGEN","mg/L",7
"03/09/1982","S65E","DISSOLVED OXYGEN","mg/L",6
"03/15/1982","S65E","DISSOLVED OXYGEN","mg/L",5.7
"04/05/1982","S65E","DISSOLVED OXYGEN","mg/L",6.3
"04/12/1982","S65E","DISSOLVED OXYGEN","mg/L",4.2
"04/19/1982","S65E","DISSOLVED OXYGEN","mg/L",6.1
"05/04/1982","S65E","DISSOLVED OXYGEN","mg/L",5.3
"05/10/1982","S65E","DISSOLVED OXYGEN","mg/L",11.2
"05/18/1982","S65E","DISSOLVED OXYGEN","mg/L",4.8
"06/01/1982","S65E","DISSOLVED OXYGEN","mg/L",5.4
"06/14/1982","S65E","DISSOLVED OXYGEN","mg/L",8.2
"07/01/1982","S65E","DISSOLVED OXYGEN","mg/L",3.6
"07/12/1982","S65E","DISSOLVED OXYGEN","mg/L",4
"07/27/1982","S65E","DISSOLVED OXYGEN","mg/L",4
"08/02/1982","S65E","DISSOLVED OXYGEN","mg/L",3.6
"08/09/1982","S65E","DISSOLVED OXYGEN","mg/L",3.8
"08/25/1982","S65E","DISSOLVED OXYGEN","mg/L",2.1
"09/01/1982","S65E","DISSOLVED OXYGEN","mg/L",2.6
"09/09/1982","S65E","DISSOLVED OXYGEN","mg/L",3.5
"09/21/1982","S65E","DISSOLVED OXYGEN","mg/L",4.1
"09/27/1982","S65E","DISSOLVED OXYGEN","mg/L",4.2
"10/05/1982","S65E","DISSOLVED OXYGEN","mg/L",4
"10/20/1982","S65E","DISSOLVED OXYGEN","mg/L",5.8
"11/01/1982","S65E","DISSOLVED OXYGEN","mg/L",5.4
"11/22/1982","S65E","DISSOLVED OXYGEN","mg/L",5.6
"12/06/1982","S65E","DISSOLVED OXYGEN","mg/L",6
"12/20/1982","S65E","DISSOLVED OXYGEN","mg/L",6.3
"12/22/1982","S65E","DISSOLVED OXYGEN","mg/L",7.3
"01/04/1983","S65E","DISSOLVED OXYGEN","mg/L",7.1
"01/18/1983","S65E","DISSOLVED OXYGEN","mg/L",7.6
"01/19/1983","S65E","DISSOLVED OXYGEN","mg/L",7
"02/01/1983","S65E","DISSOLVED OXYGEN","mg/L",6.2
"02/15/1983","S65E","DISSOLVED OXYGEN","mg/L",1.6
"02/17/1983","S65E","DISSOLVED OXYGEN","mg/L",7.3
"03/02/1983","S65E","DISSOLVED OXYGEN","mg/L",8
"03/15/1983","S65E","DISSOLVED OXYGEN","mg/L",8.2
"03/17/1983","S65E","DISSOLVED OXYGEN","mg/L",7.8
"03/29/1983","S65E","DISSOLVED OXYGEN","mg/L",6.9
"04/15/1983","S65E","DISSOLVED OXYGEN","mg/L",6
"04/26/1983","S65E","DISSOLVED OXYGEN","mg/L",3.5
"05/11/1983","S65E","DISSOLVED OXYGEN","mg/L",5
"05/12/1983","S65E","DISSOLVED OXYGEN","mg/L",5.2
"05/24/1983","S65E","DISSOLVED OXYGEN","mg/L",6
"06/07/1983","S65E","DISSOLVED OXYGEN","mg/L",5.1
"06/09/1983","S65E","DISSOLVED OXYGEN","mg/L",4.6
"06/21/1983","S65E","DISSOLVED OXYGEN","mg/L",3.2
"07/06/1983","S65E","DISSOLVED OXYGEN","mg/L",4.1
"07/07/1983","S65E","DISSOLVED OXYGEN","mg/L",7
"07/19/1983","S65E","DISSOLVED OXYGEN","mg/L",7.5
"08/02/1983","S65E","DISSOLVED OXYGEN","mg/L",4.2
"08/03/1983","S65E","DISSOLVED OXYGEN","mg/L",3.1
"08/30/1983","S65E","DISSOLVED OXYGEN","mg/L",7.8
"09/01/1983","S65E","DISSOLVED OXYGEN","mg/L",2.4
"09/12/1983","S65E","DISSOLVED OXYGEN","mg/L",3.9
"09/27/1983","S65E","DISSOLVED OXYGEN","mg/L",6.9
"09/28/1983","S65E","DISSOLVED OXYGEN","mg/L",5.9
"10/10/1983","S65E","DISSOLVED OXYGEN","mg/L",3.8
"10/25/1983","S65E","DISSOLVED OXYGEN","mg/L",5.4
"10/28/1983","S65E","DISSOLVED OXYGEN","mg/L",4
"11/08/1983","S65E","DISSOLVED OXYGEN","mg/L",4.3
"11/16/1983","S65E","DISSOLVED OXYGEN","mg/L",4.4
"11/21/1983","S65E","DISSOLVED OXYGEN","mg/L",5.8
"12/20/1983","S65E","DISSOLVED OXYGEN","mg/L",7.6
"12/29/1983","S65E","DISSOLVED OXYGEN","mg/L",8.7
"01/04/1984","S65E","DISSOLVED OXYGEN","mg/L",9.9
"01/17/1984","S65E","DISSOLVED OXYGEN","mg/L",9.9
"01/25/1984","S65E","DISSOLVED OXYGEN","mg/L",8.4
"01/31/1984","S65E","DISSOLVED OXYGEN","mg/L",8.9
"02/14/1984","S65E","DISSOLVED OXYGEN","mg/L",6.2
"02/23/1984","S65E","DISSOLVED OXYGEN","mg/L",7.6
"02/29/1984","S65E","DISSOLVED OXYGEN","mg/L",8.1
"03/13/1984","S65E","DISSOLVED OXYGEN","mg/L",8
"03/21/1984","S65E","DISSOLVED OXYGEN","mg/L",8
"03/27/1984","S65E","DISSOLVED OXYGEN","mg/L",5.9
"04/09/1984","S65E","DISSOLVED OXYGEN","mg/L",7.3
"04/18/1984","S65E","DISSOLVED OXYGEN","mg/L",6.2
"04/25/1984","S65E","DISSOLVED OXYGEN","mg/L",7.7
"05/31/1984","S65E","DISSOLVED OXYGEN","mg/L",4.7
"06/04/1984","S65E","DISSOLVED OXYGEN","mg/L",7.8
"06/19/1984","S65E","DISSOLVED OXYGEN","mg/L",4.2
"06/27/1984","S65E","DISSOLVED OXYGEN","mg/L",4.8
"07/31/1984","S65E","DISSOLVED OXYGEN","mg/L",2.8
"08/13/1984","S65E","DISSOLVED OXYGEN","mg/L",6.8
"08/22/1984","S65E","DISSOLVED OXYGEN","mg/L",3.6
"08/27/1984","S65E","DISSOLVED OXYGEN","mg/L",8.4
"09/10/1984","S65E","DISSOLVED OXYGEN","mg/L",4.6
"09/21/1984","S65E","DISSOLVED OXYGEN","mg/L",2.8
"09/25/1984","S65E","DISSOLVED OXYGEN","mg/L",3.2
"10/09/1984","S65E","DISSOLVED OXYGEN","mg/L",5.7
"10/23/1984","S65E","DISSOLVED OXYGEN","mg/L",4.4
"10/30/1984","S65E","DISSOLVED OXYGEN","mg/L",4.2
"11/06/1984","S65E","DISSOLVED OXYGEN","mg/L",6.9
"11/14/1984","S65E","DISSOLVED OXYGEN","mg/L",7.2
"12/04/1984","S65E","DISSOLVED OXYGEN","mg/L",6.4
"12/18/1984","S65E","DISSOLVED OXYGEN","mg/L",6.6
"12/27/1984","S65E","DISSOLVED OXYGEN","mg/L",6.2
"01/15/1985","S65E","DISSOLVED OXYGEN","mg/L",10.3
"01/24/1985","S65E","DISSOLVED OXYGEN","mg/L",8
"02/20/1985","S65E","DISSOLVED OXYGEN","mg/L",9.7
"02/26/1985","S65E","DISSOLVED OXYGEN","mg/L",9.1
"03/20/1985","S65E","DISSOLVED OXYGEN","mg/L",6.5
"03/26/1985","S65E","DISSOLVED OXYGEN","mg/L",8
"04/17/1985","S65E","DISSOLVED OXYGEN","mg/L",8.9
"04/23/1985","S65E","DISSOLVED OXYGEN","mg/L",6.2
"05/06/1985","S65E","DISSOLVED OXYGEN","mg/L",6.6
"05/16/1985","S65E","DISSOLVED OXYGEN","mg/L",8
"05/20/1985","S65E","DISSOLVED OXYGEN","mg/L",7.1
"06/19/1985","S65E","DISSOLVED OXYGEN","mg/L",5
"06/26/1985","S65E","DISSOLVED OXYGEN","mg/L",4.2
"07/02/1985","S65E","DISSOLVED OXYGEN","mg/L",8.2
"07/23/1985","S65E","DISSOLVED OXYGEN","mg/L",4.8
"07/30/1985","S65E","DISSOLVED OXYGEN","mg/L",3.2
"08/21/1985","S65E","DISSOLVED OXYGEN","mg/L",2.8
"08/27/1985","S65E","DISSOLVED OXYGEN","mg/L",1.8
"09/09/1985","S65E","DISSOLVED OXYGEN","mg/L",2.2
"09/24/1985","S65E","DISSOLVED OXYGEN","mg/L",3.1
"10/08/1985","S65E","DISSOLVED OXYGEN","mg/L",1.9
"10/22/1985","S65E","DISSOLVED OXYGEN","mg/L",1.4
"11/05/1985","S65E","DISSOLVED OXYGEN","mg/L",4.7
"12/03/1985","S65E","DISSOLVED OXYGEN","mg/L",6.3
"12/12/1985","S65E","DISSOLVED OXYGEN","mg/L",4.9
"01/14/1986","S65E","DISSOLVED OXYGEN","mg/L",6.9
"01/16/1986","S65E","DISSOLVED OXYGEN","mg/L",6.4
"01/28/1986","S65E","DISSOLVED OXYGEN","mg/L",10
"02/12/1986","S65E","DISSOLVED OXYGEN","mg/L",8.4
"02/18/1986","S65E","DISSOLVED OXYGEN","mg/L",6.4
"02/25/1986","S65E","DISSOLVED OXYGEN","mg/L",8.1
"03/25/1986","S65E","DISSOLVED OXYGEN","mg/L",7.8
"04/08/1986","S65E","DISSOLVED OXYGEN","mg/L",8.3
"04/15/1986","S65E","DISSOLVED OXYGEN","mg/L",5.6
"04/22/1986","S65E","DISSOLVED OXYGEN","mg/L",8
"05/06/1986","S65E","DISSOLVED OXYGEN","mg/L",6
"05/20/1986","S65E","DISSOLVED OXYGEN","mg/L",6.7
"06/04/1986","S65E","DISSOLVED OXYGEN","mg/L",5.7
"06/19/1986","S65E","DISSOLVED OXYGEN","mg/L",4
"07/01/1986","S65E","DISSOLVED OXYGEN","mg/L",1.3
"07/15/1986","S65E","DISSOLVED OXYGEN","mg/L",0.7
"07/29/1986","S65E","DISSOLVED OXYGEN","mg/L",1.7
"08/14/1986","S65E","DISSOLVED OXYGEN","mg/L",1.4
"08/26/1986","S65E","DISSOLVED OXYGEN","mg/L",2.4
"09/09/1986","S65E","DISSOLVED OXYGEN","mg/L",4
"09/23/1986","S65E","DISSOLVED OXYGEN","mg/L",2.6
"10/07/1986","S65E","DISSOLVED OXYGEN","mg/L",4
"10/09/1986","S65E","DISSOLVED OXYGEN","mg/L",3.3
"10/21/1986","S65E","DISSOLVED OXYGEN","mg/L",4.3
"11/04/1986","S65E","DISSOLVED OXYGEN","mg/L",6.4
"11/06/1986","S65E","DISSOLVED OXYGEN","mg/L",4.1
"11/18/1986","S65E","DISSOLVED OXYGEN","mg/L",5.1
"12/03/1986","S65E","DISSOLVED OXYGEN","mg/L",5.2
"12/04/1986","S65E","DISSOLVED OXYGEN","mg/L",5.7
"12/18/1986","S65E","DISSOLVED OXYGEN","mg/L",7.4
"01/07/1987","S65E","DISSOLVED OXYGEN","mg/L",6.2
"01/08/1987","S65E","DISSOLVED OXYGEN","mg/L",5.4
"01/15/1987","S65E","DISSOLVED OXYGEN","mg/L",6.6
"01/22/1987","S65E","DISSOLVED OXYGEN","mg/L",7.15
"01/29/1987","S65E","DISSOLVED OXYGEN","mg/L",6.3
"02/03/1987","S65E","DISSOLVED OXYGEN","mg/L",9.6
"02/05/1987","S65E","DISSOLVED OXYGEN","mg/L",6.2
"02/12/1987","S65E","DISSOLVED OXYGEN","mg/L",6.5
"02/18/1987","S65E","DISSOLVED OXYGEN","mg/L",8.9
"02/19/1987","S65E","DISSOLVED OXYGEN","mg/L",5.2
"02/26/1987","S65E","DISSOLVED OXYGEN","mg/L",5.7
"03/03/1987","S65E","DISSOLVED OXYGEN","mg/L",7.9
"03/05/1987","S65E","DISSOLVED OXYGEN","mg/L",6.2
"03/12/1987","S65E","DISSOLVED OXYGEN","mg/L",6.9
"03/17/1987","S65E","DISSOLVED OXYGEN","mg/L",6.1
"03/19/1987","S65E","DISSOLVED OXYGEN","mg/L",6
"03/26/1987","S65E","DISSOLVED OXYGEN","mg/L",6.1
"03/31/1987","S65E","DISSOLVED OXYGEN","mg/L",8.8
"04/14/1987","S65E","DISSOLVED OXYGEN","mg/L",7.9
"04/22/1987","S65E","DISSOLVED OXYGEN","mg/L",5.6
"04/28/1987","S65E","DISSOLVED OXYGEN","mg/L",6.9
"05/11/1987","S65E","DISSOLVED OXYGEN","mg/L",4.4
"05/13/1987","S65E","DISSOLVED OXYGEN","mg/L",4
"05/26/1987","S65E","DISSOLVED OXYGEN","mg/L",2.4
"06/01/1987","S65E","DISSOLVED OXYGEN","mg/L",3.5
"06/24/1987","S65E","DISSOLVED OXYGEN","mg/L",7.6
"07/01/1987","S65E","DISSOLVED OXYGEN","mg/L",4.4
"07/08/1987","S65E","DISSOLVED OXYGEN","mg/L",7.6
"07/21/1987","S65E","DISSOLVED OXYGEN","mg/L",1.9
"08/04/1987","S65E","DISSOLVED OXYGEN","mg/L",4.9
"08/18/1987","S65E","DISSOLVED OXYGEN","mg/L",2.5
"08/28/1987","S65E","DISSOLVED OXYGEN","mg/L",3.1
"09/09/1987","S65E","DISSOLVED OXYGEN","mg/L",9.6
"09/24/1987","S65E","DISSOLVED OXYGEN","mg/L",3.5
"09/29/1987","S65E","DISSOLVED OXYGEN","mg/L",3.6
"10/07/1987","S65E","DISSOLVED OXYGEN","mg/L",5.6
"10/13/1987","S65E","DISSOLVED OXYGEN","mg/L",4.7
"10/28/1987","S65E","DISSOLVED OXYGEN","mg/L",5.6
"11/10/1987","S65E","DISSOLVED OXYGEN","mg/L",5.2
"11/24/1987","S65E","DISSOLVED OXYGEN","mg/L",5.8
"12/08/1987","S65E","DISSOLVED OXYGEN","mg/L",6.6
"12/17/1987","S65E","DISSOLVED OXYGEN","mg/L",6.7
"12/22/1987","S65E","DISSOLVED OXYGEN","mg/L",8.5
"01/05/1988","S65E","DISSOLVED OXYGEN","mg/L",2.1
"01/19/1988","S65E","DISSOLVED OXYGEN","mg/L",6.8
"01/21/1988","S65E","DISSOLVED OXYGEN","mg/L",5.2
"02/02/1988","S65E","DISSOLVED OXYGEN","mg/L",7.5
"02/04/1988","S65E","DISSOLVED OXYGEN","mg/L",6.9
"02/16/1988","S65E","DISSOLVED OXYGEN","mg/L",8.2
"02/25/1988","S65E","DISSOLVED OXYGEN","mg/L",5.9
"03/01/1988","S65E","DISSOLVED OXYGEN","mg/L",7.1
"03/07/1988","S65E","DISSOLVED OXYGEN","mg/L",9.1
"03/14/1988","S65E","DISSOLVED OXYGEN","mg/L",6.7
"03/21/1988","S65E","DISSOLVED OXYGEN","mg/L",6.8
"03/28/1988","S65E","DISSOLVED OXYGEN","mg/L",5.8
"03/29/1988","S65E","DISSOLVED OXYGEN","mg/L",6.15
"04/04/1988","S65E","DISSOLVED OXYGEN","mg/L",5.3
"04/11/1988","S65E","DISSOLVED OXYGEN","mg/L",5.75
"04/12/1988","S65E","DISSOLVED OXYGEN","mg/L",5.5
"04/18/1988","S65E","DISSOLVED OXYGEN","mg/L",6
"04/25/1988","S65E","DISSOLVED OXYGEN","mg/L",7.5
"04/26/1988","S65E","DISSOLVED OXYGEN","mg/L",7.2
"05/02/1988","S65E","DISSOLVED OXYGEN","mg/L",5.7
"05/09/1988","S65E","DISSOLVED OXYGEN","mg/L",5.6
"05/10/1988","S65E","DISSOLVED OXYGEN","mg/L",7
"05/23/1988","S65E","DISSOLVED OXYGEN","mg/L",4.8
"05/24/1988","S65E","DISSOLVED OXYGEN","mg/L",5.7
"06/07/1988","S65E","DISSOLVED OXYGEN","mg/L",4.2
"06/20/1988","S65E","DISSOLVED OXYGEN","mg/L",6.2
"07/05/1988","S65E","DISSOLVED OXYGEN","mg/L",8.1
"07/12/1988","S65E","DISSOLVED OXYGEN","mg/L",5.8
"07/18/1988","S65E","DISSOLVED OXYGEN","mg/L",5.1
"07/19/1988","S65E","DISSOLVED OXYGEN","mg/L",5.15
"07/25/1988","S65E","DISSOLVED OXYGEN","mg/L",5.9
"08/02/1988","S65E","DISSOLVED OXYGEN","mg/L",2.8
"08/03/1988","S65E","DISSOLVED OXYGEN","mg/L",4.75
"08/09/1988","S65E","DISSOLVED OXYGEN","mg/L",3.7
"08/15/1988","S65E","DISSOLVED OXYGEN","mg/L",2.6
"08/16/1988","S65E","DISSOLVED OXYGEN","mg/L",3.6
"08/17/1988","S65E","DISSOLVED OXYGEN","mg/L",3.9
"08/29/1988","S65E","DISSOLVED OXYGEN","mg/L",1.9
"09/12/1988","S65E","DISSOLVED OXYGEN","mg/L",2.1
"09/13/1988","S65E","DISSOLVED OXYGEN","mg/L",2.4
"09/26/1988","S65E","DISSOLVED OXYGEN","mg/L",4.5
"09/27/1988","S65E","DISSOLVED OXYGEN","mg/L",5.6
"10/03/1988","S65E","DISSOLVED OXYGEN","mg/L",2.2
"10/10/1988","S65E","DISSOLVED OXYGEN","mg/L",4.25
"10/11/1988","S65E","DISSOLVED OXYGEN","mg/L",4.9
"10/17/1988","S65E","DISSOLVED OXYGEN","mg/L",5.2
"10/25/1988","S65E","DISSOLVED OXYGEN","mg/L",5.75
"10/31/1988","S65E","DISSOLVED OXYGEN","mg/L",6.3
"11/07/1988","S65E","DISSOLVED OXYGEN","mg/L",7.8
"11/21/1988","S65E","DISSOLVED OXYGEN","mg/L",3.8
"11/22/1988","S65E","DISSOLVED OXYGEN","mg/L",4
"12/05/1988","S65E","DISSOLVED OXYGEN","mg/L",6.3
"12/19/1988","S65E","DISSOLVED OXYGEN","mg/L",8.2
"01/03/1989","S65E","DISSOLVED OXYGEN","mg/L",8.7
"01/17/1989","S65E","DISSOLVED OXYGEN","mg/L",8.25
"01/30/1989","S65E","DISSOLVED OXYGEN","mg/L",6.1
"01/31/1989","S65E","DISSOLVED OXYGEN","mg/L",5.3
"02/13/1989","S65E","DISSOLVED OXYGEN","mg/L",5.5
"02/14/1989","S65E","DISSOLVED OXYGEN","mg/L",6.5
"02/22/1989","S65E","DISSOLVED OXYGEN","mg/L",7.2
"02/27/1989","S65E","DISSOLVED OXYGEN","mg/L",8.3
"02/28/1989","S65E","DISSOLVED OXYGEN","mg/L",7.4
"03/13/1989","S65E","DISSOLVED OXYGEN","mg/L",7.9
"03/15/1989","S65E","DISSOLVED OXYGEN","mg/L",9.6
"03/27/1989","S65E","DISSOLVED OXYGEN","mg/L",6.85
"03/28/1989","S65E","DISSOLVED OXYGEN","mg/L",7.1
"04/10/1989","S65E","DISSOLVED OXYGEN","mg/L",6
"04/11/1989","S65E","DISSOLVED OXYGEN","mg/L",8.2
"04/24/1989","S65E","DISSOLVED OXYGEN","mg/L",6.8
"05/08/1989","S65E","DISSOLVED OXYGEN","mg/L",5.05
"05/10/1989","S65E","DISSOLVED OXYGEN","mg/L",7.2
"05/22/1989","S65E","DISSOLVED OXYGEN","mg/L",7.8
"05/24/1989","S65E","DISSOLVED OXYGEN","mg/L",6.9
"06/05/1989","S65E","DISSOLVED OXYGEN","mg/L",5.4
"06/12/1989","S65E","DISSOLVED OXYGEN","mg/L",7
"06/19/1989","S65E","DISSOLVED OXYGEN","mg/L",6.6
"06/21/1989","S65E","DISSOLVED OXYGEN","mg/L",5
"07/03/1989","S65E","DISSOLVED OXYGEN","mg/L",8.5
"07/17/1989","S65E","DISSOLVED OXYGEN","mg/L",7.5
"07/18/1989","S65E","DISSOLVED OXYGEN","mg/L",6.1
"07/19/1989","S65E","DISSOLVED OXYGEN","mg/L",9.1
"07/31/1989","S65E","DISSOLVED OXYGEN","mg/L",5.7
"08/02/1989","S65E","DISSOLVED OXYGEN","mg/L",5.1
"08/14/1989","S65E","DISSOLVED OXYGEN","mg/L",4.2
"08/15/1989","S65E","DISSOLVED OXYGEN","mg/L",7.5
"08/22/1989","S65E","DISSOLVED OXYGEN","mg/L",3
"08/28/1989","S65E","DISSOLVED OXYGEN","mg/L",3.3
"08/29/1989","S65E","DISSOLVED OXYGEN","mg/L",2.85
"09/12/1989","S65E","DISSOLVED OXYGEN","mg/L",1.3
"09/13/1989","S65E","DISSOLVED OXYGEN","mg/L",4.9
"09/19/1989","S65E","DISSOLVED OXYGEN","mg/L",3.5
"09/25/1989","S65E","DISSOLVED OXYGEN","mg/L",4.7
"09/27/1989","S65E","DISSOLVED OXYGEN","mg/L",2.9
"10/03/1989","S65E","DISSOLVED OXYGEN","mg/L",3.3
"10/09/1989","S65E","DISSOLVED OXYGEN","mg/L",2.1
"10/11/1989","S65E","DISSOLVED OXYGEN","mg/L",2.4
"10/23/1989","S65E","DISSOLVED OXYGEN","mg/L",3.3
"10/24/1989","S65E","DISSOLVED OXYGEN","mg/L",3.8
"11/06/1989","S65E","DISSOLVED OXYGEN","mg/L",4.7
"11/08/1989","S65E","DISSOLVED OXYGEN","mg/L",3.5
"11/20/1989","S65E","DISSOLVED OXYGEN","mg/L",4.5
"12/04/1989","S65E","DISSOLVED OXYGEN","mg/L",5.8
"12/18/1989","S65E","DISSOLVED OXYGEN","mg/L",6.5
"12/26/1989","S65E","DISSOLVED OXYGEN","mg/L",7.3
"01/02/1990","S65E","DISSOLVED OXYGEN","mg/L",7.2
"01/03/1990","S65E","DISSOLVED OXYGEN","mg/L",7.6
"01/09/1990","S65E","DISSOLVED OXYGEN","mg/L",8
"01/16/1990","S65E","DISSOLVED OXYGEN","mg/L",6.8
"01/23/1990","S65E","DISSOLVED OXYGEN","mg/L",7.8
"01/30/1990","S65E","DISSOLVED OXYGEN","mg/L",5.9
"02/13/1990","S65E","DISSOLVED OXYGEN","mg/L",8.35
"02/20/1990","S65E","DISSOLVED OXYGEN","mg/L",7.5
"02/27/1990","S65E","DISSOLVED OXYGEN","mg/L",6.2
"02/28/1990","S65E","DISSOLVED OXYGEN","mg/L",7.5
"03/16/1990","S65E","DISSOLVED OXYGEN","mg/L",5.4
"03/26/1990","S65E","DISSOLVED OXYGEN","mg/L",7.2
"03/27/1990","S65E","DISSOLVED OXYGEN","mg/L",6.7
"04/03/1990","S65E","DISSOLVED OXYGEN","mg/L",6.2
"04/10/1990","S65E","DISSOLVED OXYGEN","mg/L",5.2
"04/11/1990","S65E","DISSOLVED OXYGEN","mg/L",6.4
"04/17/1990","S65E","DISSOLVED OXYGEN","mg/L",7.9
"04/23/1990","S65E","DISSOLVED OXYGEN","mg/L",5.9
"04/24/1990","S65E","DISSOLVED OXYGEN","mg/L",7.8
"04/30/1990","S65E","DISSOLVED OXYGEN","mg/L",6.3
"05/07/1990","S65E","DISSOLVED OXYGEN","mg/L",7.95
"05/14/1990","S65E","DISSOLVED OXYGEN","mg/L",6.1
"05/21/1990","S65E","DISSOLVED OXYGEN","mg/L",7.45
"05/29/1990","S65E","DISSOLVED OXYGEN","mg/L",7.5
"06/04/1990","S65E","DISSOLVED OXYGEN","mg/L",7.5
"06/05/1990","S65E","DISSOLVED OXYGEN","mg/L",9.3
"06/12/1990","S65E","DISSOLVED OXYGEN","mg/L",6.2
"06/18/1990","S65E","DISSOLVED OXYGEN","mg/L",6.05
"06/25/1990","S65E","DISSOLVED OXYGEN","mg/L",6.4
"07/02/1990","S65E","DISSOLVED OXYGEN","mg/L",5.1
"07/03/1990","S65E","DISSOLVED OXYGEN","mg/L",4
"07/09/1990","S65E","DISSOLVED OXYGEN","mg/L",2.7
"07/16/1990","S65E","DISSOLVED OXYGEN","mg/L",1.85
"07/23/1990","S65E","DISSOLVED OXYGEN","mg/L",3.1
"07/30/1990","S65E","DISSOLVED OXYGEN","mg/L",4.95
"08/06/1990","S65E","DISSOLVED OXYGEN","mg/L",3.6
"08/13/1990","S65E","DISSOLVED OXYGEN","mg/L",2.1
"08/20/1990","S65E","DISSOLVED OXYGEN","mg/L",3.4
"08/27/1990","S65E","DISSOLVED OXYGEN","mg/L",2.45
"09/04/1990","S65E","DISSOLVED OXYGEN","mg/L",1.6
"09/17/1990","S65E","DISSOLVED OXYGEN","mg/L",2.4
"09/24/1990","S65E","DISSOLVED OXYGEN","mg/L",2.3
"10/01/1990","S65E","DISSOLVED OXYGEN","mg/L",2.7
"10/08/1990","S65E","DISSOLVED OXYGEN","mg/L",2.3
"10/09/1990","S65E","DISSOLVED OXYGEN","mg/L",2.9
"10/16/1990","S65E","DISSOLVED OXYGEN","mg/L",3.3
"10/22/1990","S65E","DISSOLVED OXYGEN","mg/L",1.3
"10/31/1990","S65E","DISSOLVED OXYGEN","mg/L",3.6
"11/05/1990","S65E","DISSOLVED OXYGEN","mg/L",5.4
"11/06/1990","S65E","DISSOLVED OXYGEN","mg/L",5.1
"11/19/1990","S65E","DISSOLVED OXYGEN","mg/L",5.1
"11/20/1990","S65E","DISSOLVED OXYGEN","mg/L",5.1
"12/03/1990","S65E","DISSOLVED OXYGEN","mg/L",5.5
"12/10/1990","S65E","DISSOLVED OXYGEN","mg/L",5.9
"12/17/1990","S65E","DISSOLVED OXYGEN","mg/L",5.8
"12/18/1990","S65E","DISSOLVED OXYGEN","mg/L",5.6
"12/26/1990","S65E","DISSOLVED OXYGEN","mg/L",6
"12/31/1990","S65E","DISSOLVED OXYGEN","mg/L",5.7
"01/07/1991","S65E","DISSOLVED OXYGEN","mg/L",5.9
"01/14/1991","S65E","DISSOLVED OXYGEN","mg/L",6.4
"01/17/1991","S65E","DISSOLVED OXYGEN","mg/L",6.4
"01/22/1991","S65E","DISSOLVED OXYGEN","mg/L",6.1
"01/28/1991","S65E","DISSOLVED OXYGEN","mg/L",3.45
"02/04/1991","S65E","DISSOLVED OXYGEN","mg/L",6.5
"02/11/1991","S65E","DISSOLVED OXYGEN","mg/L",7.2
"02/19/1991","S65E","DISSOLVED OXYGEN","mg/L",7.6
"02/25/1991","S65E","DISSOLVED OXYGEN","mg/L",7.45
"02/26/1991","S65E","DISSOLVED OXYGEN","mg/L",5.9
"03/04/1991","S65E","DISSOLVED OXYGEN","mg/L",7.1
"03/11/1991","S65E","DISSOLVED OXYGEN","mg/L",7
"03/18/1991","S65E","DISSOLVED OXYGEN","mg/L",7.2
"03/25/1991","S65E","DISSOLVED OXYGEN","mg/L",7.7
"04/01/1991","S65E","DISSOLVED OXYGEN","mg/L",6.1
"04/08/1991","S65E","DISSOLVED OXYGEN","mg/L",6.3
"04/15/1991","S65E","DISSOLVED OXYGEN","mg/L",5.6
"04/22/1991","S65E","DISSOLVED OXYGEN","mg/L",4.65
"04/29/1991","S65E","DISSOLVED OXYGEN","mg/L",6
"05/06/1991","S65E","DISSOLVED OXYGEN","mg/L",6.15
"05/13/1991","S65E","DISSOLVED OXYGEN","mg/L",6.1
"05/20/1991","S65E","DISSOLVED OXYGEN","mg/L",4.55
"05/28/1991","S65E","DISSOLVED OXYGEN","mg/L",4.5
"06/03/1991","S65E","DISSOLVED OXYGEN","mg/L",3.2
"06/10/1991","S65E","DISSOLVED OXYGEN","mg/L",3.3
"06/17/1991","S65E","DISSOLVED OXYGEN","mg/L",3.6
"06/18/1991","S65E","DISSOLVED OXYGEN","mg/L",5
"07/15/1991","S65E","DISSOLVED OXYGEN","mg/L",2.35
"07/22/1991","S65E","DISSOLVED OXYGEN","mg/L",4.3
"08/05/1991","S65E","DISSOLVED OXYGEN","mg/L",2.7
"08/12/1991","S65E","DISSOLVED OXYGEN","mg/L",2.1
"08/19/1991","S65E","DISSOLVED OXYGEN","mg/L",3.5
"08/26/1991","S65E","DISSOLVED OXYGEN","mg/L",2.45
"08/28/1991","S65E","DISSOLVED OXYGEN","mg/L",1.6
"09/03/1991","S65E","DISSOLVED OXYGEN","mg/L",2.2
"09/09/1991","S65E","DISSOLVED OXYGEN","mg/L",1.85
"09/17/1991","S65E","DISSOLVED OXYGEN","mg/L",2.2
"09/23/1991","S65E","DISSOLVED OXYGEN","mg/L",3.45
"09/30/1991","S65E","DISSOLVED OXYGEN","mg/L",1.7
"10/07/1991","S65E","DISSOLVED OXYGEN","mg/L",2.75
"10/14/1991","S65E","DISSOLVED OXYGEN","mg/L",3.7
"10/21/1991","S65E","DISSOLVED OXYGEN","mg/L",2.25
"10/28/1991","S65E","DISSOLVED OXYGEN","mg/L",4.7
"11/04/1991","S65E","DISSOLVED OXYGEN","mg/L",4.5
"11/18/1991","S65E","DISSOLVED OXYGEN","mg/L",6.6
"11/20/1991","S65E","DISSOLVED OXYGEN","mg/L",5.4
"11/25/1991","S65E","DISSOLVED OXYGEN","mg/L",6.8
"12/02/1991","S65E","DISSOLVED OXYGEN","mg/L",6.4
"12/09/1991","S65E","DISSOLVED OXYGEN","mg/L",6.6
"12/16/1991","S65E","DISSOLVED OXYGEN","mg/L",6.5
"12/23/1991","S65E","DISSOLVED OXYGEN","mg/L",6.9
"12/30/1991","S65E","DISSOLVED OXYGEN","mg/L",6.85
"01/06/1992","S65E","DISSOLVED OXYGEN","mg/L",7.6
"01/13/1992","S65E","DISSOLVED OXYGEN","mg/L",7.35
"01/21/1992","S65E","DISSOLVED OXYGEN","mg/L",7.7
"01/27/1992","S65E","DISSOLVED OXYGEN","mg/L",7.15
"02/03/1992","S65E","DISSOLVED OXYGEN","mg/L",8.3
"02/10/1992","S65E","DISSOLVED OXYGEN","mg/L",7.9
"02/11/1992","S65E","DISSOLVED OXYGEN","mg/L",8.1
"02/19/1992","S65E","DISSOLVED OXYGEN","mg/L",7.2
"02/24/1992","S65E","DISSOLVED OXYGEN","mg/L",7.5
"02/27/1992","S65E","DISSOLVED OXYGEN","mg/L",7.4
"03/02/1992","S65E","DISSOLVED OXYGEN","mg/L",6.3
"03/09/1992","S65E","DISSOLVED OXYGEN","mg/L",7.5
"03/11/1992","S65E","DISSOLVED OXYGEN","mg/L",7.4
"03/16/1992","S65E","DISSOLVED OXYGEN","mg/L",7.6
"03/23/1992","S65E","DISSOLVED OXYGEN","mg/L",6.8
"03/26/1992","S65E","DISSOLVED OXYGEN","mg/L",6.8
"03/30/1992","S65E","DISSOLVED OXYGEN","mg/L",7.1
"04/06/1992","S65E","DISSOLVED OXYGEN","mg/L",7.7
"04/07/1992","S65E","DISSOLVED OXYGEN","mg/L",4.7
"04/13/1992","S65E","DISSOLVED OXYGEN","mg/L",7.2
"04/20/1992","S65E","DISSOLVED OXYGEN","mg/L",6.9
"04/21/1992","S65E","DISSOLVED OXYGEN","mg/L",5.1
"04/27/1992","S65E","DISSOLVED OXYGEN","mg/L",6.6
"05/04/1992","S65E","DISSOLVED OXYGEN","mg/L",7.5
"05/05/1992","S65E","DISSOLVED OXYGEN","mg/L",7
"05/11/1992","S65E","DISSOLVED OXYGEN","mg/L",7.1
"05/18/1992","S65E","DISSOLVED OXYGEN","mg/L",6.6
"05/19/1992","S65E","DISSOLVED OXYGEN","mg/L",5
"05/26/1992","S65E","DISSOLVED OXYGEN","mg/L",7.3
"06/01/1992","S65E","DISSOLVED OXYGEN","mg/L",7.9
"06/02/1992","S65E","DISSOLVED OXYGEN","mg/L",5.9
"06/08/1992","S65E","DISSOLVED OXYGEN","mg/L",5.8
"06/15/1992","S65E","DISSOLVED OXYGEN","mg/L",7.9
"06/16/1992","S65E","DISSOLVED OXYGEN","mg/L",2.6
"06/22/1992","S65E","DISSOLVED OXYGEN","mg/L",8.1
"06/29/1992","S65E","DISSOLVED OXYGEN","mg/L",4.4
"06/30/1992","S65E","DISSOLVED OXYGEN","mg/L",3
"07/06/1992","S65E","DISSOLVED OXYGEN","mg/L",6.1
"07/08/1992","S65E","DISSOLVED OXYGEN","mg/L",2
"07/13/1992","S65E","DISSOLVED OXYGEN","mg/L",2.7
"07/14/1992","S65E","DISSOLVED OXYGEN","mg/L",0.8
"07/21/1992","S65E","DISSOLVED OXYGEN","mg/L",1.4
"07/27/1992","S65E","DISSOLVED OXYGEN","mg/L",5
"08/03/1992","S65E","DISSOLVED OXYGEN","mg/L",4.2
"08/11/1992","S65E","DISSOLVED OXYGEN","mg/L",1.8
"08/17/1992","S65E","DISSOLVED OXYGEN","mg/L",3.2
"08/26/1992","S65E","DISSOLVED OXYGEN","mg/L",2.7
"09/10/1992","S65E","DISSOLVED OXYGEN","mg/L",2.6
"09/15/1992","S65E","DISSOLVED OXYGEN","mg/L",2.2
"09/21/1992","S65E","DISSOLVED OXYGEN","mg/L",5.3
"09/22/1992","S65E","DISSOLVED OXYGEN","mg/L",3.3
"09/28/1992","S65E","DISSOLVED OXYGEN","mg/L",3.2
"10/06/1992","S65E","DISSOLVED OXYGEN","mg/L",4.73333333333333
"10/13/1992","S65E","DISSOLVED OXYGEN","mg/L",4.8
"10/20/1992","S65E","DISSOLVED OXYGEN","mg/L",5.59333333333333
"10/27/1992","S65E","DISSOLVED OXYGEN","mg/L",6.55
"11/03/1992","S65E","DISSOLVED OXYGEN","mg/L",5.19
"11/10/1992","S65E","DISSOLVED OXYGEN","mg/L",5.67
"11/17/1992","S65E","DISSOLVED OXYGEN","mg/L",5.14
"11/18/1992","S65E","DISSOLVED OXYGEN","mg/L",5.695
"11/23/1992","S65E","DISSOLVED OXYGEN","mg/L",6.2
"12/03/1992","S65E","DISSOLVED OXYGEN","mg/L",5.945
"12/08/1992","S65E","DISSOLVED OXYGEN","mg/L",6.41
"12/15/1992","S65E","DISSOLVED OXYGEN","mg/L",6.83
"12/29/1992","S65E","DISSOLVED OXYGEN","mg/L",7.3
"01/06/1993","S65E","DISSOLVED OXYGEN","mg/L",6.82
"01/11/1993","S65E","DISSOLVED OXYGEN","mg/L",6.34
"01/13/1993","S65E","DISSOLVED OXYGEN","mg/L",5.69
"01/21/1993","S65E","DISSOLVED OXYGEN","mg/L",6.55
"01/27/1993","S65E","DISSOLVED OXYGEN","mg/L",6.62
"02/03/1993","S65E","DISSOLVED OXYGEN","mg/L",7.69
"02/08/1993","S65E","DISSOLVED OXYGEN","mg/L",7.01
"02/10/1993","S65E","DISSOLVED OXYGEN","mg/L",7.21
"02/18/1993","S65E","DISSOLVED OXYGEN","mg/L",7.22
"02/23/1993","S65E","DISSOLVED OXYGEN","mg/L",7.49
"02/24/1993","S65E","DISSOLVED OXYGEN","mg/L",7.05
"03/03/1993","S65E","DISSOLVED OXYGEN","mg/L",6.69
"03/08/1993","S65E","DISSOLVED OXYGEN","mg/L",9.295
"03/10/1993","S65E","DISSOLVED OXYGEN","mg/L",7.15
"03/17/1993","S65E","DISSOLVED OXYGEN","mg/L",7
"03/23/1993","S65E","DISSOLVED OXYGEN","mg/L",6.53
"03/25/1993","S65E","DISSOLVED OXYGEN","mg/L",6.46
"03/30/1993","S65E","DISSOLVED OXYGEN","mg/L",5.17
"04/06/1993","S65E","DISSOLVED OXYGEN","mg/L",6.005
"04/20/1993","S65E","DISSOLVED OXYGEN","mg/L",5.75
"05/04/1993","S65E","DISSOLVED OXYGEN","mg/L",6.40333333333333
"05/18/1993","S65E","DISSOLVED OXYGEN","mg/L",6.63
"05/20/1993","S65E","DISSOLVED OXYGEN","mg/L",5.06
"06/01/1993","S65E","DISSOLVED OXYGEN","mg/L",9.82
"06/02/1993","S65E","DISSOLVED OXYGEN","mg/L",6.52
"06/15/1993","S65E","DISSOLVED OXYGEN","mg/L",4.26
"06/26/1993","S65E","DISSOLVED OXYGEN","mg/L",3.73
"06/29/1993","S65E","DISSOLVED OXYGEN","mg/L",6.52
"07/13/1993","S65E","DISSOLVED OXYGEN","mg/L",4.38
"07/27/1993","S65E","DISSOLVED OXYGEN","mg/L",7.15
"08/10/1993","S65E","DISSOLVED OXYGEN","mg/L",5.14
"08/17/1993","S65E","DISSOLVED OXYGEN","mg/L",6.01
"08/24/1993","S65E","DISSOLVED OXYGEN","mg/L",10.7
"09/07/1993","S65E","DISSOLVED OXYGEN","mg/L",4.15
"09/21/1993","S65E","DISSOLVED OXYGEN","mg/L",3.24
"10/05/1993","S65E","DISSOLVED OXYGEN","mg/L",3.12
"10/19/1993","S65E","DISSOLVED OXYGEN","mg/L",3.35
"11/02/1993","S65E","DISSOLVED OXYGEN","mg/L",3.95
"11/16/1993","S65E","DISSOLVED OXYGEN","mg/L",4.755
"12/01/1993","S65E","DISSOLVED OXYGEN","mg/L",5.97
"12/14/1993","S65E","DISSOLVED OXYGEN","mg/L",5.985
"12/28/1993","S65E","DISSOLVED OXYGEN","mg/L",6.19
"01/11/1994","S65E","DISSOLVED OXYGEN","mg/L",7.3
"01/19/1994","S65E","DISSOLVED OXYGEN","mg/L",8.06
"01/25/1994","S65E","DISSOLVED OXYGEN","mg/L",6.91
"02/08/1994","S65E","DISSOLVED OXYGEN","mg/L",7.22
"02/15/1994","S65E","DISSOLVED OXYGEN","mg/L",6.62
"02/22/1994","S65E","DISSOLVED OXYGEN","mg/L",6.06
"03/08/1994","S65E","DISSOLVED OXYGEN","mg/L",6.21
"03/15/1994","S65E","DISSOLVED OXYGEN","mg/L",6.3
"03/22/1994","S65E","DISSOLVED OXYGEN","mg/L",7.21
"04/05/1994","S65E","DISSOLVED OXYGEN","mg/L",7.5
"04/12/1994","S65E","DISSOLVED OXYGEN","mg/L",6.09
"04/19/1994","S65E","DISSOLVED OXYGEN","mg/L",7.59
"05/03/1994","S65E","DISSOLVED OXYGEN","mg/L",8.04
"05/17/1994","S65E","DISSOLVED OXYGEN","mg/L",4.635
"05/31/1994","S65E","DISSOLVED OXYGEN","mg/L",7.17
"06/14/1994","S65E","DISSOLVED OXYGEN","mg/L",4.535
"06/28/1994","S65E","DISSOLVED OXYGEN","mg/L",3.32
"07/12/1994","S65E","DISSOLVED OXYGEN","mg/L",2.4
"07/19/1994","S65E","DISSOLVED OXYGEN","mg/L",2.04
"07/26/1994","S65E","DISSOLVED OXYGEN","mg/L",2.59
"08/03/1994","S65E","DISSOLVED OXYGEN","mg/L",2.26
"08/09/1994","S65E","DISSOLVED OXYGEN","mg/L",5.74
"08/23/1994","S65E","DISSOLVED OXYGEN","mg/L",2.16
"09/06/1994","S65E","DISSOLVED OXYGEN","mg/L",3.01
"10/04/1994","S65E","DISSOLVED OXYGEN","mg/L",3.57
"10/18/1994","S65E","DISSOLVED OXYGEN","mg/L",3.87
"11/01/1994","S65E","DISSOLVED OXYGEN","mg/L",5.52
"11/15/1994","S65E","DISSOLVED OXYGEN","mg/L",5.21
"11/29/1994","S65E","DISSOLVED OXYGEN","mg/L",6.14
"12/13/1994","S65E","DISSOLVED OXYGEN","mg/L",4.65
"12/27/1994","S65E","DISSOLVED OXYGEN","mg/L",5.91
"01/10/1995","S65E","DISSOLVED OXYGEN","mg/L",6.44
"01/24/1995","S65E","DISSOLVED OXYGEN","mg/L",5.02
"02/21/1995","S65E","DISSOLVED OXYGEN","mg/L",6.2
"03/07/1995","S65E","DISSOLVED OXYGEN","mg/L",8.32
"03/21/1995","S65E","DISSOLVED OXYGEN","mg/L",1.59
"04/04/1995","S65E","DISSOLVED OXYGEN","mg/L",5.48
"04/18/1995","S65E","DISSOLVED OXYGEN","mg/L",3.89666666666667
"05/02/1995","S65E","DISSOLVED OXYGEN","mg/L",5.72
"05/16/1995","S65E","DISSOLVED OXYGEN","mg/L",6.88
"05/30/1995","S65E","DISSOLVED OXYGEN","mg/L",5.58
"06/13/1995","S65E","DISSOLVED OXYGEN","mg/L",6.62
"06/27/1995","S65E","DISSOLVED OXYGEN","mg/L",7.35
"07/11/1995","S65E","DISSOLVED OXYGEN","mg/L",4.15
"07/25/1995","S65E","DISSOLVED OXYGEN","mg/L",4.3
"08/08/1995","S65E","DISSOLVED OXYGEN","mg/L",3.49
"08/22/1995","S65E","DISSOLVED OXYGEN","mg/L",3.54
"09/05/1995","S65E","DISSOLVED OXYGEN","mg/L",4.14
"09/19/1995","S65E","DISSOLVED OXYGEN","mg/L",3.98
"10/03/1995","S65E","DISSOLVED OXYGEN","mg/L",4.17
"10/17/1995","S65E","DISSOLVED OXYGEN","mg/L",4.17
"10/31/1995","S65E","DISSOLVED OXYGEN","mg/L",4.66
"11/14/1995","S65E","DISSOLVED OXYGEN","mg/L",5.31
"11/28/1995","S65E","DISSOLVED OXYGEN","mg/L",6.04
"12/12/1995","S65E","DISSOLVED OXYGEN","mg/L",6.06
"12/26/1995","S65E","DISSOLVED OXYGEN","mg/L",7.49
"01/09/1996","S65E","DISSOLVED OXYGEN","mg/L",8.09
"01/23/1996","S65E","DISSOLVED OXYGEN","mg/L",6.44
"02/06/1996","S65E","DISSOLVED OXYGEN","mg/L",7.60666666666667
"02/20/1996","S65E","DISSOLVED OXYGEN","mg/L",7.75
"03/05/1996","S65E","DISSOLVED OXYGEN","mg/L",2.07
"03/19/1996","S65E","DISSOLVED OXYGEN","mg/L",8.17
"04/02/1996","S65E","DISSOLVED OXYGEN","mg/L",5.95
"04/16/1996","S65E","DISSOLVED OXYGEN","mg/L",4.01
"04/30/1996","S65E","DISSOLVED OXYGEN","mg/L",4.9
"05/14/1996","S65E","DISSOLVED OXYGEN","mg/L",5.08
"05/20/1996","S65E","DISSOLVED OXYGEN","mg/L",3.12
"05/28/1996","S65E","DISSOLVED OXYGEN","mg/L",4.44
"06/11/1996","S65E","DISSOLVED OXYGEN","mg/L",3.7
"06/25/1996","S65E","DISSOLVED OXYGEN","mg/L",6.33
"07/09/1996","S65E","DISSOLVED OXYGEN","mg/L",4.62
"07/23/1996","S65E","DISSOLVED OXYGEN","mg/L",4.16
"08/06/1996","S65E","DISSOLVED OXYGEN","mg/L",2.41
"08/20/1996","S65E","DISSOLVED OXYGEN","mg/L",3.06
"09/03/1996","S65E","DISSOLVED OXYGEN","mg/L",1.94
"09/17/1996","S65E","DISSOLVED OXYGEN","mg/L",3.41
"10/01/1996","S65E","DISSOLVED OXYGEN","mg/L",3.46
"10/15/1996","S65E","DISSOLVED OXYGEN","mg/L",4.65
"10/29/1996","S65E","DISSOLVED OXYGEN","mg/L",3.55
"11/04/1996","S65E","DISSOLVED OXYGEN","mg/L",3.78
"11/12/1996","S65E","DISSOLVED OXYGEN","mg/L",5.15
"11/26/1996","S65E","DISSOLVED OXYGEN","mg/L",5.43
"12/10/1996","S65E","DISSOLVED OXYGEN","mg/L",6.48
"12/26/1996","S65E","DISSOLVED OXYGEN","mg/L",4.52
"01/07/1997","S65E","DISSOLVED OXYGEN","mg/L",7.47
"01/21/1997","S65E","DISSOLVED OXYGEN","mg/L",7.08
"02/05/1997","S65E","DISSOLVED OXYGEN","mg/L",6.32
"02/18/1997","S65E","DISSOLVED OXYGEN","mg/L",6.56
"02/24/1997","S65E","DISSOLVED OXYGEN","mg/L",5.86
"03/04/1997","S65E","DISSOLVED OXYGEN","mg/L",7.14
"03/18/1997","S65E","DISSOLVED OXYGEN","mg/L",6.5
"04/01/1997","S65E","DISSOLVED OXYGEN","mg/L",6.64
"04/15/1997","S65E","DISSOLVED OXYGEN","mg/L",6.83
"04/29/1997","S65E","DISSOLVED OXYGEN","mg/L",6.74
"05/13/1997","S65E","DISSOLVED OXYGEN","mg/L",5.74
"05/19/1997","S65E","DISSOLVED OXYGEN","mg/L",4.42
"05/27/1997","S65E","DISSOLVED OXYGEN","mg/L",4.9
"06/10/1997","S65E","DISSOLVED OXYGEN","mg/L",6.61
"06/24/1997","S65E","DISSOLVED OXYGEN","mg/L",1.41
"07/08/1997","S65E","DISSOLVED OXYGEN","mg/L",5.09
"07/22/1997","S65E","DISSOLVED OXYGEN","mg/L",4.15
"08/05/1997","S65E","DISSOLVED OXYGEN","mg/L",2.85
"08/19/1997","S65E","DISSOLVED OXYGEN","mg/L",1.06
"08/28/1997","S65E","DISSOLVED OXYGEN","mg/L",3.9
"09/02/1997","S65E","DISSOLVED OXYGEN","mg/L",2.75
"09/16/1997","S65E","DISSOLVED OXYGEN","mg/L",3.18
"09/30/1997","S65E","DISSOLVED OXYGEN","mg/L",4.2
"10/14/1997","S65E","DISSOLVED OXYGEN","mg/L",2.81
"10/28/1997","S65E","DISSOLVED OXYGEN","mg/L",5.04
"11/12/1997","S65E","DISSOLVED OXYGEN","mg/L",6.08
"11/17/1997","S65E","DISSOLVED OXYGEN","mg/L",4.74
"11/25/1997","S65E","DISSOLVED OXYGEN","mg/L",4.86
"12/09/1997","S65E","DISSOLVED OXYGEN","mg/L",6.03
"12/23/1997","S65E","DISSOLVED OXYGEN","mg/L",7.66
"01/06/1998","S65E","DISSOLVED OXYGEN","mg/L",6.17
"01/20/1998","S65E","DISSOLVED OXYGEN","mg/L",8.21
"02/03/1998","S65E","DISSOLVED OXYGEN","mg/L",5.92
"02/17/1998","S65E","DISSOLVED OXYGEN","mg/L",8.4
"02/18/1998","S65E","DISSOLVED OXYGEN","mg/L",6.86
"03/03/1998","S65E","DISSOLVED OXYGEN","mg/L",5.82
"03/17/1998","S65E","DISSOLVED OXYGEN","mg/L",7.65
"03/31/1998","S65E","DISSOLVED OXYGEN","mg/L",5.03
"04/14/1998","S65E","DISSOLVED OXYGEN","mg/L",6.41
"04/28/1998","S65E","DISSOLVED OXYGEN","mg/L",6.19
"05/12/1998","S65E","DISSOLVED OXYGEN","mg/L",4.85
"05/18/1998","S65E","DISSOLVED OXYGEN","mg/L",4.22
"05/26/1998","S65E","DISSOLVED OXYGEN","mg/L",4.17
"06/09/1998","S65E","DISSOLVED OXYGEN","mg/L",1.1
"06/23/1998","S65E","DISSOLVED OXYGEN","mg/L",4.18
"07/07/1998","S65E","DISSOLVED OXYGEN","mg/L",5.65
"07/21/1998","S65E","DISSOLVED OXYGEN","mg/L",2.44
"08/04/1998","S65E","DISSOLVED OXYGEN","mg/L",6.83
"08/18/1998","S65E","DISSOLVED OXYGEN","mg/L",1.16
"08/24/1998","S65E","DISSOLVED OXYGEN","mg/L",2.67
"09/15/1998","S65E","DISSOLVED OXYGEN","mg/L",1.45
"09/29/1998","S65E","DISSOLVED OXYGEN","mg/L",1.04
"10/13/1998","S65E","DISSOLVED OXYGEN","mg/L",2.57
"10/27/1998","S65E","DISSOLVED OXYGEN","mg/L",3.53
"11/24/1998","S65E","DISSOLVED OXYGEN","mg/L",3.22
"12/08/1998","S65E","DISSOLVED OXYGEN","mg/L",3.27
"12/22/1998","S65E","DISSOLVED OXYGEN","mg/L",5.22
"01/05/1999","S65E","DISSOLVED OXYGEN","mg/L",5.73
"01/19/1999","S65E","DISSOLVED OXYGEN","mg/L",6.34
"01/25/1999","S65E","DISSOLVED OXYGEN","mg/L",7.25
"02/02/1999","S65E","DISSOLVED OXYGEN","mg/L",7.13
"02/16/1999","S65E","DISSOLVED OXYGEN","mg/L",5.58
"03/16/1999","S65E","DISSOLVED OXYGEN","mg/L",6.74
"03/30/1999","S65E","DISSOLVED OXYGEN","mg/L",5.43
"04/13/1999","S65E","DISSOLVED OXYGEN","mg/L",10
"04/19/1999","S65E","DISSOLVED OXYGEN","mg/L",6.77
"04/27/1999","S65E","DISSOLVED OXYGEN","mg/L",8.32
"05/11/1999","S65E","DISSOLVED OXYGEN","mg/L",6.94
"05/25/1999","S65E","DISSOLVED OXYGEN","mg/L",6.87
"06/08/1999","S65E","DISSOLVED OXYGEN","mg/L",4.02
"06/22/1999","S65E","DISSOLVED OXYGEN","mg/L",9.82
"07/06/1999","S65E","DISSOLVED OXYGEN","mg/L",3.87
"07/20/1999","S65E","DISSOLVED OXYGEN","mg/L",0.29
"07/26/1999","S65E","DISSOLVED OXYGEN","mg/L",1.97
"08/03/1999","S65E","DISSOLVED OXYGEN","mg/L",3.15
"08/17/1999","S65E","DISSOLVED OXYGEN","mg/L",0.76
"08/31/1999","S65E","DISSOLVED OXYGEN","mg/L",0.24
"09/16/1999","S65E","DISSOLVED OXYGEN","mg/L",4.36
"09/28/1999","S65E","DISSOLVED OXYGEN","mg/L",1.51
"10/12/1999","S65E","DISSOLVED OXYGEN","mg/L",1.84
"10/18/1999","S65E","DISSOLVED OXYGEN","mg/L",8.59
"11/09/1999","S65E","DISSOLVED OXYGEN","mg/L",4.22
"11/23/1999","S65E","DISSOLVED OXYGEN","mg/L",5.47
"12/07/1999","S65E","DISSOLVED OXYGEN","mg/L",6.14
"12/21/1999","S65E","DISSOLVED OXYGEN","mg/L",5.16
"01/04/2000","S65E","DISSOLVED OXYGEN","mg/L",6.52
"01/18/2000","S65E","DISSOLVED OXYGEN","mg/L",5.72
"01/24/2000","S65E","DISSOLVED OXYGEN","mg/L",7.06
"02/01/2000","S65E","DISSOLVED OXYGEN","mg/L",10.03
"02/15/2000","S65E","DISSOLVED OXYGEN","mg/L",8.71
"02/29/2000","S65E","DISSOLVED OXYGEN","mg/L",6.34
"03/14/2000","S65E","DISSOLVED OXYGEN","mg/L",6.33
"03/28/2000","S65E","DISSOLVED OXYGEN","mg/L",5.96
"04/11/2000","S65E","DISSOLVED OXYGEN","mg/L",6.07
"04/17/2000","S65E","DISSOLVED OXYGEN","mg/L",7.99
"04/24/2000","S65E","DISSOLVED OXYGEN","mg/L",4.9
"05/09/2000","S65E","DISSOLVED OXYGEN","mg/L",3.94
"05/23/2000","S65E","DISSOLVED OXYGEN","mg/L",8.57
"06/06/2000","S65E","DISSOLVED OXYGEN","mg/L",7.82
"06/20/2000","S65E","DISSOLVED OXYGEN","mg/L",7.73
"07/24/2000","S65E","DISSOLVED OXYGEN","mg/L",4.42
"07/25/2000","S65E","DISSOLVED OXYGEN","mg/L",4.42
"08/01/2000","S65E","DISSOLVED OXYGEN","mg/L",2.75
"08/15/2000","S65E","DISSOLVED OXYGEN","mg/L",4.94
"08/29/2000","S65E","DISSOLVED OXYGEN","mg/L",4.33
"09/12/2000","S65E","DISSOLVED OXYGEN","mg/L",3.88
"10/10/2000","S65E","DISSOLVED OXYGEN","mg/L",3.05
"10/16/2000","S65E","DISSOLVED OXYGEN","mg/L",3.12
"10/24/2000","S65E","DISSOLVED OXYGEN","mg/L",4.71
"11/21/2000","S65E","DISSOLVED OXYGEN","mg/L",5.7
"12/19/2000","S65E","DISSOLVED OXYGEN","mg/L",7.34
"01/16/2001","S65E","DISSOLVED OXYGEN","mg/L",9.16
"01/22/2001","S65E","DISSOLVED OXYGEN","mg/L",8.33
"01/30/2001","S65E","DISSOLVED OXYGEN","mg/L",7.89
"02/13/2001","S65E","DISSOLVED OXYGEN","mg/L",6.97
"03/13/2001","S65E","DISSOLVED OXYGEN","mg/L",7
"03/27/2001","S65E","DISSOLVED OXYGEN","mg/L",6.61
"04/10/2001","S65E","DISSOLVED OXYGEN","mg/L",6.57
"04/16/2001","S65E","DISSOLVED OXYGEN","mg/L",7.55
"04/24/2001","S65E","DISSOLVED OXYGEN","mg/L",5.55
"05/08/2001","S65E","DISSOLVED OXYGEN","mg/L",6.86
"05/22/2001","S65E","DISSOLVED OXYGEN","mg/L",6.77
"06/05/2001","S65E","DISSOLVED OXYGEN","mg/L",4.74
"06/19/2001","S65E","DISSOLVED OXYGEN","mg/L",5.34
"07/03/2001","S65E","DISSOLVED OXYGEN","mg/L",4.34
"07/16/2001","S65E","DISSOLVED OXYGEN","mg/L",3.57
"07/17/2001","S65E","DISSOLVED OXYGEN","mg/L",4.12
"07/31/2001","S65E","DISSOLVED OXYGEN","mg/L",1.83
"08/14/2001","S65E","DISSOLVED OXYGEN","mg/L",0.66
"09/11/2001","S65E","DISSOLVED OXYGEN","mg/L",1.72
"09/25/2001","S65E","DISSOLVED OXYGEN","mg/L",0.94
"10/08/2001","S65E","DISSOLVED OXYGEN","mg/L",2.01
"10/09/2001","S65E","DISSOLVED OXYGEN","mg/L",3.45
"11/06/2001","S65E","DISSOLVED OXYGEN","mg/L",4.89
"11/20/2001","S65E","DISSOLVED OXYGEN","mg/L",6.46
"12/04/2001","S65E","DISSOLVED OXYGEN","mg/L",3.29
"12/18/2001","S65E","DISSOLVED OXYGEN","mg/L",4.79
"01/02/2002","S65E","DISSOLVED OXYGEN","mg/L",5.43
"01/15/2002","S65E","DISSOLVED OXYGEN","mg/L",8.32
"01/29/2002","S65E","DISSOLVED OXYGEN","mg/L",6.42
"02/12/2002","S65E","DISSOLVED OXYGEN","mg/L",6.15
"02/26/2002","S65E","DISSOLVED OXYGEN","mg/L",6.46
"03/12/2002","S65E","DISSOLVED OXYGEN","mg/L",7.42
"03/18/2002","S65E","DISSOLVED OXYGEN","mg/L",6.04
"03/26/2002","S65E","DISSOLVED OXYGEN","mg/L",5.64
"04/09/2002","S65E","DISSOLVED OXYGEN","mg/L",5.23
"05/07/2002","S65E","DISSOLVED OXYGEN","mg/L",4.97
"05/21/2002","S65E","DISSOLVED OXYGEN","mg/L",4.89
"06/04/2002","S65E","DISSOLVED OXYGEN","mg/L",7.16
"06/18/2002","S65E","DISSOLVED OXYGEN","mg/L",5.11
"06/24/2002","S65E","DISSOLVED OXYGEN","mg/L",4.68
"07/02/2002","S65E","DISSOLVED OXYGEN","mg/L",0.33
"07/16/2002","S65E","DISSOLVED OXYGEN","mg/L",0.38
"07/30/2002","S65E","DISSOLVED OXYGEN","mg/L",0.61
"08/27/2002","S65E","DISSOLVED OXYGEN","mg/L",2.17
"09/10/2002","S65E","DISSOLVED OXYGEN","mg/L",1.05
"09/16/2002","S65E","DISSOLVED OXYGEN","mg/L",1.92
"09/24/2002","S65E","DISSOLVED OXYGEN","mg/L",2.23
"10/08/2002","S65E","DISSOLVED OXYGEN","mg/L",2.43
"10/22/2002","S65E","DISSOLVED OXYGEN","mg/L",2.88
"11/05/2002","S65E","DISSOLVED OXYGEN","mg/L",3
"11/19/2002","S65E","DISSOLVED OXYGEN","mg/L",5.37
"12/03/2002","S65E","DISSOLVED OXYGEN","mg/L",5.5
"12/17/2002","S65E","DISSOLVED OXYGEN","mg/L",4.37
"12/30/2002","S65E","DISSOLVED OXYGEN","mg/L",6.17
"12/31/2002","S65E","DISSOLVED OXYGEN","mg/L",3.81
"01/14/2003","S65E","DISSOLVED OXYGEN","mg/L",7.33
"01/28/2003","S65E","DISSOLVED OXYGEN","mg/L",7.21
"02/11/2003","S65E","DISSOLVED OXYGEN","mg/L",4.68
"02/25/2003","S65E","DISSOLVED OXYGEN","mg/L",6.13
"03/11/2003","S65E","DISSOLVED OXYGEN","mg/L",5.47
"03/24/2003","S65E","DISSOLVED OXYGEN","mg/L",4.38
"03/25/2003","S65E","DISSOLVED OXYGEN","mg/L",3.67
"04/08/2003","S65E","DISSOLVED OXYGEN","mg/L",4.5
"04/22/2003","S65E","DISSOLVED OXYGEN","mg/L",3.31
"05/06/2003","S65E","DISSOLVED OXYGEN","mg/L",4.16
"05/20/2003","S65E","DISSOLVED OXYGEN","mg/L",3.73
"06/03/2003","S65E","DISSOLVED OXYGEN","mg/L",5.42
"06/16/2003","S65E","DISSOLVED OXYGEN","mg/L",4.38
"06/17/2003","S65E","DISSOLVED OXYGEN","mg/L",4.77
"07/01/2003","S65E","DISSOLVED OXYGEN","mg/L",4.21
"07/15/2003","S65E","DISSOLVED OXYGEN","mg/L",3.38
"07/29/2003","S65E","DISSOLVED OXYGEN","mg/L",2.68
"08/12/2003","S65E","DISSOLVED OXYGEN","mg/L",1.03
"08/26/2003","S65E","DISSOLVED OXYGEN","mg/L",2.48
"09/09/2003","S65E","DISSOLVED OXYGEN","mg/L",3.74
"09/15/2003","S65E","DISSOLVED OXYGEN","mg/L",3.15
"09/23/2003","S65E","DISSOLVED OXYGEN","mg/L",1.64
"10/07/2003","S65E","DISSOLVED OXYGEN","mg/L",1.92
"10/21/2003","S65E","DISSOLVED OXYGEN","mg/L",3.14
"11/04/2003","S65E","DISSOLVED OXYGEN","mg/L",5.21
"11/18/2003","S65E","DISSOLVED OXYGEN","mg/L",5.28
"12/02/2003","S65E","DISSOLVED OXYGEN","mg/L",0.74
"12/15/2003","S65E","DISSOLVED OXYGEN","mg/L",7.45
"12/16/2003","S65E","DISSOLVED OXYGEN","mg/L",6.57
"12/30/2003","S65E","DISSOLVED OXYGEN","mg/L",8.25
"01/13/2004","S65E","DISSOLVED OXYGEN","mg/L",6.79
"01/27/2004","S65E","DISSOLVED OXYGEN","mg/L",6.67
"02/10/2004","S65E","DISSOLVED OXYGEN","mg/L",6.73
"02/24/2004","S65E","DISSOLVED OXYGEN","mg/L",6.86
"03/09/2004","S65E","DISSOLVED OXYGEN","mg/L",7.2
"03/15/2004","S65E","DISSOLVED OXYGEN","mg/L",4.42
"03/23/2004","S65E","DISSOLVED OXYGEN","mg/L",6.22
"04/06/2004","S65E","DISSOLVED OXYGEN","mg/L",7.36
"04/20/2004","S65E","DISSOLVED OXYGEN","mg/L",5.69
"05/04/2004","S65E","DISSOLVED OXYGEN","mg/L",6.12
"05/17/2004","S65E","DISSOLVED OXYGEN","mg/L",5.51
"05/18/2004","S65E","DISSOLVED OXYGEN","mg/L",5.29
"06/08/2004","S65E","DISSOLVED OXYGEN","mg/L",5.19
"06/22/2004","S65E","DISSOLVED OXYGEN","mg/L",5.93
"07/06/2004","S65E","DISSOLVED OXYGEN","mg/L",8.38
"07/20/2004","S65E","DISSOLVED OXYGEN","mg/L",4.27
"08/03/2004","S65E","DISSOLVED OXYGEN","mg/L",3.71
"08/17/2004","S65E","DISSOLVED OXYGEN","mg/L",3
"08/23/2004","S65E","DISSOLVED OXYGEN","mg/L",0.25
"08/31/2004","S65E","DISSOLVED OXYGEN","mg/L",0.37
"09/14/2004","S65E","DISSOLVED OXYGEN","mg/L",2.61
"09/29/2004","S65E","DISSOLVED OXYGEN","mg/L",3.41
"10/12/2004","S65E","DISSOLVED OXYGEN","mg/L",3.06
"10/26/2004","S65E","DISSOLVED OXYGEN","mg/L",2.42
"11/09/2004","S65E","DISSOLVED OXYGEN","mg/L",3.85
"11/22/2004","S65E","DISSOLVED OXYGEN","mg/L",4.96
"12/07/2004","S65E","DISSOLVED OXYGEN","mg/L",5.08
"12/21/2004","S65E","DISSOLVED OXYGEN","mg/L",7.4
"01/04/2005","S65E","DISSOLVED OXYGEN","mg/L",7.62
"01/18/2005","S65E","DISSOLVED OXYGEN","mg/L",7.91
"02/01/2005","S65E","DISSOLVED OXYGEN","mg/L",7.57
"02/14/2005","S65E","DISSOLVED OXYGEN","mg/L",8.18
"02/15/2005","S65E","DISSOLVED OXYGEN","mg/L",8.29
"03/01/2005","S65E","DISSOLVED OXYGEN","mg/L",6.99
"03/15/2005","S65E","DISSOLVED OXYGEN","mg/L",7.71
"03/29/2005","S65E","DISSOLVED OXYGEN","mg/L",4.27
"04/12/2005","S65E","DISSOLVED OXYGEN","mg/L",4.66
"04/26/2005","S65E","DISSOLVED OXYGEN","mg/L",5.41
"05/10/2005","S65E","DISSOLVED OXYGEN","mg/L",4.26
"05/16/2005","S65E","DISSOLVED OXYGEN","mg/L",3.43
"05/24/2005","S65E","DISSOLVED OXYGEN","mg/L",4.29
"06/07/2005","S65E","DISSOLVED OXYGEN","mg/L",1.77
"07/05/2005","S65E","DISSOLVED OXYGEN","mg/L",3.13
"07/19/2005","S65E","DISSOLVED OXYGEN","mg/L",3.18
"08/02/2005","S65E","DISSOLVED OXYGEN","mg/L",1.31
"08/16/2005","S65E","DISSOLVED OXYGEN","mg/L",1.92
"08/22/2005","S65E","DISSOLVED OXYGEN","mg/L",1.73
"08/30/2005","S65E","DISSOLVED OXYGEN","mg/L",3.25
"09/12/2005","S65E","DISSOLVED OXYGEN","mg/L",2.34
"09/26/2005","S65E","DISSOLVED OXYGEN","mg/L",3.56
"10/11/2005","S65E","DISSOLVED OXYGEN","mg/L",4.98
"11/08/2005","S65E","DISSOLVED OXYGEN","mg/L",3.28
"11/14/2005","S65E","DISSOLVED OXYGEN","mg/L",3.94
"11/16/2005","S65E","DISSOLVED OXYGEN","mg/L",4.11
"12/06/2005","S65E","DISSOLVED OXYGEN","mg/L",5.58
"12/20/2005","S65E","DISSOLVED OXYGEN","mg/L",6.72
"01/03/2006","S65E","DISSOLVED OXYGEN","mg/L",7.8
"01/17/2006","S65E","DISSOLVED OXYGEN","mg/L",7.72
"01/30/2006","S65E","DISSOLVED OXYGEN","mg/L",6.7
"02/13/2006","S65E","DISSOLVED OXYGEN","mg/L",6.98
"02/21/2006","S65E","DISSOLVED OXYGEN","mg/L",7.55
"02/28/2006","S65E","DISSOLVED OXYGEN","mg/L",6.82
"03/13/2006","S65E","DISSOLVED OXYGEN","mg/L",7.74
"03/28/2006","S65E","DISSOLVED OXYGEN","mg/L",6.24
"04/11/2006","S65E","DISSOLVED OXYGEN","mg/L",6.78
"04/24/2006","S65E","DISSOLVED OXYGEN","mg/L",6.74
"05/08/2006","S65E","DISSOLVED OXYGEN","mg/L",6.08
"05/22/2006","S65E","DISSOLVED OXYGEN","mg/L",5.2
"05/23/2006","S65E","DISSOLVED OXYGEN","mg/L",7.285
"06/06/2006","S65E","DISSOLVED OXYGEN","mg/L",6.1
"06/19/2006","S65E","DISSOLVED OXYGEN","mg/L",4.625
"07/18/2006","S65E","DISSOLVED OXYGEN","mg/L",6.93
"07/31/2006","S65E","DISSOLVED OXYGEN","mg/L",2.88
"08/14/2006","S65E","DISSOLVED OXYGEN","mg/L",6.14
"08/21/2006","S65E","DISSOLVED OXYGEN","mg/L",1.87
"08/31/2006","S65E","DISSOLVED OXYGEN","mg/L",3.74
"09/11/2006","S65E","DISSOLVED OXYGEN","mg/L",0.055
"09/25/2006","S65E","DISSOLVED OXYGEN","mg/L",0.095
"10/10/2006","S65E","DISSOLVED OXYGEN","mg/L",3.4
"10/24/2006","S65E","DISSOLVED OXYGEN","mg/L",3.565
"11/07/2006","S65E","DISSOLVED OXYGEN","mg/L",3.585
"11/21/2006","S65E","DISSOLVED OXYGEN","mg/L",5.74
"11/27/2006","S65E","DISSOLVED OXYGEN","mg/L",6.77
"12/05/2006","S65E","DISSOLVED OXYGEN","mg/L",6.825
"12/19/2006","S65E","DISSOLVED OXYGEN","mg/L",6.45
"01/02/2007","S65E","DISSOLVED OXYGEN","mg/L",6.32
"01/16/2007","S65E","DISSOLVED OXYGEN","mg/L",6.26
"01/30/2007","S65E","DISSOLVED OXYGEN","mg/L",7.27
"02/13/2007","S65E","DISSOLVED OXYGEN","mg/L",7.81
"02/26/2007","S65E","DISSOLVED OXYGEN","mg/L",7.77
"02/27/2007","S65E","DISSOLVED OXYGEN","mg/L",8.03
"03/13/2007","S65E","DISSOLVED OXYGEN","mg/L",7.09666666666667
"03/27/2007","S65E","DISSOLVED OXYGEN","mg/L",7.28
"04/10/2007","S65E","DISSOLVED OXYGEN","mg/L",6.69
"04/24/2007","S65E","DISSOLVED OXYGEN","mg/L",6.52
"05/08/2007","S65E","DISSOLVED OXYGEN","mg/L",7.23
"05/21/2007","S65E","DISSOLVED OXYGEN","mg/L",6.49
"05/22/2007","S65E","DISSOLVED OXYGEN","mg/L",5.99
"06/05/2007","S65E","DISSOLVED OXYGEN","mg/L",7.33666666666667
"06/19/2007","S65E","DISSOLVED OXYGEN","mg/L",5.87
"07/02/2007","S65E","DISSOLVED OXYGEN","mg/L",6.74
"07/17/2007","S65E","DISSOLVED OXYGEN","mg/L",3.52
"08/06/2007","S65E","DISSOLVED OXYGEN","mg/L",2.22
"08/20/2007","S65E","DISSOLVED OXYGEN","mg/L",0.66
"08/21/2007","S65E","DISSOLVED OXYGEN","mg/L",0.76
"09/04/2007","S65E","DISSOLVED OXYGEN","mg/L",2.5
"09/17/2007","S65E","DISSOLVED OXYGEN","mg/L",2.46
"10/01/2007","S65E","DISSOLVED OXYGEN","mg/L",3.44
"10/15/2007","S65E","DISSOLVED OXYGEN","mg/L",2.6
"10/29/2007","S65E","DISSOLVED OXYGEN","mg/L",4.53
"11/05/2007","S65E","DISSOLVED OXYGEN","mg/L",4.72
"11/20/2007","S65E","DISSOLVED OXYGEN","mg/L",5.19
"11/26/2007","S65E","DISSOLVED OXYGEN","mg/L",4.94
"12/03/2007","S65E","DISSOLVED OXYGEN","mg/L",5.45666666666667
"12/18/2007","S65E","DISSOLVED OXYGEN","mg/L",6.01
"01/17/2008","S65E","DISSOLVED OXYGEN","mg/L",7.72
"01/29/2008","S65E","DISSOLVED OXYGEN","mg/L",8.47
"02/04/2008","S65E","DISSOLVED OXYGEN","mg/L",7.49
"02/19/2008","S65E","DISSOLVED OXYGEN","mg/L",7.45
"02/20/2008","S65E","DISSOLVED OXYGEN","mg/L",7.8
"03/03/2008","S65E","DISSOLVED OXYGEN","mg/L",7.8
"03/17/2008","S65E","DISSOLVED OXYGEN","mg/L",7.94
"04/07/2008","S65E","DISSOLVED OXYGEN","mg/L",5.12
"04/21/2008","S65E","DISSOLVED OXYGEN","mg/L",5.77
"05/06/2008","S65E","DISSOLVED OXYGEN","mg/L",7.02
"05/19/2008","S65E","DISSOLVED OXYGEN","mg/L",6.93
"05/28/2008","S65E","DISSOLVED OXYGEN","mg/L",6.73
"06/03/2008","S65E","DISSOLVED OXYGEN","mg/L",5.79333333333333
"06/17/2008","S65E","DISSOLVED OXYGEN","mg/L",6.74
"07/01/2008","S65E","DISSOLVED OXYGEN","mg/L",3.86
"07/16/2008","S65E","DISSOLVED OXYGEN","mg/L",1.54
"08/06/2008","S65E","DISSOLVED OXYGEN","mg/L",0.39
"08/26/2008","S65E","DISSOLVED OXYGEN","mg/L",3.98
"08/28/2008","S65E","DISSOLVED OXYGEN","mg/L",2.07
"09/08/2008","S65E","DISSOLVED OXYGEN","mg/L",2.70333333333333
"09/22/2008","S65E","DISSOLVED OXYGEN","mg/L",3.16
"10/06/2008","S65E","DISSOLVED OXYGEN","mg/L",2.03
"10/20/2008","S65E","DISSOLVED OXYGEN","mg/L",2.77
"11/13/2008","S65E","DISSOLVED OXYGEN","mg/L",7.39
"11/19/2008","S65E","DISSOLVED OXYGEN","mg/L",7.46
"11/24/2008","S65E","DISSOLVED OXYGEN","mg/L",7.85
"12/10/2008","S65E","DISSOLVED OXYGEN","mg/L",7.55
"12/23/2008","S65E","DISSOLVED OXYGEN","mg/L",8.62
"01/14/2009","S65E","DISSOLVED OXYGEN","mg/L",6.78
"01/27/2009","S65E","DISSOLVED OXYGEN","mg/L",8.96
"02/02/2009","S65E","DISSOLVED OXYGEN","mg/L",9.88
"02/18/2009","S65E","DISSOLVED OXYGEN","mg/L",8.57
"03/03/2009","S65E","DISSOLVED OXYGEN","mg/L",9.2
"03/17/2009","S65E","DISSOLVED OXYGEN","mg/L",8.48
"03/31/2009","S65E","DISSOLVED OXYGEN","mg/L",7.57
"04/14/2009","S65E","DISSOLVED OXYGEN","mg/L",7.64
"04/29/2009","S65E","DISSOLVED OXYGEN","mg/L",6.3
"05/13/2009","S65E","DISSOLVED OXYGEN","mg/L",6.27
"05/20/2009","S65E","DISSOLVED OXYGEN","mg/L",6.11
"05/27/2009","S65E","DISSOLVED OXYGEN","mg/L",5.5
"06/02/2009","S65E","DISSOLVED OXYGEN","mg/L",0.31
"06/16/2009","S65E","DISSOLVED OXYGEN","mg/L",3.38
"07/07/2009","S65E","DISSOLVED OXYGEN","mg/L",2.01
"07/20/2009","S65E","DISSOLVED OXYGEN","mg/L",2.85
"08/04/2009","S65E","DISSOLVED OXYGEN","mg/L",1.83
"08/18/2009","S65E","DISSOLVED OXYGEN","mg/L",2.8
"08/26/2009","S65E","DISSOLVED OXYGEN","mg/L",2.51
"09/08/2009","S65E","DISSOLVED OXYGEN","mg/L",1.62
"09/22/2009","S65E","DISSOLVED OXYGEN","mg/L",2.72
"10/07/2009","S65E","DISSOLVED OXYGEN","mg/L",3.71
"10/21/2009","S65E","DISSOLVED OXYGEN","mg/L",3.79
"11/09/2009","S65E","DISSOLVED OXYGEN","mg/L",6.24
"11/18/2009","S65E","DISSOLVED OXYGEN","mg/L",6.79
"11/30/2009","S65E","DISSOLVED OXYGEN","mg/L",8.56
"12/16/2009","S65E","DISSOLVED OXYGEN","mg/L",7.06
"12/28/2009","S65E","DISSOLVED OXYGEN","mg/L",7.31
"01/11/2010","S65E","DISSOLVED OXYGEN","mg/L",9.58
"01/25/2010","S65E","DISSOLVED OXYGEN","mg/L",8.22
"02/08/2010","S65E","DISSOLVED OXYGEN","mg/L",8.87
"02/17/2010","S65E","DISSOLVED OXYGEN","mg/L",9.8
"02/24/2010","S65E","DISSOLVED OXYGEN","mg/L",8.55
"03/15/2010","S65E","DISSOLVED OXYGEN","mg/L",7.23
"03/29/2010","S65E","DISSOLVED OXYGEN","mg/L",6.27
"04/12/2010","S65E","DISSOLVED OXYGEN","mg/L",4.12
"04/26/2010","S65E","DISSOLVED OXYGEN","mg/L",5.86
"05/10/2010","S65E","DISSOLVED OXYGEN","mg/L",3.5
"05/24/2010","S65E","DISSOLVED OXYGEN","mg/L",4.79
"05/26/2010","S65E","DISSOLVED OXYGEN","mg/L",4.35
"06/07/2010","S65E","DISSOLVED OXYGEN","mg/L",4.54
"06/21/2010","S65E","DISSOLVED OXYGEN","mg/L",3.8
"07/08/2010","S65E","DISSOLVED OXYGEN","mg/L",5.25
"07/19/2010","S65E","DISSOLVED OXYGEN","mg/L",1.19
"08/02/2010","S65E","DISSOLVED OXYGEN","mg/L",4.92
"08/16/2010","S65E","DISSOLVED OXYGEN","mg/L",4.64
"08/18/2010","S65E","DISSOLVED OXYGEN","mg/L",3.1
"09/14/2010","S65E","DISSOLVED OXYGEN","mg/L",3.76
"09/27/2010","S65E","DISSOLVED OXYGEN","mg/L",5.41
"10/11/2010","S65E","DISSOLVED OXYGEN","mg/L",5.19
"10/26/2010","S65E","DISSOLVED OXYGEN","mg/L",4.46
"11/09/2010","S65E","DISSOLVED OXYGEN","mg/L",6.53
"11/17/2010","S65E","DISSOLVED OXYGEN","mg/L",7.63
"11/29/2010","S65E","DISSOLVED OXYGEN","mg/L",6.71
"12/09/2010","S65E","DISSOLVED OXYGEN","mg/L",8.54
"12/22/2010","S65E","DISSOLVED OXYGEN","mg/L",10.7
"01/10/2011","S65E","DISSOLVED OXYGEN","mg/L",4.14
"01/24/2011","S65E","DISSOLVED OXYGEN","mg/L",8.67
"02/07/2011","S65E","DISSOLVED OXYGEN","mg/L",9.23
"02/17/2011","S65E","DISSOLVED OXYGEN","mg/L",7.68
"02/23/2011","S65E","DISSOLVED OXYGEN","mg/L",10.2
"03/09/2011","S65E","DISSOLVED OXYGEN","mg/L",7.12
"03/23/2011","S65E","DISSOLVED OXYGEN","mg/L",6.02
"04/13/2011","S65E","DISSOLVED OXYGEN","mg/L",7.02
"04/27/2011","S65E","DISSOLVED OXYGEN","mg/L",5.55
"05/11/2011","S65E","DISSOLVED OXYGEN","mg/L",6.86
"05/18/2011","S65E","DISSOLVED OXYGEN","mg/L",7.71
"05/25/2011","S65E","DISSOLVED OXYGEN","mg/L",5.79
"06/08/2011","S65E","DISSOLVED OXYGEN","mg/L",5.11
"06/20/2011","S65E","DISSOLVED OXYGEN","mg/L",6.81
"07/06/2011","S65E","DISSOLVED OXYGEN","mg/L",5.94
"07/20/2011","S65E","DISSOLVED OXYGEN","mg/L",2.26
"08/03/2011","S65E","DISSOLVED OXYGEN","mg/L",1.85
"08/17/2011","S65E","DISSOLVED OXYGEN","mg/L",1.76
"08/24/2011","S65E","DISSOLVED OXYGEN","mg/L",3
"08/31/2011","S65E","DISSOLVED OXYGEN","mg/L",2.37
"09/14/2011","S65E","DISSOLVED OXYGEN","mg/L",3.16666666666667
"09/28/2011","S65E","DISSOLVED OXYGEN","mg/L",2.29
"10/12/2011","S65E","DISSOLVED OXYGEN","mg/L",4.02
"10/26/2011","S65E","DISSOLVED OXYGEN","mg/L",4.88
"11/07/2011","S65E","DISSOLVED OXYGEN","mg/L",4.24
"11/16/2011","S65E","DISSOLVED OXYGEN","mg/L",4.73
"11/22/2011","S65E","DISSOLVED OXYGEN","mg/L",5.6
"12/07/2011","S65E","DISSOLVED OXYGEN","mg/L",7.36
"12/21/2011","S65E","DISSOLVED OXYGEN","mg/L",6.73
"01/04/2012","S65E","DISSOLVED OXYGEN","mg/L",6.83
"01/18/2012","S65E","DISSOLVED OXYGEN","mg/L",8.04
"02/01/2012","S65E","DISSOLVED OXYGEN","mg/L",7.33
"02/15/2012","S65E","DISSOLVED OXYGEN","mg/L",8.45
"02/22/2012","S65E","DISSOLVED OXYGEN","mg/L",8.64
"02/29/2012","S65E","DISSOLVED OXYGEN","mg/L",7.75
"03/14/2012","S65E","DISSOLVED OXYGEN","mg/L",7.8
"03/28/2012","S65E","DISSOLVED OXYGEN","mg/L",6.52
"04/11/2012","S65E","DISSOLVED OXYGEN","mg/L",6.02
"04/25/2012","S65E","DISSOLVED OXYGEN","mg/L",7.06
"05/09/2012","S65E","DISSOLVED OXYGEN","mg/L",8.33
"05/16/2012","S65E","DISSOLVED OXYGEN","mg/L",7.26
"05/23/2012","S65E","DISSOLVED OXYGEN","mg/L",6.46
"06/06/2012","S65E","DISSOLVED OXYGEN","mg/L",6.44
"06/20/2012","S65E","DISSOLVED OXYGEN","mg/L",4.34
"07/11/2012","S65E","DISSOLVED OXYGEN","mg/L",2.04
"07/25/2012","S65E","DISSOLVED OXYGEN","mg/L",1.86
"08/08/2012","S65E","DISSOLVED OXYGEN","mg/L",2.845
"08/22/2012","S65E","DISSOLVED OXYGEN","mg/L",2.9
"09/05/2012","S65E","DISSOLVED OXYGEN","mg/L",0.46
"09/19/2012","S65E","DISSOLVED OXYGEN","mg/L",1.56
"10/03/2012","S65E","DISSOLVED OXYGEN","mg/L",2.1
"10/17/2012","S65E","DISSOLVED OXYGEN","mg/L",2.57
"10/31/2012","S65E","DISSOLVED OXYGEN","mg/L",5.71
"11/14/2012","S65E","DISSOLVED OXYGEN","mg/L",6.135
"11/28/2012","S65E","DISSOLVED OXYGEN","mg/L",6.53
"12/05/2012","S65E","DISSOLVED OXYGEN","mg/L",6.83
"12/19/2012","S65E","DISSOLVED OXYGEN","mg/L",5.68
"01/02/2013","S65E","DISSOLVED OXYGEN","mg/L",7.69
"01/16/2013","S65E","DISSOLVED OXYGEN","mg/L",6.13
"01/30/2013","S65E","DISSOLVED OXYGEN","mg/L",5.96
"02/06/2013","S65E","DISSOLVED OXYGEN","mg/L",7.37
"02/13/2013","S65E","DISSOLVED OXYGEN","mg/L",8.3
"02/27/2013","S65E","DISSOLVED OXYGEN","mg/L",7.75
"03/13/2013","S65E","DISSOLVED OXYGEN","mg/L",8.27
"03/27/2013","S65E","DISSOLVED OXYGEN","mg/L",8.29
"04/10/2013","S65E","DISSOLVED OXYGEN","mg/L",6.78
"04/24/2013","S65E","DISSOLVED OXYGEN","mg/L",8.15
"05/08/2013","S65E","DISSOLVED OXYGEN","mg/L",7.78
"05/22/2013","S65E","DISSOLVED OXYGEN","mg/L",7.53
"06/05/2013","S65E","DISSOLVED OXYGEN","mg/L",4.84
"06/19/2013","S65E","DISSOLVED OXYGEN","mg/L",1.73
"07/02/2013","S65E","DISSOLVED OXYGEN","mg/L",2.39
"07/17/2013","S65E","DISSOLVED OXYGEN","mg/L",2.53
"07/31/2013","S65E","DISSOLVED OXYGEN","mg/L",2.9
"08/07/2013","S65E","DISSOLVED OXYGEN","mg/L",2.38
"08/14/2013","S65E","DISSOLVED OXYGEN","mg/L",2.34
"08/28/2013","S65E","DISSOLVED OXYGEN","mg/L",2.54
"09/11/2013","S65E","DISSOLVED OXYGEN","mg/L",3.8
"09/25/2013","S65E","DISSOLVED OXYGEN","mg/L",2.25
"10/09/2013","S65E","DISSOLVED OXYGEN","mg/L",3.9
"10/23/2013","S65E","DISSOLVED OXYGEN","mg/L",7.38
"11/04/2013","S65E","DISSOLVED OXYGEN","mg/L",5.35
"11/06/2013","S65E","DISSOLVED OXYGEN","mg/L",5.04
"11/20/2013","S65E","DISSOLVED OXYGEN","mg/L",7.8
"12/04/2013","S65E","DISSOLVED OXYGEN","mg/L",7.14
"12/18/2013","S65E","DISSOLVED OXYGEN","mg/L",7.2
"12/30/2013","S65E","DISSOLVED OXYGEN","mg/L",7.87
"01/15/2014","S65E","DISSOLVED OXYGEN","mg/L",9.46
"01/29/2014","S65E","DISSOLVED OXYGEN","mg/L",9.64
"02/03/2014","S65E","DISSOLVED OXYGEN","mg/L",9.39
"02/12/2014","S65E","DISSOLVED OXYGEN","mg/L",8.36
"02/26/2014","S65E","DISSOLVED OXYGEN","mg/L",7.75
"03/12/2014","S65E","DISSOLVED OXYGEN","mg/L",6.11
"03/26/2014","S65E","DISSOLVED OXYGEN","mg/L",6.71
"04/09/2014","S65E","DISSOLVED OXYGEN","mg/L",7.44
"04/23/2014","S65E","DISSOLVED OXYGEN","mg/L",7.11
"05/05/2014","S65E","DISSOLVED OXYGEN","mg/L",7.79
"05/07/2014","S65E","DISSOLVED OXYGEN","mg/L",5.82
"05/21/2014","S65E","DISSOLVED OXYGEN","mg/L",6.9
"06/04/2014","S65E","DISSOLVED OXYGEN","mg/L",4.45
"06/18/2014","S65E","DISSOLVED OXYGEN","mg/L",4.11
"07/01/2014","S65E","DISSOLVED OXYGEN","mg/L",1.94
"07/16/2014","S65E","DISSOLVED OXYGEN","mg/L",3.3
"07/30/2014","S65E","DISSOLVED OXYGEN","mg/L",1.33
"08/13/2014","S65E","DISSOLVED OXYGEN","mg/L",1.69
"08/18/2014","S65E","DISSOLVED OXYGEN","mg/L",4.28
"08/27/2014","S65E","DISSOLVED OXYGEN","mg/L",2.1
"09/10/2014","S65E","DISSOLVED OXYGEN","mg/L",4.04
"09/24/2014","S65E","DISSOLVED OXYGEN","mg/L",4.46
"10/08/2014","S65E","DISSOLVED OXYGEN","mg/L",2.11
"10/22/2014","S65E","DISSOLVED OXYGEN","mg/L",7.17
"11/03/2014","S65E","DISSOLVED OXYGEN","mg/L",5.46
"11/05/2014","S65E","DISSOLVED OXYGEN","mg/L",4.87
"11/19/2014","S65E","DISSOLVED OXYGEN","mg/L",7.68
"12/03/2014","S65E","DISSOLVED OXYGEN","mg/L",7.44
"12/17/2014","S65E","DISSOLVED OXYGEN","mg/L",6.89
"12/30/2014","S65E","DISSOLVED OXYGEN","mg/L",6.29
"01/14/2015","S65E","DISSOLVED OXYGEN","mg/L",7.18
"01/28/2015","S65E","DISSOLVED OXYGEN","mg/L",5.99
"02/02/2015","S65E","DISSOLVED OXYGEN","mg/L",8.27
"02/25/2015","S65E","DISSOLVED OXYGEN","mg/L",7.37
"03/11/2015","S65E","DISSOLVED OXYGEN","mg/L",4.37
"03/25/2015","S65E","DISSOLVED OXYGEN","mg/L",4.08
"04/08/2015","S65E","DISSOLVED OXYGEN","mg/L",5.68
"04/22/2015","S65E","DISSOLVED OXYGEN","mg/L",4.13
"05/04/2015","S65E","DISSOLVED OXYGEN","mg/L",4.5
"05/06/2015","S65E","DISSOLVED OXYGEN","mg/L",5.55
"05/20/2015","S65E","DISSOLVED OXYGEN","mg/L",4.24
"06/03/2015","S65E","DISSOLVED OXYGEN","mg/L",4.07
"06/17/2015","S65E","DISSOLVED OXYGEN","mg/L",4.84
"07/01/2015","S65E","DISSOLVED OXYGEN","mg/L",4.93
"07/15/2015","S65E","DISSOLVED OXYGEN","mg/L",6.6
"07/29/2015","S65E","DISSOLVED OXYGEN","mg/L",4.44
"08/03/2015","S65E","DISSOLVED OXYGEN","mg/L",6.2
"08/12/2015","S65E","DISSOLVED OXYGEN","mg/L",5.23333333333333
"08/26/2015","S65E","DISSOLVED OXYGEN","mg/L",0.98
"09/09/2015","S65E","DISSOLVED OXYGEN","mg/L",3.5
"09/23/2015","S65E","DISSOLVED OXYGEN","mg/L",2.28
"10/07/2015","S65E","DISSOLVED OXYGEN","mg/L",1.8
"10/21/2015","S65E","DISSOLVED OXYGEN","mg/L",4.03
"10/26/2015","S65E","DISSOLVED OXYGEN","mg/L",5.36
"11/04/2015","S65E","DISSOLVED OXYGEN","mg/L",5.9
"11/18/2015","S65E","DISSOLVED OXYGEN","mg/L",5.17
"12/02/2015","S65E","DISSOLVED OXYGEN","mg/L",4.7
"12/21/2015","S65E","DISSOLVED OXYGEN","mg/L",6.62
"01/04/2016","S65E","DISSOLVED OXYGEN","mg/L",6.21
"01/20/2016","S65E","DISSOLVED OXYGEN","mg/L",6.98
"02/01/2016","S65E","DISSOLVED OXYGEN","mg/L",7.3
"02/15/2016","S65E","DISSOLVED OXYGEN","mg/L",8.1
"02/29/2016","S65E","DISSOLVED OXYGEN","mg/L",6
"03/14/2016","S65E","DISSOLVED OXYGEN","mg/L",8.32
"03/28/2016","S65E","DISSOLVED OXYGEN","mg/L",6.38
"04/11/2016","S65E","DISSOLVED OXYGEN","mg/L",4.67
"04/25/2016","S65E","DISSOLVED OXYGEN","mg/L",6.14
"05/09/2016","S65E","DISSOLVED OXYGEN","mg/L",6.71
"05/23/2016","S65E","DISSOLVED OXYGEN","mg/L",2.73
"06/06/2016","S65E","DISSOLVED OXYGEN","mg/L",3.82
"06/20/2016","S65E","DISSOLVED OXYGEN","mg/L",3.43
"07/06/2016","S65E","DISSOLVED OXYGEN","mg/L",3.87
"07/18/2016","S65E","DISSOLVED OXYGEN","mg/L",6.25
"08/01/2016","S65E","DISSOLVED OXYGEN","mg/L",4.57
"08/15/2016","S65E","DISSOLVED OXYGEN","mg/L",5.87
"08/29/2016","S65E","DISSOLVED OXYGEN","mg/L",3.98
"09/12/2016","S65E","DISSOLVED OXYGEN","mg/L",2.47
"09/26/2016","S65E","DISSOLVED OXYGEN","mg/L",3.77
"10/10/2016","S65E","DISSOLVED OXYGEN","mg/L",5.65
"10/24/2016","S65E","DISSOLVED OXYGEN","mg/L",6.5
"11/07/2016","S65E","DISSOLVED OXYGEN","mg/L",6.33
"11/21/2016","S65E","DISSOLVED OXYGEN","mg/L",7.32
"12/19/2016","S65E","DISSOLVED OXYGEN","mg/L",7.24
"01/09/2017","S65E","DISSOLVED OXYGEN","mg/L",6.86
"01/23/2017","S65E","DISSOLVED OXYGEN","mg/L",6.34
"02/06/2017","S65E","DISSOLVED OXYGEN","mg/L",7.69
"02/20/2017","S65E","DISSOLVED OXYGEN","mg/L",7.85
"03/06/2017","S65E","DISSOLVED OXYGEN","mg/L",6.61
"03/13/2017","S65E","DISSOLVED OXYGEN","mg/L",7.95
"03/20/2017","S65E","DISSOLVED OXYGEN","mg/L",8.26
"04/17/2017","S65E","DISSOLVED OXYGEN","mg/L",6.43
"04/24/2017","S65E","DISSOLVED OXYGEN","mg/L",6.56
"05/01/2017","S65E","DISSOLVED OXYGEN","mg/L",6.46
"05/08/2017","S65E","DISSOLVED OXYGEN","mg/L",8.73
"06/05/2017","S65E","DISSOLVED OXYGEN","mg/L",7.82
"06/12/2017","S65E","DISSOLVED OXYGEN","mg/L",5.32
"06/19/2017","S65E","DISSOLVED OXYGEN","mg/L",4.16
"07/05/2017","S65E","DISSOLVED OXYGEN","mg/L",0.64
"07/17/2017","S65E","DISSOLVED OXYGEN","mg/L",0.94
"08/01/2017","S65E","DISSOLVED OXYGEN","mg/L",3.94
"08/14/2017","S65E","DISSOLVED OXYGEN","mg/L",1.65
"08/28/2017","S65E","DISSOLVED OXYGEN","mg/L",5.53
"09/13/2017","S65E","DISSOLVED OXYGEN","mg/L",1.41
"09/25/2017","S65E","DISSOLVED OXYGEN","mg/L",2.7
"10/09/2017","S65E","DISSOLVED OXYGEN","mg/L",3.3
"10/23/2017","S65E","DISSOLVED OXYGEN","mg/L",4.63
"11/06/2017","S65E","DISSOLVED OXYGEN","mg/L",5.33
"11/20/2017","S65E","DISSOLVED OXYGEN","mg/L",5.92
"12/04/2017","S65E","DISSOLVED OXYGEN","mg/L",6.32
"12/18/2017","S65E","DISSOLVED OXYGEN","mg/L",5.37
"01/16/2018","S65E","DISSOLVED OXYGEN","mg/L",9.09
"02/12/2018","S65E","DISSOLVED OXYGEN","mg/L",7.65
"03/12/2018","S65E","DISSOLVED OXYGEN","mg/L",8.22
"03/26/2018","S65E","DISSOLVED OXYGEN","mg/L",8.63
"04/09/2018","S65E","DISSOLVED OXYGEN","mg/L",8.92
"04/23/2018","S65E","DISSOLVED OXYGEN","mg/L",6.83
"05/07/2018","S65E","DISSOLVED OXYGEN","mg/L",6.37
"05/21/2018","S65E","DISSOLVED OXYGEN","mg/L",4.38
"06/04/2018","S65E","DISSOLVED OXYGEN","mg/L",6.74
"06/18/2018","S65E","DISSOLVED OXYGEN","mg/L",3.62
"07/02/2018","S65E","DISSOLVED OXYGEN","mg/L",2.8
"07/16/2018","S65E","DISSOLVED OXYGEN","mg/L",2.96
"07/30/2018","S65E","DISSOLVED OXYGEN","mg/L",2.34
"08/06/2018","S65E","DISSOLVED OXYGEN","mg/L",2.82
"08/20/2018","S65E","DISSOLVED OXYGEN","mg/L",3.48
"09/04/2018","S65E","DISSOLVED OXYGEN","mg/L",4.82
"09/17/2018","S65E","DISSOLVED OXYGEN","mg/L",4.1
"10/01/2018","S65E","DISSOLVED OXYGEN","mg/L",3.1
"10/04/2018","S65E","DISSOLVED OXYGEN","mg/L",3.4
"10/15/2018","S65E","DISSOLVED OXYGEN","mg/L",3.59
"10/29/2018","S65E","DISSOLVED OXYGEN","mg/L",5.04
"11/13/2018","S65E","DISSOLVED OXYGEN","mg/L",4.64
"11/26/2018","S65E","DISSOLVED OXYGEN","mg/L",5.83666666666667
"12/11/2018","S65E","DISSOLVED OXYGEN","mg/L",7.6
"12/26/2018","S65E","DISSOLVED OXYGEN","mg/L",6.63
"01/07/2019","S65E","DISSOLVED OXYGEN","mg/L",7.36
"01/22/2019","S65E","DISSOLVED OXYGEN","mg/L",7.67
"02/04/2019","S65E","DISSOLVED OXYGEN","mg/L",10.1
"02/18/2019","S65E","DISSOLVED OXYGEN","mg/L",5.89
"03/04/2019","S65E","DISSOLVED OXYGEN","mg/L",4.87
"03/06/2019","S65E","DISSOLVED OXYGEN","mg/L",4.97
"03/18/2019","S65E","DISSOLVED OXYGEN","mg/L",6.08
"04/08/2019","S65E","DISSOLVED OXYGEN","mg/L",6.26
"04/22/2019","S65E","DISSOLVED OXYGEN","mg/L",6.63
"05/06/2019","S65E","DISSOLVED OXYGEN","mg/L",9.51
"05/20/2019","S65E","DISSOLVED OXYGEN","mg/L",8.68
"06/03/2019","S65E","DISSOLVED OXYGEN","mg/L",6.75
"06/17/2019","S65E","DISSOLVED OXYGEN","mg/L",4.72
"07/01/2019","S65E","DISSOLVED OXYGEN","mg/L",1.18
"07/15/2019","S65E","DISSOLVED OXYGEN","mg/L",1.75
"07/29/2019","S65E","DISSOLVED OXYGEN","mg/L",7.05
"08/12/2019","S65E","DISSOLVED OXYGEN","mg/L",2.39
"08/26/2019","S65E","DISSOLVED OXYGEN","mg/L",1.9
"09/09/2019","S65E","DISSOLVED OXYGEN","mg/L",2.58
"09/23/2019","S65E","DISSOLVED OXYGEN","mg/L",5.01
"10/08/2019","S65E","DISSOLVED OXYGEN","mg/L",4.44
"10/21/2019","S65E","DISSOLVED OXYGEN","mg/L",2.9
"11/04/2019","S65E","DISSOLVED OXYGEN","mg/L",5.3
"11/18/2019","S65E","DISSOLVED OXYGEN","mg/L",6.1
"12/02/2019","S65E","DISSOLVED OXYGEN","mg/L",7.11
"12/16/2019","S65E","DISSOLVED OXYGEN","mg/L",7.49
"12/30/2019","S65E","DISSOLVED OXYGEN","mg/L",8.21
"01/13/2020","S65E","DISSOLVED OXYGEN","mg/L",7.32
"01/27/2020","S65E","DISSOLVED OXYGEN","mg/L",6.65
"02/10/2020","S65E","DISSOLVED OXYGEN","mg/L",6.73
"02/24/2020","S65E","DISSOLVED OXYGEN","mg/L",7.23
"03/09/2020","S65E","DISSOLVED OXYGEN","mg/L",6.48
"03/23/2020","S65E","DISSOLVED OXYGEN","mg/L",8.72
"04/06/2020","S65E","DISSOLVED OXYGEN","mg/L",6.13
"04/20/2020","S65E","DISSOLVED OXYGEN","mg/L",7.18
"05/04/2020","S65E","DISSOLVED OXYGEN","mg/L",8.84
"05/18/2020","S65E","DISSOLVED OXYGEN","mg/L",8.58
"06/01/2020","S65E","DISSOLVED OXYGEN","mg/L",6.83
"06/15/2020","S65E","DISSOLVED OXYGEN","mg/L",3.89
"06/29/2020","S65E","DISSOLVED OXYGEN","mg/L",6.24
"07/13/2020","S65E","DISSOLVED OXYGEN","mg/L",2.13
"07/27/2020","S65E","DISSOLVED OXYGEN","mg/L",1.7
"08/10/2020","S65E","DISSOLVED OXYGEN","mg/L",2.48
"08/24/2020","S65E","DISSOLVED OXYGEN","mg/L",1.97
"09/08/2020","S65E","DISSOLVED OXYGEN","mg/L",2.64
"09/21/2020","S65E","DISSOLVED OXYGEN","mg/L",2.78
"10/05/2020","S65E","DISSOLVED OXYGEN","mg/L",3.59
"10/19/2020","S65E","DISSOLVED OXYGEN","mg/L",3.7
"11/02/2020","S65E","DISSOLVED OXYGEN","mg/L",4.37
"11/16/2020","S65E","DISSOLVED OXYGEN","mg/L",3.99
"11/30/2020","S65E","DISSOLVED OXYGEN","mg/L",6.58
"12/14/2020","S65E","DISSOLVED OXYGEN","mg/L",9.38
"12/28/2020","S65E","DISSOLVED OXYGEN","mg/L",7.72
"01/11/2021","S65E","DISSOLVED OXYGEN","mg/L",8.58
"01/25/2021","S65E","DISSOLVED OXYGEN","mg/L",9.04
"02/08/2021","S65E","DISSOLVED OXYGEN","mg/L",9.1
"02/22/2021","S65E","DISSOLVED OXYGEN","mg/L",6.53
"03/08/2021","S65E","DISSOLVED OXYGEN","mg/L",6.59
"03/22/2021","S65E","DISSOLVED OXYGEN","mg/L",6.81
"04/05/2021","S65E","DISSOLVED OXYGEN","mg/L",7.49
"04/19/2021","S65E","DISSOLVED OXYGEN","mg/L",6.76
"05/03/2021","S65E","DISSOLVED OXYGEN","mg/L",5.61
"05/17/2021","S65E","DISSOLVED OXYGEN","mg/L",6.53
"06/01/2021","S65E","DISSOLVED OXYGEN","mg/L",7.34
"06/14/2021","S65E","DISSOLVED OXYGEN","mg/L",8.02
"06/28/2021","S65E","DISSOLVED OXYGEN","mg/L",5.68
"07/12/2021","S65E","DISSOLVED OXYGEN","mg/L",3.94
"07/26/2021","S65E","DISSOLVED OXYGEN","mg/L",4.21
"08/09/2021","S65E","DISSOLVED OXYGEN","mg/L",1.54
"08/23/2021","S65E","DISSOLVED OXYGEN","mg/L",1.01
"09/07/2021","S65E","DISSOLVED OXYGEN","mg/L",5.46
"09/20/2021","S65E","DISSOLVED OXYGEN","mg/L",1.91
"10/04/2021","S65E","DISSOLVED OXYGEN","mg/L",1.15
"10/18/2021","S65E","DISSOLVED OXYGEN","mg/L",2.77
"11/01/2021","S65E","DISSOLVED OXYGEN","mg/L",5.63
"11/15/2021","S65E","DISSOLVED OXYGEN","mg/L",6.46
"11/29/2021","S65E","DISSOLVED OXYGEN","mg/L",5.92
"12/13/2021","S65E","DISSOLVED OXYGEN","mg/L",9.43
"12/27/2021","S65E","DISSOLVED OXYGEN","mg/L",6.74
"01/10/2022","S65E","DISSOLVED OXYGEN","mg/L",5.16
"01/24/2022","S65E","DISSOLVED OXYGEN","mg/L",8.65
"02/21/2022","S65E","DISSOLVED OXYGEN","mg/L",7.87
"03/07/2022","S65E","DISSOLVED OXYGEN","mg/L",5.01
"03/21/2022","S65E","DISSOLVED OXYGEN","mg/L",7.51
"04/04/2022","S65E","DISSOLVED OXYGEN","mg/L",7.08
"04/18/2022","S65E","DISSOLVED OXYGEN","mg/L",7.91
"05/02/2022","S65E","DISSOLVED OXYGEN","mg/L",2.74
"05/16/2022","S65E","DISSOLVED OXYGEN","mg/L",6.34
"05/31/2022","S65E","DISSOLVED OXYGEN","mg/L",8.52
"06/13/2022","S65E","DISSOLVED OXYGEN","mg/L",8.9
"06/27/2022","S65E","DISSOLVED OXYGEN","mg/L",6.01
"07/11/2022","S65E","DISSOLVED OXYGEN","mg/L",3.33
"07/25/2022","S65E","DISSOLVED OXYGEN","mg/L",4.11
"08/08/2022","S65E","DISSOLVED OXYGEN","mg/L",1.38
"08/22/2022","S65E","DISSOLVED OXYGEN","mg/L",1.76
"09/06/2022","S65E","DISSOLVED OXYGEN","mg/L",2.38
"09/19/2022","S65E","DISSOLVED OXYGEN","mg/L",2.34
"10/03/2022","S65E","DISSOLVED OXYGEN","mg/L",0.35
"10/17/2022","S65E","DISSOLVED OXYGEN","mg/L",3
"10/31/2022","S65E","DISSOLVED OXYGEN","mg/L",2.3
"11/14/2022","S65E","DISSOLVED OXYGEN","mg/L",1.55
"11/28/2022","S65E","DISSOLVED OXYGEN","mg/L",2.83
"12/12/2022","S65E","DISSOLVED OXYGEN","mg/L",3.98
"12/27/2022","S65E","DISSOLVED OXYGEN","mg/L",7.47
"01/09/2023","S65E","DISSOLVED OXYGEN","mg/L",6.24
"01/23/2023","S65E","DISSOLVED OXYGEN","mg/L",7.13
"02/06/2023","S65E","DISSOLVED OXYGEN","mg/L",6.32
"02/20/2023","S65E","DISSOLVED OXYGEN","mg/L",7.05
"03/06/2023","S65E","DISSOLVED OXYGEN","mg/L",6.81
"03/20/2023","S65E","DISSOLVED OXYGEN","mg/L",6.15
"04/03/2023","S65E","DISSOLVED OXYGEN","mg/L",7.5
"04/17/2023","S65E","DISSOLVED OXYGEN","mg/L",5.93
"05/01/2023","S65E","DISSOLVED OXYGEN","mg/L",8.94
"04/09/1973","S65E","HARDNESS AS CACO3","mg/L",219.5
"04/16/1973","S65E","HARDNESS AS CACO3","mg/L",34.7
"04/23/1973","S65E","HARDNESS AS CACO3","mg/L",65.4
"04/30/1973","S65E","HARDNESS AS CACO3","mg/L",46.5
"05/07/1973","S65E","HARDNESS AS CACO3","mg/L",49.9
"05/14/1973","S65E","HARDNESS AS CACO3","mg/L",53.8
"05/21/1973","S65E","HARDNESS AS CACO3","mg/L",34.6
"05/29/1973","S65E","HARDNESS AS CACO3","mg/L",50.2
"06/04/1973","S65E","HARDNESS AS CACO3","mg/L",47.9
"06/11/1973","S65E","HARDNESS AS CACO3","mg/L",59.2
"06/18/1973","S65E","HARDNESS AS CACO3","mg/L",53.5
"06/25/1973","S65E","HARDNESS AS CACO3","mg/L",51
"07/09/1973","S65E","HARDNESS AS CACO3","mg/L",57.2
"07/16/1973","S65E","HARDNESS AS CACO3","mg/L",54.3
"07/23/1973","S65E","HARDNESS AS CACO3","mg/L",49.8
"07/30/1973","S65E","HARDNESS AS CACO3","mg/L",50.2
"08/06/1973","S65E","HARDNESS AS CACO3","mg/L",40.3
"08/13/1973","S65E","HARDNESS AS CACO3","mg/L",40
"08/20/1973","S65E","HARDNESS AS CACO3","mg/L",37.4
"08/27/1973","S65E","HARDNESS AS CACO3","mg/L",39.3
"09/04/1973","S65E","HARDNESS AS CACO3","mg/L",34.5
"09/10/1973","S65E","HARDNESS AS CACO3","mg/L",28.1
"09/17/1973","S65E","HARDNESS AS CACO3","mg/L",23
"09/24/1973","S65E","HARDNESS AS CACO3","mg/L",32.4
"10/01/1973","S65E","HARDNESS AS CACO3","mg/L",37.9
"10/02/1973","S65E","HARDNESS AS CACO3","mg/L",29.05
"10/08/1973","S65E","HARDNESS AS CACO3","mg/L",35.9
"10/15/1973","S65E","HARDNESS AS CACO3","mg/L",36.7
"10/23/1973","S65E","HARDNESS AS CACO3","mg/L",39.9
"10/29/1973","S65E","HARDNESS AS CACO3","mg/L",41.8
"11/07/1973","S65E","HARDNESS AS CACO3","mg/L",53.6
"11/12/1973","S65E","HARDNESS AS CACO3","mg/L",38.6
"11/13/1973","S65E","HARDNESS AS CACO3","mg/L",76.7
"11/26/1973","S65E","HARDNESS AS CACO3","mg/L",60.1
"12/03/1973","S65E","HARDNESS AS CACO3","mg/L",75.5
"12/05/1973","S65E","HARDNESS AS CACO3","mg/L",68.2
"12/10/1973","S65E","HARDNESS AS CACO3","mg/L",41.5
"12/11/1973","S65E","HARDNESS AS CACO3","mg/L",126.8
"12/17/1973","S65E","HARDNESS AS CACO3","mg/L",78
"01/02/1974","S65E","HARDNESS AS CACO3","mg/L",55.5
"01/08/1974","S65E","HARDNESS AS CACO3","mg/L",83.5
"01/14/1974","S65E","HARDNESS AS CACO3","mg/L",52.2
"01/28/1974","S65E","HARDNESS AS CACO3","mg/L",64.2
"02/11/1974","S65E","HARDNESS AS CACO3","mg/L",60
"02/12/1974","S65E","HARDNESS AS CACO3","mg/L",80
"02/25/1974","S65E","HARDNESS AS CACO3","mg/L",53.9
"03/05/1974","S65E","HARDNESS AS CACO3","mg/L",51.7
"03/11/1974","S65E","HARDNESS AS CACO3","mg/L",283.7
"03/25/1974","S65E","HARDNESS AS CACO3","mg/L",55.6
"04/02/1974","S65E","HARDNESS AS CACO3","mg/L",53.65
"04/08/1974","S65E","HARDNESS AS CACO3","mg/L",80.8
"04/22/1974","S65E","HARDNESS AS CACO3","mg/L",68.8
"05/07/1974","S65E","HARDNESS AS CACO3","mg/L",46.4
"05/13/1974","S65E","HARDNESS AS CACO3","mg/L",49.5
"05/28/1974","S65E","HARDNESS AS CACO3","mg/L",56.6
"06/10/1974","S65E","HARDNESS AS CACO3","mg/L",99.2
"06/11/1974","S65E","HARDNESS AS CACO3","mg/L",51.55
"06/24/1974","S65E","HARDNESS AS CACO3","mg/L",62.4
"07/09/1974","S65E","HARDNESS AS CACO3","mg/L",30.5
"07/22/1974","S65E","HARDNESS AS CACO3","mg/L",40.6
"08/05/1974","S65E","HARDNESS AS CACO3","mg/L",32.3
"08/13/1974","S65E","HARDNESS AS CACO3","mg/L",34.55
"08/19/1974","S65E","HARDNESS AS CACO3","mg/L",37.2
"09/03/1974","S65E","HARDNESS AS CACO3","mg/L",25
"09/10/1974","S65E","HARDNESS AS CACO3","mg/L",29.55
"09/16/1974","S65E","HARDNESS AS CACO3","mg/L",35.4
"09/30/1974","S65E","HARDNESS AS CACO3","mg/L",29.6
"10/08/1974","S65E","HARDNESS AS CACO3","mg/L",29.5
"10/14/1974","S65E","HARDNESS AS CACO3","mg/L",22.5
"10/28/1974","S65E","HARDNESS AS CACO3","mg/L",42.6
"11/05/1974","S65E","HARDNESS AS CACO3","mg/L",41.65
"11/12/1974","S65E","HARDNESS AS CACO3","mg/L",57.9
"10/27/1975","S65E","HARDNESS AS CACO3","mg/L",43.7
"06/22/1976","S65E","HARDNESS AS CACO3","mg/L",46
"06/25/1976","S65E","HARDNESS AS CACO3","mg/L",47.3
"07/20/1976","S65E","HARDNESS AS CACO3","mg/L",51.1
"08/24/1976","S65E","HARDNESS AS CACO3","mg/L",30.7
"09/21/1976","S65E","HARDNESS AS CACO3","mg/L",34
"10/19/1976","S65E","HARDNESS AS CACO3","mg/L",39.95
"12/06/1976","S65E","HARDNESS AS CACO3","mg/L",55.55
"01/25/1977","S65E","HARDNESS AS CACO3","mg/L",30.4
"03/21/1977","S65E","HARDNESS AS CACO3","mg/L",40.9
"05/23/1977","S65E","HARDNESS AS CACO3","mg/L",69.25
"07/25/1977","S65E","HARDNESS AS CACO3","mg/L",96.3
"09/20/1977","S65E","HARDNESS AS CACO3","mg/L",72.85
"12/01/1977","S65E","HARDNESS AS CACO3","mg/L",71.15
"01/24/1978","S65E","HARDNESS AS CACO3","mg/L",44.55
"03/21/1978","S65E","HARDNESS AS CACO3","mg/L",39.4
"05/30/1978","S65E","HARDNESS AS CACO3","mg/L",50.2
"06/21/1978","S65E","HARDNESS AS CACO3","mg/L",56.75
"07/25/1978","S65E","HARDNESS AS CACO3","mg/L",30.85
"08/22/1978","S65E","HARDNESS AS CACO3","mg/L",32.25
"09/18/1978","S65E","HARDNESS AS CACO3","mg/L",38.55
"02/20/1979","S65E","HARDNESS AS CACO3","mg/L",37.3
"07/17/1979","S65E","HARDNESS AS CACO3","mg/L",53.35
"02/19/1980","S65E","HARDNESS AS CACO3","mg/L",42.8
"08/04/1980","S65E","HARDNESS AS CACO3","mg/L",45.35
"08/20/1980","S65E","HARDNESS AS CACO3","mg/L",57.1
"02/11/1981","S65E","HARDNESS AS CACO3","mg/L",83.9
"07/28/1981","S65E","HARDNESS AS CACO3","mg/L",97.7
"02/16/1982","S65E","HARDNESS AS CACO3","mg/L",85
"02/24/1982","S65E","HARDNESS AS CACO3","mg/L",108.1
"07/01/1982","S65E","HARDNESS AS CACO3","mg/L",43.2
"08/02/1982","S65E","HARDNESS AS CACO3","mg/L",44.3
"08/25/1982","S65E","HARDNESS AS CACO3","mg/L",36.0666666666667
"10/20/1982","S65E","HARDNESS AS CACO3","mg/L",39.3
"12/22/1982","S65E","HARDNESS AS CACO3","mg/L",50.8
"02/15/1983","S65E","HARDNESS AS CACO3","mg/L",40.3
"04/15/1983","S65E","HARDNESS AS CACO3","mg/L",33.1
"08/03/1983","S65E","HARDNESS AS CACO3","mg/L",33.6
"09/12/1983","S65E","HARDNESS AS CACO3","mg/L",45.2
"01/04/1984","S65E","HARDNESS AS CACO3","mg/L",35.4
"02/23/1984","S65E","HARDNESS AS CACO3","mg/L",39.2
"02/29/1984","S65E","HARDNESS AS CACO3","mg/L",44.7
"08/13/1984","S65E","HARDNESS AS CACO3","mg/L",35.8
"08/22/1984","S65E","HARDNESS AS CACO3","mg/L",43
"02/20/1985","S65E","HARDNESS AS CACO3","mg/L",80.6
"02/26/1985","S65E","HARDNESS AS CACO3","mg/L",71.1
"05/20/1985","S65E","HARDNESS AS CACO3","mg/L",52.6
"08/27/1985","S65E","HARDNESS AS CACO3","mg/L",47.3
"09/19/1985","S65E","HARDNESS AS CACO3","mg/L",42.1
"02/12/1986","S65E","HARDNESS AS CACO3","mg/L",47.6
"02/18/1986","S65E","HARDNESS AS CACO3","mg/L",46.6
"05/20/1986","S65E","HARDNESS AS CACO3","mg/L",53.6
"08/14/1986","S65E","HARDNESS AS CACO3","mg/L",52.1
"09/23/1986","S65E","HARDNESS AS CACO3","mg/L",40.3
"11/18/1986","S65E","HARDNESS AS CACO3","mg/L",51.5
"02/18/1987","S65E","HARDNESS AS CACO3","mg/L",56.7
"02/19/1987","S65E","HARDNESS AS CACO3","mg/L",52.9
"05/26/1987","S65E","HARDNESS AS CACO3","mg/L",55.6
"07/30/1987","S65E","HARDNESS AS CACO3","mg/L",52.7
"08/18/1987","S65E","HARDNESS AS CACO3","mg/L",57.9
"11/24/1987","S65E","HARDNESS AS CACO3","mg/L",36.1
"02/04/1988","S65E","HARDNESS AS CACO3","mg/L",44.6
"02/16/1988","S65E","HARDNESS AS CACO3","mg/L",44.3
"05/24/1988","S65E","HARDNESS AS CACO3","mg/L",47.1
"08/15/1988","S65E","HARDNESS AS CACO3","mg/L",57.1
"11/22/1988","S65E","HARDNESS AS CACO3","mg/L",63.8
"02/13/1989","S65E","HARDNESS AS CACO3","mg/L",51.7
"02/28/1989","S65E","HARDNESS AS CACO3","mg/L",51.7
"05/24/1989","S65E","HARDNESS AS CACO3","mg/L",51.5
"08/28/1989","S65E","HARDNESS AS CACO3","mg/L",62.1
"08/29/1989","S65E","HARDNESS AS CACO3","mg/L",62.3
"11/20/1989","S65E","HARDNESS AS CACO3","mg/L",53.8
"02/20/1990","S65E","HARDNESS AS CACO3","mg/L",52.2
"02/28/1990","S65E","HARDNESS AS CACO3","mg/L",52.3
"08/27/1990","S65E","HARDNESS AS CACO3","mg/L",47.3
"11/20/1990","S65E","HARDNESS AS CACO3","mg/L",50
"02/26/1991","S65E","HARDNESS AS CACO3","mg/L",60.9
"08/12/1991","S65E","HARDNESS AS CACO3","mg/L",45.3
"08/28/1991","S65E","HARDNESS AS CACO3","mg/L",41.6
"11/20/1991","S65E","HARDNESS AS CACO3","mg/L",63.7
"02/11/1992","S65E","HARDNESS AS CACO3","mg/L",55.2
"05/19/1992","S65E","HARDNESS AS CACO3","mg/L",49.7
"07/08/1992","S65E","HARDNESS AS CACO3","mg/L",143.7
"08/26/1992","S65E","HARDNESS AS CACO3","mg/L",48.4
"11/18/1992","S65E","HARDNESS AS CACO3","mg/L",53.4
"02/23/1993","S65E","HARDNESS AS CACO3","mg/L",53.5
"05/20/1993","S65E","HARDNESS AS CACO3","mg/L",47.7
"08/10/1993","S65E","HARDNESS AS CACO3","mg/L",61.2
"10/05/1993","S65E","HARDNESS AS CACO3","mg/L",59.3
"11/16/1993","S65E","HARDNESS AS CACO3","mg/L",60.3
"02/08/1994","S65E","HARDNESS AS CACO3","mg/L",74.1
"02/15/1994","S65E","HARDNESS AS CACO3","mg/L",71.6
"05/17/1994","S65E","HARDNESS AS CACO3","mg/L",47.255
"08/23/1994","S65E","HARDNESS AS CACO3","mg/L",40.2
"02/21/1995","S65E","HARDNESS AS CACO3","mg/L",39.7
"08/08/1995","S65E","HARDNESS AS CACO3","mg/L",35.9
"02/06/1996","S65E","HARDNESS AS CACO3","mg/L",34.5
"05/20/1996","S65E","HARDNESS AS CACO3","mg/L",48.7
"09/17/1996","S65E","HARDNESS AS CACO3","mg/L",18.2
"11/04/1996","S65E","HARDNESS AS CACO3","mg/L",52.1
"02/24/1997","S65E","HARDNESS AS CACO3","mg/L",43.3
"03/18/1997","S65E","HARDNESS AS CACO3","mg/L",51.4
"05/19/1997","S65E","HARDNESS AS CACO3","mg/L",46.6
"12/23/1997","S65E","HARDNESS AS CACO3","mg/L",35.1
"02/18/1998","S65E","HARDNESS AS CACO3","mg/L",37.3
"03/17/1998","S65E","HARDNESS AS CACO3","mg/L",29.7
"05/18/1998","S65E","HARDNESS AS CACO3","mg/L",42.1
"06/23/1998","S65E","HARDNESS AS CACO3","mg/L",49
"08/24/1998","S65E","HARDNESS AS CACO3","mg/L",46.9
"09/15/1998","S65E","HARDNESS AS CACO3","mg/L",46.3
"09/29/1998","S65E","HARDNESS AS CACO3","mg/L",32.2
"12/08/1998","S65E","HARDNESS AS CACO3","mg/L",45.3
"01/25/1999","S65E","HARDNESS AS CACO3","mg/L",50
"03/30/1999","S65E","HARDNESS AS CACO3","mg/L",56.9
"04/19/1999","S65E","HARDNESS AS CACO3","mg/L",47.6
"06/22/1999","S65E","HARDNESS AS CACO3","mg/L",50.700859
"07/26/1999","S65E","HARDNESS AS CACO3","mg/L",51.596798
"09/16/1999","S65E","HARDNESS AS CACO3","mg/L",29.0601592
"10/18/1999","S65E","HARDNESS AS CACO3","mg/L",45.39733
"12/07/1999","S65E","HARDNESS AS CACO3","mg/L",36.0426365
"01/24/2000","S65E","HARDNESS AS CACO3","mg/L",55.944237
"03/14/2000","S65E","HARDNESS AS CACO3","mg/L",60.88223
"04/17/2000","S65E","HARDNESS AS CACO3","mg/L",61.5219205
"06/06/2000","S65E","HARDNESS AS CACO3","mg/L",68.945428
"07/25/2000","S65E","HARDNESS AS CACO3","mg/L",72.19078
"09/12/2000","S65E","HARDNESS AS CACO3","mg/L",82.218034
"10/16/2000","S65E","HARDNESS AS CACO3","mg/L",75.056247
"12/05/2000","S65E","HARDNESS AS CACO3","mg/L",100.76122
"01/22/2001","S65E","HARDNESS AS CACO3","mg/L",91.519657
"03/27/2001","S65E","HARDNESS AS CACO3","mg/L",97.443249
"04/16/2001","S65E","HARDNESS AS CACO3","mg/L",51.7053325
"06/19/2001","S65E","HARDNESS AS CACO3","mg/L",53.3
"07/16/2001","S65E","HARDNESS AS CACO3","mg/L",110.2
"09/11/2001","S65E","HARDNESS AS CACO3","mg/L",41.4
"10/08/2001","S65E","HARDNESS AS CACO3","mg/L",58.7
"12/04/2001","S65E","HARDNESS AS CACO3","mg/L",32.15
"03/12/2002","S65E","HARDNESS AS CACO3","mg/L",67.5
"03/18/2002","S65E","HARDNESS AS CACO3","mg/L",33.7
"06/18/2002","S65E","HARDNESS AS CACO3","mg/L",22.9666666666667
"06/24/2002","S65E","HARDNESS AS CACO3","mg/L",74.8
"08/13/2002","S65E","HARDNESS AS CACO3","mg/L",55.1
"09/16/2002","S65E","HARDNESS AS CACO3","mg/L",47.7
"09/24/2002","S65E","HARDNESS AS CACO3","mg/L",24.35
"12/17/2002","S65E","HARDNESS AS CACO3","mg/L",22.88
"12/30/2002","S65E","HARDNESS AS CACO3","mg/L",43.4
"03/11/2003","S65E","HARDNESS AS CACO3","mg/L",58.9
"03/24/2003","S65E","HARDNESS AS CACO3","mg/L",62.7
"06/16/2003","S65E","HARDNESS AS CACO3","mg/L",50.7
"06/17/2003","S65E","HARDNESS AS CACO3","mg/L",25.75
"09/09/2003","S65E","HARDNESS AS CACO3","mg/L",19.05
"09/15/2003","S65E","HARDNESS AS CACO3","mg/L",36.7
"12/02/2003","S65E","HARDNESS AS CACO3","mg/L",45.6
"12/15/2003","S65E","HARDNESS AS CACO3","mg/L",21.6
"03/09/2004","S65E","HARDNESS AS CACO3","mg/L",48
"03/15/2004","S65E","HARDNESS AS CACO3","mg/L",46.8
"05/17/2004","S65E","HARDNESS AS CACO3","mg/L",57.2
"07/06/2004","S65E","HARDNESS AS CACO3","mg/L",29.15
"08/23/2004","S65E","HARDNESS AS CACO3","mg/L",27.85
"10/26/2004","S65E","HARDNESS AS CACO3","mg/L",11.4333333333333
"12/21/2004","S65E","HARDNESS AS CACO3","mg/L",19.4
"02/14/2005","S65E","HARDNESS AS CACO3","mg/L",41.9
"05/16/2005","S65E","HARDNESS AS CACO3","mg/L",21.05
"06/07/2005","S65E","HARDNESS AS CACO3","mg/L",12.8
"08/22/2005","S65E","HARDNESS AS CACO3","mg/L",36.6
"09/12/2005","S65E","HARDNESS AS CACO3","mg/L",16.75
"11/14/2005","S65E","HARDNESS AS CACO3","mg/L",28.6
"02/21/2006","S65E","HARDNESS AS CACO3","mg/L",19.95
"03/13/2006","S65E","HARDNESS AS CACO3","mg/L",19.7
"05/22/2006","S65E","HARDNESS AS CACO3","mg/L",41.8
"06/06/2006","S65E","HARDNESS AS CACO3","mg/L",24
"08/21/2006","S65E","HARDNESS AS CACO3","mg/L",57.6
"12/19/2006","S65E","HARDNESS AS CACO3","mg/L",62.1333333333333
"02/26/2007","S65E","HARDNESS AS CACO3","mg/L",71.3
"03/13/2007","S65E","HARDNESS AS CACO3","mg/L",78.3666666666667
"05/21/2007","S65E","HARDNESS AS CACO3","mg/L",97.4
"06/05/2007","S65E","HARDNESS AS CACO3","mg/L",99.0666666666667
"08/20/2007","S65E","HARDNESS AS CACO3","mg/L",62.8
"09/04/2007","S65E","HARDNESS AS CACO3","mg/L",62.6
"11/26/2007","S65E","HARDNESS AS CACO3","mg/L",60.9
"12/03/2007","S65E","HARDNESS AS CACO3","mg/L",62.8
"02/20/2008","S65E","HARDNESS AS CACO3","mg/L",70.9
"03/03/2008","S65E","HARDNESS AS CACO3","mg/L",73.4666666666667
"05/28/2008","S65E","HARDNESS AS CACO3","mg/L",71
"06/03/2008","S65E","HARDNESS AS CACO3","mg/L",72.2333333333333
"08/28/2008","S65E","HARDNESS AS CACO3","mg/L",36.4
"09/08/2008","S65E","HARDNESS AS CACO3","mg/L",46.2333333333333
"11/19/2008","S65E","HARDNESS AS CACO3","mg/L",77.8
"12/10/2008","S65E","HARDNESS AS CACO3","mg/L",86.9
"02/18/2009","S65E","HARDNESS AS CACO3","mg/L",73.7
"03/03/2009","S65E","HARDNESS AS CACO3","mg/L",80.1666666666667
"05/20/2009","S65E","HARDNESS AS CACO3","mg/L",85.4
"06/16/2009","S65E","HARDNESS AS CACO3","mg/L",73
"08/26/2009","S65E","HARDNESS AS CACO3","mg/L",61.5
"09/22/2009","S65E","HARDNESS AS CACO3","mg/L",52.9666666666667
"11/18/2009","S65E","HARDNESS AS CACO3","mg/L",61.4
"12/16/2009","S65E","HARDNESS AS CACO3","mg/L",64.6
"02/24/2010","S65E","HARDNESS AS CACO3","mg/L",50.3
"03/15/2010","S65E","HARDNESS AS CACO3","mg/L",55.2
"05/26/2010","S65E","HARDNESS AS CACO3","mg/L",46.8
"06/07/2010","S65E","HARDNESS AS CACO3","mg/L",47.3333333333333
"08/18/2010","S65E","HARDNESS AS CACO3","mg/L",64.2
"09/14/2010","S65E","HARDNESS AS CACO3","mg/L",54.9
"11/17/2010","S65E","HARDNESS AS CACO3","mg/L",58.5
"12/09/2010","S65E","HARDNESS AS CACO3","mg/L",60.6
"02/17/2011","S65E","HARDNESS AS CACO3","mg/L",67.7
"03/09/2011","S65E","HARDNESS AS CACO3","mg/L",67.3666666666667
"05/18/2011","S65E","HARDNESS AS CACO3","mg/L",53
"06/08/2011","S65E","HARDNESS AS CACO3","mg/L",58.2
"08/24/2011","S65E","HARDNESS AS CACO3","mg/L",66.4
"09/14/2011","S65E","HARDNESS AS CACO3","mg/L",52.1666666666667
"11/16/2011","S65E","HARDNESS AS CACO3","mg/L",44.8
"12/07/2011","S65E","HARDNESS AS CACO3","mg/L",51.4
"02/22/2012","S65E","HARDNESS AS CACO3","mg/L",43.8
"03/14/2012","S65E","HARDNESS AS CACO3","mg/L",47.9
"05/16/2012","S65E","HARDNESS AS CACO3","mg/L",55.7
"06/06/2012","S65E","HARDNESS AS CACO3","mg/L",54.2
"08/08/2012","S65E","HARDNESS AS CACO3","mg/L",69.6
"09/05/2012","S65E","HARDNESS AS CACO3","mg/L",39.6
"11/14/2012","S65E","HARDNESS AS CACO3","mg/L",56.8
"12/05/2012","S65E","HARDNESS AS CACO3","mg/L",62.6
"02/06/2013","S65E","HARDNESS AS CACO3","mg/L",65.6
"02/13/2013","S65E","HARDNESS AS CACO3","mg/L",65.1
"05/08/2013","S65E","HARDNESS AS CACO3","mg/L",62
"08/07/2013","S65E","HARDNESS AS CACO3","mg/L",48.7
"08/14/2013","S65E","HARDNESS AS CACO3","mg/L",46.8
"11/04/2013","S65E","HARDNESS AS CACO3","mg/L",56.5
"11/06/2013","S65E","HARDNESS AS CACO3","mg/L",61.2
"02/03/2014","S65E","HARDNESS AS CACO3","mg/L",60.2
"02/12/2014","S65E","HARDNESS AS CACO3","mg/L",68.2
"04/23/2014","S65E","HARDNESS AS CACO3","mg/L",54.8
"05/05/2014","S65E","HARDNESS AS CACO3","mg/L",55.3
"08/13/2014","S65E","HARDNESS AS CACO3","mg/L",49.5
"08/18/2014","S65E","HARDNESS AS CACO3","mg/L",42.6
"11/03/2014","S65E","HARDNESS AS CACO3","mg/L",52.6
"11/05/2014","S65E","HARDNESS AS CACO3","mg/L",51.3
"02/02/2015","S65E","HARDNESS AS CACO3","mg/L",40.8
"02/11/2015","S65E","HARDNESS AS CACO3","mg/L",43.5
"05/04/2015","S65E","HARDNESS AS CACO3","mg/L",42.6
"05/06/2015","S65E","HARDNESS AS CACO3","mg/L",45.2
"08/03/2015","S65E","HARDNESS AS CACO3","mg/L",50.6
"08/12/2015","S65E","HARDNESS AS CACO3","mg/L",50.8333333333333
"10/26/2015","S65E","HARDNESS AS CACO3","mg/L",40.1
"11/04/2015","S65E","HARDNESS AS CACO3","mg/L",43
"01/20/2016","S65E","HARDNESS AS CACO3","mg/L",52.6
"04/11/2016","S65E","HARDNESS AS CACO3","mg/L",45.6
"07/06/2016","S65E","HARDNESS AS CACO3","mg/L",42.2
"09/26/2016","S65E","HARDNESS AS CACO3","mg/L",38.3
"12/19/2016","S65E","HARDNESS AS CACO3","mg/L",40.8
"03/13/2017","S65E","HARDNESS AS CACO3","mg/L",59.8
"03/20/2017","S65E","HARDNESS AS CACO3","mg/L",46.6666666666667
"06/12/2017","S65E","HARDNESS AS CACO3","mg/L",62.6
"12/18/2017","S65E","HARDNESS AS CACO3","mg/L",57.2
"04/09/2018","S65E","HARDNESS AS CACO3","mg/L",53.6
"06/04/2018","S65E","HARDNESS AS CACO3","mg/L",72.3
"08/06/2018","S65E","HARDNESS AS CACO3","mg/L",48.8
"11/26/2018","S65E","HARDNESS AS CACO3","mg/L",54.6333333333333
"03/04/2019","S65E","HARDNESS AS CACO3","mg/L",48.6666666666667
"03/06/2019","S65E","HARDNESS AS CACO3","mg/L",48.5
"04/08/2019","S65E","HARDNESS AS CACO3","mg/L",56.6
"07/01/2019","S65E","HARDNESS AS CACO3","mg/L",49.9
"10/21/2019","S65E","HARDNESS AS CACO3","mg/L",60.4
"01/13/2020","S65E","HARDNESS AS CACO3","mg/L",73.4
"04/06/2020","S65E","HARDNESS AS CACO3","mg/L",47.5
"07/13/2020","S65E","HARDNESS AS CACO3","mg/L",57.5
"11/16/2020","S65E","HARDNESS AS CACO3","mg/L",53.5
"01/11/2021","S65E","HARDNESS AS CACO3","mg/L",49
"04/19/2021","S65E","HARDNESS AS CACO3","mg/L",50.7
"07/12/2021","S65E","HARDNESS AS CACO3","mg/L",62.8
"10/18/2021","S65E","HARDNESS AS CACO3","mg/L",51.4
"01/10/2022","S65E","HARDNESS AS CACO3","mg/L",59.1
"03/07/2022","S65E","HARDNESS AS CACO3","mg/L",54.5
"05/02/2022","S65E","HARDNESS AS CACO3","mg/L",59.2
"07/25/2022","S65E","HARDNESS AS CACO3","mg/L",80.1
"10/03/2022","S65E","HARDNESS AS CACO3","mg/L",43.7
"01/09/2023","S65E","HARDNESS AS CACO3","mg/L",44.1
"02/11/1974","S65E","IRON, DISSOLVED","ug/L",390
"02/12/1974","S65E","IRON, DISSOLVED","ug/L",190
"03/05/1974","S65E","IRON, DISSOLVED","ug/L",65
"04/02/1974","S65E","IRON, DISSOLVED","ug/L",80
"05/07/1974","S65E","IRON, DISSOLVED","ug/L",105
"07/09/1974","S65E","IRON, DISSOLVED","ug/L",295
"07/25/1978","S65E","IRON, DISSOLVED","ug/L",340
"02/20/1979","S65E","IRON, DISSOLVED","ug/L",45
"02/19/1980","S65E","IRON, DISSOLVED","ug/L",190
"08/20/1980","S65E","IRON, DISSOLVED","ug/L",100
"02/11/1981","S65E","IRON, DISSOLVED","ug/L",140
"07/28/1981","S65E","IRON, DISSOLVED","ug/L",-20
"02/16/1982","S65E","IRON, DISSOLVED","ug/L",320
"02/20/1985","S65E","IRON, DISSOLVED","ug/L",220
"02/18/1986","S65E","IRON, DISSOLVED","ug/L",60
"11/12/1973","S65E","IRON, TOTAL","ug/L",780
"11/13/1973","S65E","IRON, TOTAL","ug/L",790
"12/10/1973","S65E","IRON, TOTAL","ug/L",250
"12/11/1973","S65E","IRON, TOTAL","ug/L",240
"01/08/1974","S65E","IRON, TOTAL","ug/L",250
"01/14/1974","S65E","IRON, TOTAL","ug/L",440
"09/10/1974","S65E","IRON, TOTAL","ug/L",310
"10/09/1978","S65E","IRON, TOTAL","ug/L",410
"10/23/1978","S65E","IRON, TOTAL","ug/L",360
"11/20/1978","S65E","IRON, TOTAL","ug/L",250
"12/04/1978","S65E","IRON, TOTAL","ug/L",400
"12/19/1978","S65E","IRON, TOTAL","ug/L",430
"01/08/1979","S65E","IRON, TOTAL","ug/L",260
"01/22/1979","S65E","IRON, TOTAL","ug/L",330
"02/05/1979","S65E","IRON, TOTAL","ug/L",180
"02/20/1979","S65E","IRON, TOTAL","ug/L",256.666666666667
"03/05/1979","S65E","IRON, TOTAL","ug/L",250
"03/19/1979","S65E","IRON, TOTAL","ug/L",260
"04/02/1979","S65E","IRON, TOTAL","ug/L",500
"04/16/1979","S65E","IRON, TOTAL","ug/L",370
"04/30/1979","S65E","IRON, TOTAL","ug/L",350
"05/14/1979","S65E","IRON, TOTAL","ug/L",500
"05/29/1979","S65E","IRON, TOTAL","ug/L",370
"06/11/1979","S65E","IRON, TOTAL","ug/L",440
"06/25/1979","S65E","IRON, TOTAL","ug/L",510
"07/09/1979","S65E","IRON, TOTAL","ug/L",400
"07/23/1979","S65E","IRON, TOTAL","ug/L",630
"08/06/1979","S65E","IRON, TOTAL","ug/L",290
"08/20/1979","S65E","IRON, TOTAL","ug/L",310
"09/05/1979","S65E","IRON, TOTAL","ug/L",460
"09/18/1979","S65E","IRON, TOTAL","ug/L",680
"10/01/1979","S65E","IRON, TOTAL","ug/L",240
"10/15/1979","S65E","IRON, TOTAL","ug/L",250
"10/29/1979","S65E","IRON, TOTAL","ug/L",340
"01/08/1980","S65E","IRON, TOTAL","ug/L",430
"02/19/1980","S65E","IRON, TOTAL","ug/L",210
"03/04/1980","S65E","IRON, TOTAL","ug/L",830
"03/18/1980","S65E","IRON, TOTAL","ug/L",230
"04/02/1980","S65E","IRON, TOTAL","ug/L",340
"04/30/1980","S65E","IRON, TOTAL","ug/L",320
"05/13/1980","S65E","IRON, TOTAL","ug/L",210
"05/28/1980","S65E","IRON, TOTAL","ug/L",230
"06/09/1980","S65E","IRON, TOTAL","ug/L",220
"06/25/1980","S65E","IRON, TOTAL","ug/L",140
"07/08/1980","S65E","IRON, TOTAL","ug/L",70
"07/24/1980","S65E","IRON, TOTAL","ug/L",170
"08/04/1980","S65E","IRON, TOTAL","ug/L",320
"08/20/1980","S65E","IRON, TOTAL","ug/L",190
"09/03/1980","S65E","IRON, TOTAL","ug/L",370
"09/17/1980","S65E","IRON, TOTAL","ug/L",140
"10/14/1980","S65E","IRON, TOTAL","ug/L",320
"10/29/1980","S65E","IRON, TOTAL","ug/L",280
"11/12/1980","S65E","IRON, TOTAL","ug/L",340
"12/02/1980","S65E","IRON, TOTAL","ug/L",340
"12/31/1980","S65E","IRON, TOTAL","ug/L",290
"01/14/1981","S65E","IRON, TOTAL","ug/L",280
"01/27/1981","S65E","IRON, TOTAL","ug/L",270
"02/11/1981","S65E","IRON, TOTAL","ug/L",170
"02/24/1981","S65E","IRON, TOTAL","ug/L",230
"03/11/1981","S65E","IRON, TOTAL","ug/L",240
"03/24/1981","S65E","IRON, TOTAL","ug/L",200
"04/08/1981","S65E","IRON, TOTAL","ug/L",160
"04/21/1981","S65E","IRON, TOTAL","ug/L",140
"05/06/1981","S65E","IRON, TOTAL","ug/L",80
"05/19/1981","S65E","IRON, TOTAL","ug/L",100
"06/02/1981","S65E","IRON, TOTAL","ug/L",80
"06/17/1981","S65E","IRON, TOTAL","ug/L",110
"06/30/1981","S65E","IRON, TOTAL","ug/L",130
"07/16/1981","S65E","IRON, TOTAL","ug/L",50
"07/28/1981","S65E","IRON, TOTAL","ug/L",70
"08/12/1981","S65E","IRON, TOTAL","ug/L",80
"08/25/1981","S65E","IRON, TOTAL","ug/L",33.3333333333333
"09/10/1981","S65E","IRON, TOTAL","ug/L",140
"09/23/1981","S65E","IRON, TOTAL","ug/L",750
"09/28/1981","S65E","IRON, TOTAL","ug/L",800
"10/06/1981","S65E","IRON, TOTAL","ug/L",630
"10/20/1981","S65E","IRON, TOTAL","ug/L",626.666666666667
"10/26/1981","S65E","IRON, TOTAL","ug/L",320
"11/04/1981","S65E","IRON, TOTAL","ug/L",580
"11/23/1981","S65E","IRON, TOTAL","ug/L",560
"12/02/1981","S65E","IRON, TOTAL","ug/L",530
"12/21/1981","S65E","IRON, TOTAL","ug/L",520
"12/29/1981","S65E","IRON, TOTAL","ug/L",470
"01/18/1982","S65E","IRON, TOTAL","ug/L",610
"02/16/1982","S65E","IRON, TOTAL","ug/L",480
"02/24/1982","S65E","IRON, TOTAL","ug/L",430
"03/15/1982","S65E","IRON, TOTAL","ug/L",560
"04/12/1982","S65E","IRON, TOTAL","ug/L",420
"05/10/1982","S65E","IRON, TOTAL","ug/L",206.666666666667
"06/07/1982","S65E","IRON, TOTAL","ug/L",450
"07/01/1982","S65E","IRON, TOTAL","ug/L",420
"07/07/1982","S65E","IRON, TOTAL","ug/L",440
"08/25/1982","S65E","IRON, TOTAL","ug/L",490
"09/01/1982","S65E","IRON, TOTAL","ug/L",490
"09/27/1982","S65E","IRON, TOTAL","ug/L",430
"10/20/1982","S65E","IRON, TOTAL","ug/L",366.666666666667
"10/26/1982","S65E","IRON, TOTAL","ug/L",350
"11/22/1982","S65E","IRON, TOTAL","ug/L",170
"12/20/1982","S65E","IRON, TOTAL","ug/L",350
"12/22/1982","S65E","IRON, TOTAL","ug/L",130
"01/19/1983","S65E","IRON, TOTAL","ug/L",310
"02/15/1983","S65E","IRON, TOTAL","ug/L",950
"03/17/1983","S65E","IRON, TOTAL","ug/L",370
"04/14/1983","S65E","IRON, TOTAL","ug/L",493.333333333333
"04/15/1983","S65E","IRON, TOTAL","ug/L",390
"05/11/1983","S65E","IRON, TOTAL","ug/L",320
"06/09/1983","S65E","IRON, TOTAL","ug/L",260
"08/03/1983","S65E","IRON, TOTAL","ug/L",310
"09/12/1983","S65E","IRON, TOTAL","ug/L",290
"09/28/1983","S65E","IRON, TOTAL","ug/L",230
"10/28/1983","S65E","IRON, TOTAL","ug/L",270
"11/16/1983","S65E","IRON, TOTAL","ug/L",270
"12/29/1983","S65E","IRON, TOTAL","ug/L",240
"01/25/1984","S65E","IRON, TOTAL","ug/L",280
"02/23/1984","S65E","IRON, TOTAL","ug/L",400
"02/29/1984","S65E","IRON, TOTAL","ug/L",390
"03/21/1984","S65E","IRON, TOTAL","ug/L",280
"04/18/1984","S65E","IRON, TOTAL","ug/L",300
"05/31/1984","S65E","IRON, TOTAL","ug/L",440
"08/22/1984","S65E","IRON, TOTAL","ug/L",330
"09/21/1984","S65E","IRON, TOTAL","ug/L",400
"10/09/1984","S65E","IRON, TOTAL","ug/L",310
"10/30/1984","S65E","IRON, TOTAL","ug/L",326.666666666667
"11/14/1984","S65E","IRON, TOTAL","ug/L",230
"12/27/1984","S65E","IRON, TOTAL","ug/L",100
"01/24/1985","S65E","IRON, TOTAL","ug/L",170
"02/20/1985","S65E","IRON, TOTAL","ug/L",180
"02/26/1985","S65E","IRON, TOTAL","ug/L",120
"03/20/1985","S65E","IRON, TOTAL","ug/L",200
"04/17/1985","S65E","IRON, TOTAL","ug/L",243.333333333333
"05/16/1985","S65E","IRON, TOTAL","ug/L",280
"06/26/1985","S65E","IRON, TOTAL","ug/L",170
"07/23/1985","S65E","IRON, TOTAL","ug/L",520
"08/21/1985","S65E","IRON, TOTAL","ug/L",300
"08/27/1985","S65E","IRON, TOTAL","ug/L",430
"09/19/1985","S65E","IRON, TOTAL","ug/L",450
"10/17/1985","S65E","IRON, TOTAL","ug/L",313.333333333333
"11/14/1985","S65E","IRON, TOTAL","ug/L",280
"12/12/1985","S65E","IRON, TOTAL","ug/L",200
"01/16/1986","S65E","IRON, TOTAL","ug/L",150
"02/12/1986","S65E","IRON, TOTAL","ug/L",130
"02/18/1986","S65E","IRON, TOTAL","ug/L",90
"03/18/1986","S65E","IRON, TOTAL","ug/L",160
"04/15/1986","S65E","IRON, TOTAL","ug/L",280
"05/14/1986","S65E","IRON, TOTAL","ug/L",290
"05/20/1986","S65E","IRON, TOTAL","ug/L",380
"06/19/1986","S65E","IRON, TOTAL","ug/L",190
"07/17/1986","S65E","IRON, TOTAL","ug/L",870
"08/14/1986","S65E","IRON, TOTAL","ug/L",700
"09/10/1986","S65E","IRON, TOTAL","ug/L",390
"09/23/1986","S65E","IRON, TOTAL","ug/L",440
"10/09/1986","S65E","IRON, TOTAL","ug/L",390
"11/06/1986","S65E","IRON, TOTAL","ug/L",420
"11/18/1986","S65E","IRON, TOTAL","ug/L",280
"12/04/1986","S65E","IRON, TOTAL","ug/L",340
"01/08/1987","S65E","IRON, TOTAL","ug/L",270
"01/15/1987","S65E","IRON, TOTAL","ug/L",190
"01/22/1987","S65E","IRON, TOTAL","ug/L",250
"01/29/1987","S65E","IRON, TOTAL","ug/L",220
"02/05/1987","S65E","IRON, TOTAL","ug/L",210
"02/12/1987","S65E","IRON, TOTAL","ug/L",220
"02/18/1987","S65E","IRON, TOTAL","ug/L",270
"02/19/1987","S65E","IRON, TOTAL","ug/L",240
"02/26/1987","S65E","IRON, TOTAL","ug/L",210
"03/05/1987","S65E","IRON, TOTAL","ug/L",260
"03/12/1987","S65E","IRON, TOTAL","ug/L",290
"03/19/1987","S65E","IRON, TOTAL","ug/L",250
"03/26/1987","S65E","IRON, TOTAL","ug/L",270
"04/22/1987","S65E","IRON, TOTAL","ug/L",340
"05/13/1987","S65E","IRON, TOTAL","ug/L",440
"05/20/1987","S65E","IRON, TOTAL","ug/L",460
"05/26/1987","S65E","IRON, TOTAL","ug/L",440
"06/01/1987","S65E","IRON, TOTAL","ug/L",340
"06/17/1987","S65E","IRON, TOTAL","ug/L",210
"07/16/1987","S65E","IRON, TOTAL","ug/L",200
"07/30/1987","S65E","IRON, TOTAL","ug/L",310
"08/12/1987","S65E","IRON, TOTAL","ug/L",370
"08/18/1987","S65E","IRON, TOTAL","ug/L",350
"08/28/1987","S65E","IRON, TOTAL","ug/L",230
"09/09/1987","S65E","IRON, TOTAL","ug/L",260
"09/24/1987","S65E","IRON, TOTAL","ug/L",260
"10/07/1987","S65E","IRON, TOTAL","ug/L",300
"10/21/1987","S65E","IRON, TOTAL","ug/L",460
"11/04/1987","S65E","IRON, TOTAL","ug/L",510
"11/18/1987","S65E","IRON, TOTAL","ug/L",660
"12/03/1987","S65E","IRON, TOTAL","ug/L",310
"12/17/1987","S65E","IRON, TOTAL","ug/L",790
"01/06/1988","S65E","IRON, TOTAL","ug/L",290
"01/21/1988","S65E","IRON, TOTAL","ug/L",300
"02/04/1988","S65E","IRON, TOTAL","ug/L",260
"02/16/1988","S65E","IRON, TOTAL","ug/L",270
"02/18/1988","S65E","IRON, TOTAL","ug/L",280
"02/25/1988","S65E","IRON, TOTAL","ug/L",530
"03/03/1988","S65E","IRON, TOTAL","ug/L",260
"03/14/1988","S65E","IRON, TOTAL","ug/L",400
"03/29/1988","S65E","IRON, TOTAL","ug/L",290
"04/11/1988","S65E","IRON, TOTAL","ug/L",500
"04/25/1988","S65E","IRON, TOTAL","ug/L",510
"05/09/1988","S65E","IRON, TOTAL","ug/L",220
"05/23/1988","S65E","IRON, TOTAL","ug/L",180
"05/24/1988","S65E","IRON, TOTAL","ug/L",200
"06/07/1988","S65E","IRON, TOTAL","ug/L",260
"06/20/1988","S65E","IRON, TOTAL","ug/L",170
"07/05/1988","S65E","IRON, TOTAL","ug/L",130
"07/18/1988","S65E","IRON, TOTAL","ug/L",140
"08/03/1988","S65E","IRON, TOTAL","ug/L",280
"08/15/1988","S65E","IRON, TOTAL","ug/L",400
"08/29/1988","S65E","IRON, TOTAL","ug/L",500
"09/12/1988","S65E","IRON, TOTAL","ug/L",4770
"09/26/1988","S65E","IRON, TOTAL","ug/L",290
"10/10/1988","S65E","IRON, TOTAL","ug/L",320
"10/25/1988","S65E","IRON, TOTAL","ug/L",260
"11/07/1988","S65E","IRON, TOTAL","ug/L",350
"11/21/1988","S65E","IRON, TOTAL","ug/L",380
"11/22/1988","S65E","IRON, TOTAL","ug/L",380
"12/05/1988","S65E","IRON, TOTAL","ug/L",300
"12/19/1988","S65E","IRON, TOTAL","ug/L",260
"01/03/1989","S65E","IRON, TOTAL","ug/L",330
"01/17/1989","S65E","IRON, TOTAL","ug/L",190
"01/30/1989","S65E","IRON, TOTAL","ug/L",350
"02/13/1989","S65E","IRON, TOTAL","ug/L",160
"02/27/1989","S65E","IRON, TOTAL","ug/L",220
"02/28/1989","S65E","IRON, TOTAL","ug/L",260
"03/13/1989","S65E","IRON, TOTAL","ug/L",160
"03/27/1989","S65E","IRON, TOTAL","ug/L",160
"04/10/1989","S65E","IRON, TOTAL","ug/L",280
"04/24/1989","S65E","IRON, TOTAL","ug/L",210
"05/08/1989","S65E","IRON, TOTAL","ug/L",280
"05/22/1989","S65E","IRON, TOTAL","ug/L",200
"05/24/1989","S65E","IRON, TOTAL","ug/L",200
"06/05/1989","S65E","IRON, TOTAL","ug/L",220
"06/19/1989","S65E","IRON, TOTAL","ug/L",200
"07/03/1989","S65E","IRON, TOTAL","ug/L",170
"07/17/1989","S65E","IRON, TOTAL","ug/L",80
"07/31/1989","S65E","IRON, TOTAL","ug/L",140
"08/14/1989","S65E","IRON, TOTAL","ug/L",170
"08/28/1989","S65E","IRON, TOTAL","ug/L",270
"08/29/1989","S65E","IRON, TOTAL","ug/L",350
"09/13/1989","S65E","IRON, TOTAL","ug/L",360
"09/25/1989","S65E","IRON, TOTAL","ug/L",560
"10/09/1989","S65E","IRON, TOTAL","ug/L",680
"10/23/1989","S65E","IRON, TOTAL","ug/L",690
"11/06/1989","S65E","IRON, TOTAL","ug/L",490
"11/20/1989","S65E","IRON, TOTAL","ug/L",540
"12/04/1989","S65E","IRON, TOTAL","ug/L",460
"12/18/1989","S65E","IRON, TOTAL","ug/L",390
"01/03/1990","S65E","IRON, TOTAL","ug/L",480
"01/09/1990","S65E","IRON, TOTAL","ug/L",480
"01/16/1990","S65E","IRON, TOTAL","ug/L",430
"01/23/1990","S65E","IRON, TOTAL","ug/L",210
"01/30/1990","S65E","IRON, TOTAL","ug/L",170
"02/06/1990","S65E","IRON, TOTAL","ug/L",250
"02/13/1990","S65E","IRON, TOTAL","ug/L",330
"02/20/1990","S65E","IRON, TOTAL","ug/L",130
"02/27/1990","S65E","IRON, TOTAL","ug/L",340
"02/28/1990","S65E","IRON, TOTAL","ug/L",290
"03/16/1990","S65E","IRON, TOTAL","ug/L",260
"03/27/1990","S65E","IRON, TOTAL","ug/L",230
"04/11/1990","S65E","IRON, TOTAL","ug/L",370
"05/07/1990","S65E","IRON, TOTAL","ug/L",150
"05/21/1990","S65E","IRON, TOTAL","ug/L",110
"06/18/1990","S65E","IRON, TOTAL","ug/L",70
"07/02/1990","S65E","IRON, TOTAL","ug/L",190
"07/16/1990","S65E","IRON, TOTAL","ug/L",470
"07/30/1990","S65E","IRON, TOTAL","ug/L",500
"08/13/1990","S65E","IRON, TOTAL","ug/L",490
"08/27/1990","S65E","IRON, TOTAL","ug/L",730
"09/10/1990","S65E","IRON, TOTAL","ug/L",810
"09/24/1990","S65E","IRON, TOTAL","ug/L",560
"10/08/1990","S65E","IRON, TOTAL","ug/L",650
"10/22/1990","S65E","IRON, TOTAL","ug/L",750
"11/05/1990","S65E","IRON, TOTAL","ug/L",590
"11/20/1990","S65E","IRON, TOTAL","ug/L",490
"12/03/1990","S65E","IRON, TOTAL","ug/L",410
"12/17/1990","S65E","IRON, TOTAL","ug/L",460
"12/31/1990","S65E","IRON, TOTAL","ug/L",520
"01/14/1991","S65E","IRON, TOTAL","ug/L",370
"01/28/1991","S65E","IRON, TOTAL","ug/L",420
"02/11/1991","S65E","IRON, TOTAL","ug/L",370
"02/26/1991","S65E","IRON, TOTAL","ug/L",350
"03/11/1991","S65E","IRON, TOTAL","ug/L",330
"03/25/1991","S65E","IRON, TOTAL","ug/L",290
"04/08/1991","S65E","IRON, TOTAL","ug/L",390
"04/22/1991","S65E","IRON, TOTAL","ug/L",490
"05/06/1991","S65E","IRON, TOTAL","ug/L",190
"05/20/1991","S65E","IRON, TOTAL","ug/L",240
"06/03/1991","S65E","IRON, TOTAL","ug/L",490
"06/18/1991","S65E","IRON, TOTAL","ug/L",440
"07/01/1991","S65E","IRON, TOTAL","ug/L",420
"07/15/1991","S65E","IRON, TOTAL","ug/L",590
"07/29/1991","S65E","IRON, TOTAL","ug/L",300
"08/12/1991","S65E","IRON, TOTAL","ug/L",400
"08/26/1991","S65E","IRON, TOTAL","ug/L",460
"08/28/1991","S65E","IRON, TOTAL","ug/L",560
"09/09/1991","S65E","IRON, TOTAL","ug/L",530
"09/23/1991","S65E","IRON, TOTAL","ug/L",470
"10/07/1991","S65E","IRON, TOTAL","ug/L",680
"10/21/1991","S65E","IRON, TOTAL","ug/L",380
"11/04/1991","S65E","IRON, TOTAL","ug/L",380
"11/20/1991","S65E","IRON, TOTAL","ug/L",330
"12/02/1991","S65E","IRON, TOTAL","ug/L",310
"12/16/1991","S65E","IRON, TOTAL","ug/L",220
"12/30/1991","S65E","IRON, TOTAL","ug/L",290
"01/13/1992","S65E","IRON, TOTAL","ug/L",260
"01/27/1992","S65E","IRON, TOTAL","ug/L",240
"02/11/1992","S65E","IRON, TOTAL","ug/L",340
"02/27/1992","S65E","IRON, TOTAL","ug/L",270
"03/11/1992","S65E","IRON, TOTAL","ug/L",460
"03/26/1992","S65E","IRON, TOTAL","ug/L",210
"04/07/1992","S65E","IRON, TOTAL","ug/L",210
"04/21/1992","S65E","IRON, TOTAL","ug/L",190
"05/05/1992","S65E","IRON, TOTAL","ug/L",240
"05/19/1992","S65E","IRON, TOTAL","ug/L",210
"06/02/1992","S65E","IRON, TOTAL","ug/L",220
"06/16/1992","S65E","IRON, TOTAL","ug/L",260
"06/30/1992","S65E","IRON, TOTAL","ug/L",1140
"07/08/1992","S65E","IRON, TOTAL","ug/L",260
"07/14/1992","S65E","IRON, TOTAL","ug/L",1390
"07/28/1992","S65E","IRON, TOTAL","ug/L",940
"08/11/1992","S65E","IRON, TOTAL","ug/L",720
"08/26/1992","S65E","IRON, TOTAL","ug/L",300
"09/10/1992","S65E","IRON, TOTAL","ug/L",380
"09/22/1992","S65E","IRON, TOTAL","ug/L",360
"10/06/1992","S65E","IRON, TOTAL","ug/L",320
"10/20/1992","S65E","IRON, TOTAL","ug/L",520
"11/03/1992","S65E","IRON, TOTAL","ug/L",410
"11/17/1992","S65E","IRON, TOTAL","ug/L",370
"11/18/1992","S65E","IRON, TOTAL","ug/L",360
"12/02/1992","S65E","IRON, TOTAL","ug/L",250
"12/15/1992","S65E","IRON, TOTAL","ug/L",130
"02/23/1993","S65E","IRON, TOTAL","ug/L",340
"04/20/1993","S65E","IRON, TOTAL","ug/L",280
"05/04/1993","S65E","IRON, TOTAL","ug/L",280
"05/18/1993","S65E","IRON, TOTAL","ug/L",230
"05/20/1993","S65E","IRON, TOTAL","ug/L",280
"06/01/1993","S65E","IRON, TOTAL","ug/L",270
"06/15/1993","S65E","IRON, TOTAL","ug/L",220
"06/29/1993","S65E","IRON, TOTAL","ug/L",170
"07/13/1993","S65E","IRON, TOTAL","ug/L",180
"07/27/1993","S65E","IRON, TOTAL","ug/L",240
"08/10/1993","S65E","IRON, TOTAL","ug/L",130
"08/24/1993","S65E","IRON, TOTAL","ug/L",170
"09/07/1993","S65E","IRON, TOTAL","ug/L",210
"10/05/1993","S65E","IRON, TOTAL","ug/L",470
"10/19/1993","S65E","IRON, TOTAL","ug/L",430
"11/02/1993","S65E","IRON, TOTAL","ug/L",550
"11/16/1993","S65E","IRON, TOTAL","ug/L",555
"12/01/1993","S65E","IRON, TOTAL","ug/L",290
"12/14/1993","S65E","IRON, TOTAL","ug/L",200
"12/28/1993","S65E","IRON, TOTAL","ug/L",330
"01/11/1994","S65E","IRON, TOTAL","ug/L",350
"01/25/1994","S65E","IRON, TOTAL","ug/L",340
"02/08/1994","S65E","IRON, TOTAL","ug/L",350
"02/15/1994","S65E","IRON, TOTAL","ug/L",320
"02/22/1994","S65E","IRON, TOTAL","ug/L",360
"03/08/1994","S65E","IRON, TOTAL","ug/L",380
"03/22/1994","S65E","IRON, TOTAL","ug/L",100
"04/05/1994","S65E","IRON, TOTAL","ug/L",124
"04/19/1994","S65E","IRON, TOTAL","ug/L",75
"05/03/1994","S65E","IRON, TOTAL","ug/L",79
"05/17/1994","S65E","IRON, TOTAL","ug/L",76.6
"05/31/1994","S65E","IRON, TOTAL","ug/L",111
"06/14/1994","S65E","IRON, TOTAL","ug/L",192
"06/28/1994","S65E","IRON, TOTAL","ug/L",139
"07/26/1994","S65E","IRON, TOTAL","ug/L",540
"08/09/1994","S65E","IRON, TOTAL","ug/L",452
"08/23/1994","S65E","IRON, TOTAL","ug/L",402
"09/06/1994","S65E","IRON, TOTAL","ug/L",278
"09/20/1994","S65E","IRON, TOTAL","ug/L",299
"10/04/1994","S65E","IRON, TOTAL","ug/L",306
"10/18/1994","S65E","IRON, TOTAL","ug/L",302
"11/01/1994","S65E","IRON, TOTAL","ug/L",301
"11/29/1994","S65E","IRON, TOTAL","ug/L",275
"12/13/1994","S65E","IRON, TOTAL","ug/L",292
"12/27/1994","S65E","IRON, TOTAL","ug/L",262
"01/24/1995","S65E","IRON, TOTAL","ug/L",238
"02/21/1995","S65E","IRON, TOTAL","ug/L",380
"03/07/1995","S65E","IRON, TOTAL","ug/L",252
"03/21/1995","S65E","IRON, TOTAL","ug/L",321
"04/04/1995","S65E","IRON, TOTAL","ug/L",323
"04/18/1995","S65E","IRON, TOTAL","ug/L",181.8
"05/02/1995","S65E","IRON, TOTAL","ug/L",258
"05/16/1995","S65E","IRON, TOTAL","ug/L",247
"05/30/1995","S65E","IRON, TOTAL","ug/L",200
"06/13/1995","S65E","IRON, TOTAL","ug/L",144
"06/27/1995","S65E","IRON, TOTAL","ug/L",322
"07/11/1995","S65E","IRON, TOTAL","ug/L",139
"07/25/1995","S65E","IRON, TOTAL","ug/L",177
"08/08/1995","S65E","IRON, TOTAL","ug/L",410
"08/22/1995","S65E","IRON, TOTAL","ug/L",480.2
"09/05/1995","S65E","IRON, TOTAL","ug/L",400.1
"09/19/1995","S65E","IRON, TOTAL","ug/L",424.6
"10/03/1995","S65E","IRON, TOTAL","ug/L",349.1
"10/17/1995","S65E","IRON, TOTAL","ug/L",446.07
"10/31/1995","S65E","IRON, TOTAL","ug/L",349.81
"11/14/1995","S65E","IRON, TOTAL","ug/L",369.4
"11/28/1995","S65E","IRON, TOTAL","ug/L",324.7
"12/12/1995","S65E","IRON, TOTAL","ug/L",322.72
"12/26/1995","S65E","IRON, TOTAL","ug/L",297
"01/09/1996","S65E","IRON, TOTAL","ug/L",315.31
"01/23/1996","S65E","IRON, TOTAL","ug/L",354.2
"02/06/1996","S65E","IRON, TOTAL","ug/L",229.21
"02/20/1996","S65E","IRON, TOTAL","ug/L",206.25
"03/05/1996","S65E","IRON, TOTAL","ug/L",342.575
"03/19/1996","S65E","IRON, TOTAL","ug/L",405.1
"04/02/1996","S65E","IRON, TOTAL","ug/L",358.65
"04/16/1996","S65E","IRON, TOTAL","ug/L",353.875
"04/30/1996","S65E","IRON, TOTAL","ug/L",229.02
"05/14/1996","S65E","IRON, TOTAL","ug/L",225.225
"05/20/1996","S65E","IRON, TOTAL","ug/L",167.95
"05/28/1996","S65E","IRON, TOTAL","ug/L",151.15
"06/11/1996","S65E","IRON, TOTAL","ug/L",230.925
"06/25/1996","S65E","IRON, TOTAL","ug/L",197.75
"07/09/1996","S65E","IRON, TOTAL","ug/L",299.7
"07/23/1996","S65E","IRON, TOTAL","ug/L",143.45
"08/06/1996","S65E","IRON, TOTAL","ug/L",187.5
"08/20/1996","S65E","IRON, TOTAL","ug/L",282.05
"09/03/1996","S65E","IRON, TOTAL","ug/L",173.25
"09/17/1996","S65E","IRON, TOTAL","ug/L",151.5
"10/01/1996","S65E","IRON, TOTAL","ug/L",109.5
"10/29/1996","S65E","IRON, TOTAL","ug/L",87
"11/04/1996","S65E","IRON, TOTAL","ug/L",390
"11/12/1996","S65E","IRON, TOTAL","ug/L",142.4
"11/26/1996","S65E","IRON, TOTAL","ug/L",110.8
"12/10/1996","S65E","IRON, TOTAL","ug/L",81
"12/26/1996","S65E","IRON, TOTAL","ug/L",109.852
"01/07/1997","S65E","IRON, TOTAL","ug/L",63.61
"01/21/1997","S65E","IRON, TOTAL","ug/L",141.336
"02/05/1997","S65E","IRON, TOTAL","ug/L",178
"02/18/1997","S65E","IRON, TOTAL","ug/L",107.4
"02/24/1997","S65E","IRON, TOTAL","ug/L",117
"03/04/1997","S65E","IRON, TOTAL","ug/L",59.5
"03/18/1997","S65E","IRON, TOTAL","ug/L",246
"04/01/1997","S65E","IRON, TOTAL","ug/L",119.5
"04/15/1997","S65E","IRON, TOTAL","ug/L",240
"04/29/1997","S65E","IRON, TOTAL","ug/L",204
"05/13/1997","S65E","IRON, TOTAL","ug/L",205.357
"05/19/1997","S65E","IRON, TOTAL","ug/L",221
"05/27/1997","S65E","IRON, TOTAL","ug/L",62
"06/10/1997","S65E","IRON, TOTAL","ug/L",237
"06/24/1997","S65E","IRON, TOTAL","ug/L",111
"07/22/1997","S65E","IRON, TOTAL","ug/L",294
"08/05/1997","S65E","IRON, TOTAL","ug/L",1040
"08/19/1997","S65E","IRON, TOTAL","ug/L",767
"08/28/1997","S65E","IRON, TOTAL","ug/L",322
"09/02/1997","S65E","IRON, TOTAL","ug/L",219.6
"09/16/1997","S65E","IRON, TOTAL","ug/L",323
"09/30/1997","S65E","IRON, TOTAL","ug/L",378
"10/14/1997","S65E","IRON, TOTAL","ug/L",547
"10/28/1997","S65E","IRON, TOTAL","ug/L",535
"11/12/1997","S65E","IRON, TOTAL","ug/L",535
"11/17/1997","S65E","IRON, TOTAL","ug/L",546
"11/25/1997","S65E","IRON, TOTAL","ug/L",367
"12/09/1997","S65E","IRON, TOTAL","ug/L",409
"12/23/1997","S65E","IRON, TOTAL","ug/L",553
"01/06/1998","S65E","IRON, TOTAL","ug/L",466
"01/20/1998","S65E","IRON, TOTAL","ug/L",453
"02/03/1998","S65E","IRON, TOTAL","ug/L",442
"02/17/1998","S65E","IRON, TOTAL","ug/L",437
"02/18/1998","S65E","IRON, TOTAL","ug/L",511
"03/03/1998","S65E","IRON, TOTAL","ug/L",533
"03/17/1998","S65E","IRON, TOTAL","ug/L",488
"03/31/1998","S65E","IRON, TOTAL","ug/L",534
"04/14/1998","S65E","IRON, TOTAL","ug/L",451
"04/28/1998","S65E","IRON, TOTAL","ug/L",401
"05/12/1998","S65E","IRON, TOTAL","ug/L",345
"05/18/1998","S65E","IRON, TOTAL","ug/L",346
"05/26/1998","S65E","IRON, TOTAL","ug/L",314
"06/09/1998","S65E","IRON, TOTAL","ug/L",307
"06/23/1998","S65E","IRON, TOTAL","ug/L",190
"07/07/1998","S65E","IRON, TOTAL","ug/L",192
"07/21/1998","S65E","IRON, TOTAL","ug/L",375
"08/04/1998","S65E","IRON, TOTAL","ug/L",301
"08/18/1998","S65E","IRON, TOTAL","ug/L",653
"08/24/1998","S65E","IRON, TOTAL","ug/L",512
"09/01/1998","S65E","IRON, TOTAL","ug/L",552
"09/15/1998","S65E","IRON, TOTAL","ug/L",637
"09/29/1998","S65E","IRON, TOTAL","ug/L",720
"10/13/1998","S65E","IRON, TOTAL","ug/L",832
"10/27/1998","S65E","IRON, TOTAL","ug/L",681
"11/09/1998","S65E","IRON, TOTAL","ug/L",633
"11/24/1998","S65E","IRON, TOTAL","ug/L",487
"12/08/1998","S65E","IRON, TOTAL","ug/L",720
"12/22/1998","S65E","IRON, TOTAL","ug/L",473
"01/05/1999","S65E","IRON, TOTAL","ug/L",433
"01/19/1999","S65E","IRON, TOTAL","ug/L",317
"01/25/1999","S65E","IRON, TOTAL","ug/L",324
"02/02/1999","S65E","IRON, TOTAL","ug/L",308
"02/16/1999","S65E","IRON, TOTAL","ug/L",299
"03/02/1999","S65E","IRON, TOTAL","ug/L",142
"03/16/1999","S65E","IRON, TOTAL","ug/L",161
"03/30/1999","S65E","IRON, TOTAL","ug/L",371
"04/13/1999","S65E","IRON, TOTAL","ug/L",103
"04/19/1999","S65E","IRON, TOTAL","ug/L",197
"04/27/1999","S65E","IRON, TOTAL","ug/L",145.534
"05/11/1999","S65E","IRON, TOTAL","ug/L",179.579
"05/25/1999","S65E","IRON, TOTAL","ug/L",252.979
"07/26/1999","S65E","IRON, TOTAL","ug/L",793.689
"10/18/1999","S65E","IRON, TOTAL","ug/L",475.085
"01/24/2000","S65E","IRON, TOTAL","ug/L",556.873
"04/17/2000","S65E","IRON, TOTAL","ug/L",250.686
"07/25/2000","S65E","IRON, TOTAL","ug/L",100.24
"10/16/2000","S65E","IRON, TOTAL","ug/L",622.024
"12/30/2002","S65E","IRON, TOTAL","ug/L",296.066
"03/24/2003","S65E","IRON, TOTAL","ug/L",513.476
"06/16/2003","S65E","IRON, TOTAL","ug/L",325.335
"09/15/2003","S65E","IRON, TOTAL","ug/L",503
"12/15/2003","S65E","IRON, TOTAL","ug/L",162.5
"03/15/2004","S65E","IRON, TOTAL","ug/L",291
"05/17/2004","S65E","IRON, TOTAL","ug/L",364
"08/23/2004","S65E","IRON, TOTAL","ug/L",518.5
"02/14/2005","S65E","IRON, TOTAL","ug/L",401
"05/16/2005","S65E","IRON, TOTAL","ug/L",214.5
"08/22/2005","S65E","IRON, TOTAL","ug/L",518
"11/14/2005","S65E","IRON, TOTAL","ug/L",347
"02/21/2006","S65E","IRON, TOTAL","ug/L",99
"05/22/2006","S65E","IRON, TOTAL","ug/L",233
"08/21/2006","S65E","IRON, TOTAL","ug/L",241
"11/27/2006","S65E","IRON, TOTAL","ug/L",878
"02/26/2007","S65E","IRON, TOTAL","ug/L",676
"05/21/2007","S65E","IRON, TOTAL","ug/L",494
"08/20/2007","S65E","IRON, TOTAL","ug/L",409.75
"11/26/2007","S65E","IRON, TOTAL","ug/L",342
"02/20/2008","S65E","IRON, TOTAL","ug/L",150
"05/28/2008","S65E","IRON, TOTAL","ug/L",92
"08/28/2008","S65E","IRON, TOTAL","ug/L",691
"11/19/2008","S65E","IRON, TOTAL","ug/L",328
"02/18/2009","S65E","IRON, TOTAL","ug/L",142
"05/20/2009","S65E","IRON, TOTAL","ug/L",204
"08/26/2009","S65E","IRON, TOTAL","ug/L",502
"11/18/2009","S65E","IRON, TOTAL","ug/L",250
"02/24/2010","S65E","IRON, TOTAL","ug/L",164
"05/26/2010","S65E","IRON, TOTAL","ug/L",292
"08/18/2010","S65E","IRON, TOTAL","ug/L",432
"11/17/2010","S65E","IRON, TOTAL","ug/L",295
"02/17/2011","S65E","IRON, TOTAL","ug/L",139
"05/18/2011","S65E","IRON, TOTAL","ug/L",195
"08/24/2011","S65E","IRON, TOTAL","ug/L",427
"11/16/2011","S65E","IRON, TOTAL","ug/L",351
"02/22/2012","S65E","IRON, TOTAL","ug/L",215
"05/16/2012","S65E","IRON, TOTAL","ug/L",130
"08/08/2012","S65E","IRON, TOTAL","ug/L",375
"11/14/2012","S65E","IRON, TOTAL","ug/L",400
"02/06/2013","S65E","IRON, TOTAL","ug/L",285
"05/08/2013","S65E","IRON, TOTAL","ug/L",159
"08/07/2013","S65E","IRON, TOTAL","ug/L",437
"11/04/2013","S65E","IRON, TOTAL","ug/L",582
"02/03/2014","S65E","IRON, TOTAL","ug/L",152
"05/05/2014","S65E","IRON, TOTAL","ug/L",216
"08/18/2014","S65E","IRON, TOTAL","ug/L",450
"11/03/2014","S65E","IRON, TOTAL","ug/L",509
"02/02/2015","S65E","IRON, TOTAL","ug/L",220
"05/04/2015","S65E","IRON, TOTAL","ug/L",281
"08/03/2015","S65E","IRON, TOTAL","ug/L",332
"10/26/2015","S65E","IRON, TOTAL","ug/L",253
"01/20/2016","S65E","IRON, TOTAL","ug/L",308
"04/11/2016","S65E","IRON, TOTAL","ug/L",363
"07/06/2016","S65E","IRON, TOTAL","ug/L",386
"09/26/2016","S65E","IRON, TOTAL","ug/L",383
"12/19/2016","S65E","IRON, TOTAL","ug/L",194
"03/13/2017","S65E","IRON, TOTAL","ug/L",386
"12/18/2017","S65E","IRON, TOTAL","ug/L",378
"04/09/2018","S65E","IRON, TOTAL","ug/L",231
"06/04/2018","S65E","IRON, TOTAL","ug/L",614
"03/04/2019","S65E","IRON, TOTAL","ug/L",394.666666666667
"03/06/2019","S65E","IRON, TOTAL","ug/L",449
"04/08/2019","S65E","IRON, TOTAL","ug/L",240
"07/01/2019","S65E","IRON, TOTAL","ug/L",1622
"10/21/2019","S65E","IRON, TOTAL","ug/L",404
"01/13/2020","S65E","IRON, TOTAL","ug/L",292
"04/06/2020","S65E","IRON, TOTAL","ug/L",231
"07/13/2020","S65E","IRON, TOTAL","ug/L",476
"11/16/2020","S65E","IRON, TOTAL","ug/L",464
"01/11/2021","S65E","IRON, TOTAL","ug/L",235
"04/19/2021","S65E","IRON, TOTAL","ug/L",188
"07/12/2021","S65E","IRON, TOTAL","ug/L",338
"10/18/2021","S65E","IRON, TOTAL","ug/L",376
"01/10/2022","S65E","IRON, TOTAL","ug/L",336
"03/07/2022","S65E","IRON, TOTAL","ug/L",320
"05/02/2022","S65E","IRON, TOTAL","ug/L",469
"07/25/2022","S65E","IRON, TOTAL","ug/L",216
"10/03/2022","S65E","IRON, TOTAL","ug/L",819
"01/09/2023","S65E","IRON, TOTAL","ug/L",301
"05/01/2023","S65E","IRON, TOTAL","ug/L",254
"12/06/1976","S65E","KJELDAHL NITROGEN, DIS","mg/L",0.875
"01/25/1977","S65E","KJELDAHL NITROGEN, DIS","mg/L",1.475
"04/16/1973","S65E","KJELDAHL NITROGEN, TOTAL","mg/L",1.84
"04/23/1973","S65E","KJELDAHL NITROGEN, TOTAL","mg/L",1.06
"04/30/1973","S65E","KJELDAHL NITROGEN, TOTAL","mg/L",1.5
"05/07/1973","S65E","KJELDAHL NITROGEN, TOTAL","mg/L",1.5
"05/14/1973","S65E","KJELDAHL NITROGEN, TOTAL","mg/L",1.4
"05/21/1973","S65E","KJELDAHL NITROGEN, TOTAL","mg/L",1.2
"05/29/1973","S65E","KJELDAHL NITROGEN, TOTAL","mg/L",1.4
"06/04/1973","S65E","KJELDAHL NITROGEN, TOTAL","mg/L",1.19
"06/11/1973","S65E","KJELDAHL NITROGEN, TOTAL","mg/L",1.11
"06/13/1973","S65E","KJELDAHL NITROGEN, TOTAL","mg/L",1.13
"06/18/1973","S65E","KJELDAHL NITROGEN, TOTAL","mg/L",1.05
"06/25/1973","S65E","KJELDAHL NITROGEN, TOTAL","mg/L",1.11
"07/02/1973","S65E","KJELDAHL NITROGEN, TOTAL","mg/L",1.24
"07/09/1973","S65E","KJELDAHL NITROGEN, TOTAL","mg/L",1.59
"07/16/1973","S65E","KJELDAHL NITROGEN, TOTAL","mg/L",1.14666666666667
"07/30/1973","S65E","KJELDAHL NITROGEN, TOTAL","mg/L",1.82
"08/06/1973","S65E","KJELDAHL NITROGEN, TOTAL","mg/L",1.55
"08/13/1973","S65E","KJELDAHL NITROGEN, TOTAL","mg/L",1.12
"08/20/1973","S65E","KJELDAHL NITROGEN, TOTAL","mg/L",1.42
"08/27/1973","S65E","KJELDAHL NITROGEN, TOTAL","mg/L",1.1
"08/29/1973","S65E","KJELDAHL NITROGEN, TOTAL","mg/L",1.26
"09/04/1973","S65E","KJELDAHL NITROGEN, TOTAL","mg/L",1.11
"09/10/1973","S65E","KJELDAHL NITROGEN, TOTAL","mg/L",1.47
"09/17/1973","S65E","KJELDAHL NITROGEN, TOTAL","mg/L",1.77
"09/24/1973","S65E","KJELDAHL NITROGEN, TOTAL","mg/L",1.41
"10/01/1973","S65E","KJELDAHL NITROGEN, TOTAL","mg/L",1.65
"10/02/1973","S65E","KJELDAHL NITROGEN, TOTAL","mg/L",1.045
"10/08/1973","S65E","KJELDAHL NITROGEN, TOTAL","mg/L",0.92
"10/15/1973","S65E","KJELDAHL NITROGEN, TOTAL","mg/L",1.28
"10/23/1973","S65E","KJELDAHL NITROGEN, TOTAL","mg/L",1.41
"10/29/1973","S65E","KJELDAHL NITROGEN, TOTAL","mg/L",0.8
"11/07/1973","S65E","KJELDAHL NITROGEN, TOTAL","mg/L",-0.5
"11/12/1973","S65E","KJELDAHL NITROGEN, TOTAL","mg/L",1.06
"11/13/1973","S65E","KJELDAHL NITROGEN, TOTAL","mg/L",1.07
"11/26/1973","S65E","KJELDAHL NITROGEN, TOTAL","mg/L",1.43
"12/03/1973","S65E","KJELDAHL NITROGEN, TOTAL","mg/L",1.6
"12/05/1973","S65E","KJELDAHL NITROGEN, TOTAL","mg/L",1.055
"12/10/1973","S65E","KJELDAHL NITROGEN, TOTAL","mg/L",1.26
"12/11/1973","S65E","KJELDAHL NITROGEN, TOTAL","mg/L",1.17
"12/17/1973","S65E","KJELDAHL NITROGEN, TOTAL","mg/L",1.14
"01/02/1974","S65E","KJELDAHL NITROGEN, TOTAL","mg/L",1.34
"01/08/1974","S65E","KJELDAHL NITROGEN, TOTAL","mg/L",1.265
"01/14/1974","S65E","KJELDAHL NITROGEN, TOTAL","mg/L",1.35
"01/28/1974","S65E","KJELDAHL NITROGEN, TOTAL","mg/L",1.5
"02/11/1974","S65E","KJELDAHL NITROGEN, TOTAL","mg/L",1.76
"02/12/1974","S65E","KJELDAHL NITROGEN, TOTAL","mg/L",1.325
"02/25/1974","S65E","KJELDAHL NITROGEN, TOTAL","mg/L",1.57
"03/05/1974","S65E","KJELDAHL NITROGEN, TOTAL","mg/L",1.17
"03/11/1974","S65E","KJELDAHL NITROGEN, TOTAL","mg/L",1.6
"03/25/1974","S65E","KJELDAHL NITROGEN, TOTAL","mg/L",0.57
"04/02/1974","S65E","KJELDAHL NITROGEN, TOTAL","mg/L",1.12
"04/08/1974","S65E","KJELDAHL NITROGEN, TOTAL","mg/L",1.05
"04/22/1974","S65E","KJELDAHL NITROGEN, TOTAL","mg/L",0.96
"05/07/1974","S65E","KJELDAHL NITROGEN, TOTAL","mg/L",1.13
"05/13/1974","S65E","KJELDAHL NITROGEN, TOTAL","mg/L",1.42
"05/28/1974","S65E","KJELDAHL NITROGEN, TOTAL","mg/L",0.86
"06/10/1974","S65E","KJELDAHL NITROGEN, TOTAL","mg/L",1.16
"06/11/1974","S65E","KJELDAHL NITROGEN, TOTAL","mg/L",1.01
"06/24/1974","S65E","KJELDAHL NITROGEN, TOTAL","mg/L",0.68
"07/09/1974","S65E","KJELDAHL NITROGEN, TOTAL","mg/L",1.18
"07/22/1974","S65E","KJELDAHL NITROGEN, TOTAL","mg/L",1.43
"08/05/1974","S65E","KJELDAHL NITROGEN, TOTAL","mg/L",1.19
"08/13/1974","S65E","KJELDAHL NITROGEN, TOTAL","mg/L",1.115
"08/19/1974","S65E","KJELDAHL NITROGEN, TOTAL","mg/L",1.14
"09/03/1974","S65E","KJELDAHL NITROGEN, TOTAL","mg/L",1.71
"09/10/1974","S65E","KJELDAHL NITROGEN, TOTAL","mg/L",1.16
"09/16/1974","S65E","KJELDAHL NITROGEN, TOTAL","mg/L",0.75
"09/30/1974","S65E","KJELDAHL NITROGEN, TOTAL","mg/L",1.3
"10/08/1974","S65E","KJELDAHL NITROGEN, TOTAL","mg/L",1.09
"10/14/1974","S65E","KJELDAHL NITROGEN, TOTAL","mg/L",1.92
"10/28/1974","S65E","KJELDAHL NITROGEN, TOTAL","mg/L",1.21
"11/05/1974","S65E","KJELDAHL NITROGEN, TOTAL","mg/L",1.005
"11/12/1974","S65E","KJELDAHL NITROGEN, TOTAL","mg/L",1.1
"12/10/1974","S65E","KJELDAHL NITROGEN, TOTAL","mg/L",0.785
"01/07/1975","S65E","KJELDAHL NITROGEN, TOTAL","mg/L",0.835
"02/04/1975","S65E","KJELDAHL NITROGEN, TOTAL","mg/L",1.075
"03/05/1975","S65E","KJELDAHL NITROGEN, TOTAL","mg/L",0.73
"04/08/1975","S65E","KJELDAHL NITROGEN, TOTAL","mg/L",0.645
"05/06/1975","S65E","KJELDAHL NITROGEN, TOTAL","mg/L",1.035
"06/03/1975","S65E","KJELDAHL NITROGEN, TOTAL","mg/L",0.9
"07/15/1975","S65E","KJELDAHL NITROGEN, TOTAL","mg/L",1.32
"08/12/1975","S65E","KJELDAHL NITROGEN, TOTAL","mg/L",1.19
"09/12/1975","S65E","KJELDAHL NITROGEN, TOTAL","mg/L",1.365
"10/27/1975","S65E","KJELDAHL NITROGEN, TOTAL","mg/L",1.1
"10/28/1975","S65E","KJELDAHL NITROGEN, TOTAL","mg/L",0.83
"11/18/1975","S65E","KJELDAHL NITROGEN, TOTAL","mg/L",0.6
"02/12/1976","S65E","KJELDAHL NITROGEN, TOTAL","mg/L",1.04
"05/11/1976","S65E","KJELDAHL NITROGEN, TOTAL","mg/L",1.145
"06/22/1976","S65E","KJELDAHL NITROGEN, TOTAL","mg/L",1.53
"06/25/1976","S65E","KJELDAHL NITROGEN, TOTAL","mg/L",1.64
"07/20/1976","S65E","KJELDAHL NITROGEN, TOTAL","mg/L",1.585
"08/24/1976","S65E","KJELDAHL NITROGEN, TOTAL","mg/L",1.4
"09/21/1976","S65E","KJELDAHL NITROGEN, TOTAL","mg/L",1.195
"10/19/1976","S65E","KJELDAHL NITROGEN, TOTAL","mg/L",0.975
"12/06/1976","S65E","KJELDAHL NITROGEN, TOTAL","mg/L",1.69
"01/25/1977","S65E","KJELDAHL NITROGEN, TOTAL","mg/L",1.085
"03/21/1977","S65E","KJELDAHL NITROGEN, TOTAL","mg/L",1.705
"05/23/1977","S65E","KJELDAHL NITROGEN, TOTAL","mg/L",1.12
"07/25/1977","S65E","KJELDAHL NITROGEN, TOTAL","mg/L",1.365
"09/20/1977","S65E","KJELDAHL NITROGEN, TOTAL","mg/L",1.215
"12/01/1977","S65E","KJELDAHL NITROGEN, TOTAL","mg/L",0.93
"01/24/1978","S65E","KJELDAHL NITROGEN, TOTAL","mg/L",1.195
"03/21/1978","S65E","KJELDAHL NITROGEN, TOTAL","mg/L",2.255
"05/30/1978","S65E","KJELDAHL NITROGEN, TOTAL","mg/L",2.405
"06/21/1978","S65E","KJELDAHL NITROGEN, TOTAL","mg/L",1.7
"07/25/1978","S65E","KJELDAHL NITROGEN, TOTAL","mg/L",1.205
"08/22/1978","S65E","KJELDAHL NITROGEN, TOTAL","mg/L",1.415
"09/18/1978","S65E","KJELDAHL NITROGEN, TOTAL","mg/L",1.67
"10/09/1978","S65E","KJELDAHL NITROGEN, TOTAL","mg/L",1.74
"10/17/1978","S65E","KJELDAHL NITROGEN, TOTAL","mg/L",1.35
"10/23/1978","S65E","KJELDAHL NITROGEN, TOTAL","mg/L",0.9
"11/14/1978","S65E","KJELDAHL NITROGEN, TOTAL","mg/L",0.71
"11/20/1978","S65E","KJELDAHL NITROGEN, TOTAL","mg/L",1.32
"12/04/1978","S65E","KJELDAHL NITROGEN, TOTAL","mg/L",1.23
"12/12/1978","S65E","KJELDAHL NITROGEN, TOTAL","mg/L",1.385
"12/19/1978","S65E","KJELDAHL NITROGEN, TOTAL","mg/L",0.82
"01/08/1979","S65E","KJELDAHL NITROGEN, TOTAL","mg/L",1.43
"01/22/1979","S65E","KJELDAHL NITROGEN, TOTAL","mg/L",1.63
"01/23/1979","S65E","KJELDAHL NITROGEN, TOTAL","mg/L",0.81
"02/05/1979","S65E","KJELDAHL NITROGEN, TOTAL","mg/L",1.78
"02/20/1979","S65E","KJELDAHL NITROGEN, TOTAL","mg/L",1.53666666666667
"03/05/1979","S65E","KJELDAHL NITROGEN, TOTAL","mg/L",4.4
"03/19/1979","S65E","KJELDAHL NITROGEN, TOTAL","mg/L",2.68333333333333
"04/02/1979","S65E","KJELDAHL NITROGEN, TOTAL","mg/L",1.12
"04/16/1979","S65E","KJELDAHL NITROGEN, TOTAL","mg/L",1.55
"04/24/1979","S65E","KJELDAHL NITROGEN, TOTAL","mg/L",0.76
"04/30/1979","S65E","KJELDAHL NITROGEN, TOTAL","mg/L",2.37333333333333
"05/14/1979","S65E","KJELDAHL NITROGEN, TOTAL","mg/L",3.25
"05/22/1979","S65E","KJELDAHL NITROGEN, TOTAL","mg/L",1.25
"05/29/1979","S65E","KJELDAHL NITROGEN, TOTAL","mg/L",0.87
"06/11/1979","S65E","KJELDAHL NITROGEN, TOTAL","mg/L",1.66
"06/18/1979","S65E","KJELDAHL NITROGEN, TOTAL","mg/L",1.16
"06/25/1979","S65E","KJELDAHL NITROGEN, TOTAL","mg/L",0.92
"07/09/1979","S65E","KJELDAHL NITROGEN, TOTAL","mg/L",1.65
"07/17/1979","S65E","KJELDAHL NITROGEN, TOTAL","mg/L",1.57
"07/23/1979","S65E","KJELDAHL NITROGEN, TOTAL","mg/L",1.99
"08/20/1979","S65E","KJELDAHL NITROGEN, TOTAL","mg/L",1.93
"08/21/1979","S65E","KJELDAHL NITROGEN, TOTAL","mg/L",1.325
"09/05/1979","S65E","KJELDAHL NITROGEN, TOTAL","mg/L",1.21
"09/18/1979","S65E","KJELDAHL NITROGEN, TOTAL","mg/L",1.59333333333333
"10/01/1979","S65E","KJELDAHL NITROGEN, TOTAL","mg/L",0.24
"10/02/1979","S65E","KJELDAHL NITROGEN, TOTAL","mg/L",1.32
"10/15/1979","S65E","KJELDAHL NITROGEN, TOTAL","mg/L",0.81
"10/29/1979","S65E","KJELDAHL NITROGEN, TOTAL","mg/L",0.58
"11/13/1979","S65E","KJELDAHL NITROGEN, TOTAL","mg/L",3.9
"12/11/1979","S65E","KJELDAHL NITROGEN, TOTAL","mg/L",1.9
"01/08/1980","S65E","KJELDAHL NITROGEN, TOTAL","mg/L",1.63
"01/22/1980","S65E","KJELDAHL NITROGEN, TOTAL","mg/L",1.62
"02/19/1980","S65E","KJELDAHL NITROGEN, TOTAL","mg/L",2.09
"03/04/1980","S65E","KJELDAHL NITROGEN, TOTAL","mg/L",1.85
"03/18/1980","S65E","KJELDAHL NITROGEN, TOTAL","mg/L",1.91
"04/02/1980","S65E","KJELDAHL NITROGEN, TOTAL","mg/L",2.15
"04/16/1980","S65E","KJELDAHL NITROGEN, TOTAL","mg/L",2.33
"04/30/1980","S65E","KJELDAHL NITROGEN, TOTAL","mg/L",0.93
"05/12/1980","S65E","KJELDAHL NITROGEN, TOTAL","mg/L",1.62333333333333
"05/13/1980","S65E","KJELDAHL NITROGEN, TOTAL","mg/L",2.39
"05/28/1980","S65E","KJELDAHL NITROGEN, TOTAL","mg/L",1.92
"06/09/1980","S65E","KJELDAHL NITROGEN, TOTAL","mg/L",1.455
"06/25/1980","S65E","KJELDAHL NITROGEN, TOTAL","mg/L",1.16
"07/07/1980","S65E","KJELDAHL NITROGEN, TOTAL","mg/L",0.97
"07/08/1980","S65E","KJELDAHL NITROGEN, TOTAL","mg/L",1.42
"07/24/1980","S65E","KJELDAHL NITROGEN, TOTAL","mg/L",2.25
"08/04/1980","S65E","KJELDAHL NITROGEN, TOTAL","mg/L",1.94
"08/20/1980","S65E","KJELDAHL NITROGEN, TOTAL","mg/L",3.17
"09/03/1980","S65E","KJELDAHL NITROGEN, TOTAL","mg/L",2.09
"09/17/1980","S65E","KJELDAHL NITROGEN, TOTAL","mg/L",2.03
"09/30/1980","S65E","KJELDAHL NITROGEN, TOTAL","mg/L",2.09
"10/01/1980","S65E","KJELDAHL NITROGEN, TOTAL","mg/L",1.45
"10/14/1980","S65E","KJELDAHL NITROGEN, TOTAL","mg/L",2.63
"10/28/1980","S65E","KJELDAHL NITROGEN, TOTAL","mg/L",1.72666666666667
"10/29/1980","S65E","KJELDAHL NITROGEN, TOTAL","mg/L",2
"11/12/1980","S65E","KJELDAHL NITROGEN, TOTAL","mg/L",1.15
"11/25/1980","S65E","KJELDAHL NITROGEN, TOTAL","mg/L",0.73
"12/02/1980","S65E","KJELDAHL NITROGEN, TOTAL","mg/L",1.78666666666667
"12/23/1980","S65E","KJELDAHL NITROGEN, TOTAL","mg/L",1.24
"12/31/1980","S65E","KJELDAHL NITROGEN, TOTAL","mg/L",1.55
"01/14/1981","S65E","KJELDAHL NITROGEN, TOTAL","mg/L",2.19
"01/20/1981","S65E","KJELDAHL NITROGEN, TOTAL","mg/L",2.11
"01/27/1981","S65E","KJELDAHL NITROGEN, TOTAL","mg/L",2.11
"02/11/1981","S65E","KJELDAHL NITROGEN, TOTAL","mg/L",1.92
"02/17/1981","S65E","KJELDAHL NITROGEN, TOTAL","mg/L",1.11
"02/24/1981","S65E","KJELDAHL NITROGEN, TOTAL","mg/L",1.83
"03/11/1981","S65E","KJELDAHL NITROGEN, TOTAL","mg/L",1.58
"03/16/1981","S65E","KJELDAHL NITROGEN, TOTAL","mg/L",1.64
"03/24/1981","S65E","KJELDAHL NITROGEN, TOTAL","mg/L",1.99
"04/08/1981","S65E","KJELDAHL NITROGEN, TOTAL","mg/L",1.92
"04/13/1981","S65E","KJELDAHL NITROGEN, TOTAL","mg/L",2.27
"04/21/1981","S65E","KJELDAHL NITROGEN, TOTAL","mg/L",3.08
"05/06/1981","S65E","KJELDAHL NITROGEN, TOTAL","mg/L",2
"05/11/1981","S65E","KJELDAHL NITROGEN, TOTAL","mg/L",2.19
"05/19/1981","S65E","KJELDAHL NITROGEN, TOTAL","mg/L",1.55
"06/02/1981","S65E","KJELDAHL NITROGEN, TOTAL","mg/L",1.23
"06/08/1981","S65E","KJELDAHL NITROGEN, TOTAL","mg/L",1.98
"06/17/1981","S65E","KJELDAHL NITROGEN, TOTAL","mg/L",1.42
"06/30/1981","S65E","KJELDAHL NITROGEN, TOTAL","mg/L",1.4
"07/06/1981","S65E","KJELDAHL NITROGEN, TOTAL","mg/L",1.29
"07/16/1981","S65E","KJELDAHL NITROGEN, TOTAL","mg/L",1.79
"07/28/1981","S65E","KJELDAHL NITROGEN, TOTAL","mg/L",1.37
"08/03/1981","S65E","KJELDAHL NITROGEN, TOTAL","mg/L",1.65
"08/12/1981","S65E","KJELDAHL NITROGEN, TOTAL","mg/L",1.4
"08/25/1981","S65E","KJELDAHL NITROGEN, TOTAL","mg/L",1.68666666666667
"08/31/1981","S65E","KJELDAHL NITROGEN, TOTAL","mg/L",1.33
"09/10/1981","S65E","KJELDAHL NITROGEN, TOTAL","mg/L",1.34
"09/23/1981","S65E","KJELDAHL NITROGEN, TOTAL","mg/L",2.4
"09/28/1981","S65E","KJELDAHL NITROGEN, TOTAL","mg/L",2.63
"10/06/1981","S65E","KJELDAHL NITROGEN, TOTAL","mg/L",2.66
"10/20/1981","S65E","KJELDAHL NITROGEN, TOTAL","mg/L",2.42333333333333
"10/26/1981","S65E","KJELDAHL NITROGEN, TOTAL","mg/L",2.3
"11/04/1981","S65E","KJELDAHL NITROGEN, TOTAL","mg/L",2.1
"11/23/1981","S65E","KJELDAHL NITROGEN, TOTAL","mg/L",2.20333333333333
"12/02/1981","S65E","KJELDAHL NITROGEN, TOTAL","mg/L",2.03
"12/21/1981","S65E","KJELDAHL NITROGEN, TOTAL","mg/L",2.84
"12/29/1981","S65E","KJELDAHL NITROGEN, TOTAL","mg/L",2.17
"01/18/1982","S65E","KJELDAHL NITROGEN, TOTAL","mg/L",1.49
"02/16/1982","S65E","KJELDAHL NITROGEN, TOTAL","mg/L",1.27
"02/24/1982","S65E","KJELDAHL NITROGEN, TOTAL","mg/L",2.06
"03/09/1982","S65E","KJELDAHL NITROGEN, TOTAL","mg/L",1.44
"03/15/1982","S65E","KJELDAHL NITROGEN, TOTAL","mg/L",1.61
"04/05/1982","S65E","KJELDAHL NITROGEN, TOTAL","mg/L",1.48
"04/12/1982","S65E","KJELDAHL NITROGEN, TOTAL","mg/L",1.16
"04/19/1982","S65E","KJELDAHL NITROGEN, TOTAL","mg/L",1.73
"05/04/1982","S65E","KJELDAHL NITROGEN, TOTAL","mg/L",1.56
"05/10/1982","S65E","KJELDAHL NITROGEN, TOTAL","mg/L",1.15333333333333
"05/18/1982","S65E","KJELDAHL NITROGEN, TOTAL","mg/L",1.08
"06/01/1982","S65E","KJELDAHL NITROGEN, TOTAL","mg/L",1.51
"06/07/1982","S65E","KJELDAHL NITROGEN, TOTAL","mg/L",1.12
"06/14/1982","S65E","KJELDAHL NITROGEN, TOTAL","mg/L",1.35
"07/01/1982","S65E","KJELDAHL NITROGEN, TOTAL","mg/L",1.33
"07/07/1982","S65E","KJELDAHL NITROGEN, TOTAL","mg/L",1.48
"07/12/1982","S65E","KJELDAHL NITROGEN, TOTAL","mg/L",1.93
"07/27/1982","S65E","KJELDAHL NITROGEN, TOTAL","mg/L",1.32
"08/02/1982","S65E","KJELDAHL NITROGEN, TOTAL","mg/L",1.67
"08/09/1982","S65E","KJELDAHL NITROGEN, TOTAL","mg/L",1.02
"08/25/1982","S65E","KJELDAHL NITROGEN, TOTAL","mg/L",1.60333333333333
"09/01/1982","S65E","KJELDAHL NITROGEN, TOTAL","mg/L",1.47
"09/09/1982","S65E","KJELDAHL NITROGEN, TOTAL","mg/L",1.4
"09/21/1982","S65E","KJELDAHL NITROGEN, TOTAL","mg/L",0.8
"09/27/1982","S65E","KJELDAHL NITROGEN, TOTAL","mg/L",1.09
"10/05/1982","S65E","KJELDAHL NITROGEN, TOTAL","mg/L",1.56
"10/20/1982","S65E","KJELDAHL NITROGEN, TOTAL","mg/L",1.41333333333333
"10/26/1982","S65E","KJELDAHL NITROGEN, TOTAL","mg/L",1.64
"11/01/1982","S65E","KJELDAHL NITROGEN, TOTAL","mg/L",1.21
"11/22/1982","S65E","KJELDAHL NITROGEN, TOTAL","mg/L",1.08
"12/06/1982","S65E","KJELDAHL NITROGEN, TOTAL","mg/L",1.17
"12/20/1982","S65E","KJELDAHL NITROGEN, TOTAL","mg/L",1.06
"12/22/1982","S65E","KJELDAHL NITROGEN, TOTAL","mg/L",0.96
"01/04/1983","S65E","KJELDAHL NITROGEN, TOTAL","mg/L",1.01
"01/18/1983","S65E","KJELDAHL NITROGEN, TOTAL","mg/L",0.65
"01/19/1983","S65E","KJELDAHL NITROGEN, TOTAL","mg/L",0.98
"02/01/1983","S65E","KJELDAHL NITROGEN, TOTAL","mg/L",0.73
"02/15/1983","S65E","KJELDAHL NITROGEN, TOTAL","mg/L",1.27
"02/17/1983","S65E","KJELDAHL NITROGEN, TOTAL","mg/L",0.82
"03/02/1983","S65E","KJELDAHL NITROGEN, TOTAL","mg/L",1.14
"03/15/1983","S65E","KJELDAHL NITROGEN, TOTAL","mg/L",2.3
"03/17/1983","S65E","KJELDAHL NITROGEN, TOTAL","mg/L",1.23
"03/29/1983","S65E","KJELDAHL NITROGEN, TOTAL","mg/L",1.17
"04/14/1983","S65E","KJELDAHL NITROGEN, TOTAL","mg/L",1.16666666666667
"04/15/1983","S65E","KJELDAHL NITROGEN, TOTAL","mg/L",1.37
"04/26/1983","S65E","KJELDAHL NITROGEN, TOTAL","mg/L",1.52
"05/11/1983","S65E","KJELDAHL NITROGEN, TOTAL","mg/L",0.98
"05/12/1983","S65E","KJELDAHL NITROGEN, TOTAL","mg/L",1.13
"05/24/1983","S65E","KJELDAHL NITROGEN, TOTAL","mg/L",1.16
"06/07/1983","S65E","KJELDAHL NITROGEN, TOTAL","mg/L",0.84
"06/09/1983","S65E","KJELDAHL NITROGEN, TOTAL","mg/L",0.58
"06/21/1983","S65E","KJELDAHL NITROGEN, TOTAL","mg/L",1.47
"07/06/1983","S65E","KJELDAHL NITROGEN, TOTAL","mg/L",1.07
"07/07/1983","S65E","KJELDAHL NITROGEN, TOTAL","mg/L",1.39
"07/19/1983","S65E","KJELDAHL NITROGEN, TOTAL","mg/L",1
"08/02/1983","S65E","KJELDAHL NITROGEN, TOTAL","mg/L",1.07
"08/03/1983","S65E","KJELDAHL NITROGEN, TOTAL","mg/L",1.28
"08/16/1983","S65E","KJELDAHL NITROGEN, TOTAL","mg/L",0.95
"08/30/1983","S65E","KJELDAHL NITROGEN, TOTAL","mg/L",1.38
"09/01/1983","S65E","KJELDAHL NITROGEN, TOTAL","mg/L",2.89
"09/12/1983","S65E","KJELDAHL NITROGEN, TOTAL","mg/L",1.26
"09/27/1983","S65E","KJELDAHL NITROGEN, TOTAL","mg/L",1.45
"09/28/1983","S65E","KJELDAHL NITROGEN, TOTAL","mg/L",1.27
"10/10/1983","S65E","KJELDAHL NITROGEN, TOTAL","mg/L",1.29
"10/25/1983","S65E","KJELDAHL NITROGEN, TOTAL","mg/L",1.17
"10/28/1983","S65E","KJELDAHL NITROGEN, TOTAL","mg/L",1.13
"11/08/1983","S65E","KJELDAHL NITROGEN, TOTAL","mg/L",1.24
"11/16/1983","S65E","KJELDAHL NITROGEN, TOTAL","mg/L",0.96
"11/21/1983","S65E","KJELDAHL NITROGEN, TOTAL","mg/L",1.18
"12/20/1983","S65E","KJELDAHL NITROGEN, TOTAL","mg/L",1.69
"12/29/1983","S65E","KJELDAHL NITROGEN, TOTAL","mg/L",1.1
"01/04/1984","S65E","KJELDAHL NITROGEN, TOTAL","mg/L",1.48
"01/17/1984","S65E","KJELDAHL NITROGEN, TOTAL","mg/L",1.35
"01/25/1984","S65E","KJELDAHL NITROGEN, TOTAL","mg/L",1.69
"01/31/1984","S65E","KJELDAHL NITROGEN, TOTAL","mg/L",1.02
"02/14/1984","S65E","KJELDAHL NITROGEN, TOTAL","mg/L",1.04
"02/23/1984","S65E","KJELDAHL NITROGEN, TOTAL","mg/L",1.4
"02/29/1984","S65E","KJELDAHL NITROGEN, TOTAL","mg/L",1.23
"03/13/1984","S65E","KJELDAHL NITROGEN, TOTAL","mg/L",0.98
"03/21/1984","S65E","KJELDAHL NITROGEN, TOTAL","mg/L",0.926666666666667
"03/27/1984","S65E","KJELDAHL NITROGEN, TOTAL","mg/L",1.48
"04/09/1984","S65E","KJELDAHL NITROGEN, TOTAL","mg/L",1.3
"04/18/1984","S65E","KJELDAHL NITROGEN, TOTAL","mg/L",0.97
"04/25/1984","S65E","KJELDAHL NITROGEN, TOTAL","mg/L",1.93
"05/31/1984","S65E","KJELDAHL NITROGEN, TOTAL","mg/L",1.74
"06/04/1984","S65E","KJELDAHL NITROGEN, TOTAL","mg/L",2.07
"06/19/1984","S65E","KJELDAHL NITROGEN, TOTAL","mg/L",1.5
"06/27/1984","S65E","KJELDAHL NITROGEN, TOTAL","mg/L",1.78
"07/31/1984","S65E","KJELDAHL NITROGEN, TOTAL","mg/L",0.9
"08/13/1984","S65E","KJELDAHL NITROGEN, TOTAL","mg/L",1.4
"08/22/1984","S65E","KJELDAHL NITROGEN, TOTAL","mg/L",1.45
"08/27/1984","S65E","KJELDAHL NITROGEN, TOTAL","mg/L",1.73
"09/10/1984","S65E","KJELDAHL NITROGEN, TOTAL","mg/L",0.65
"09/21/1984","S65E","KJELDAHL NITROGEN, TOTAL","mg/L",1.26
"09/25/1984","S65E","KJELDAHL NITROGEN, TOTAL","mg/L",0.61
"10/09/1984","S65E","KJELDAHL NITROGEN, TOTAL","mg/L",0.94
"10/23/1984","S65E","KJELDAHL NITROGEN, TOTAL","mg/L",2
"10/30/1984","S65E","KJELDAHL NITROGEN, TOTAL","mg/L",1.19333333333333
"11/06/1984","S65E","KJELDAHL NITROGEN, TOTAL","mg/L",1.07
"11/14/1984","S65E","KJELDAHL NITROGEN, TOTAL","mg/L",2.72
"12/04/1984","S65E","KJELDAHL NITROGEN, TOTAL","mg/L",0.82
"12/18/1984","S65E","KJELDAHL NITROGEN, TOTAL","mg/L",0.68
"12/27/1984","S65E","KJELDAHL NITROGEN, TOTAL","mg/L",1.36
"01/15/1985","S65E","KJELDAHL NITROGEN, TOTAL","mg/L",3.66
"01/24/1985","S65E","KJELDAHL NITROGEN, TOTAL","mg/L",1.31
"02/20/1985","S65E","KJELDAHL NITROGEN, TOTAL","mg/L",1.33
"02/26/1985","S65E","KJELDAHL NITROGEN, TOTAL","mg/L",1.19
"03/20/1985","S65E","KJELDAHL NITROGEN, TOTAL","mg/L",1.11
"03/26/1985","S65E","KJELDAHL NITROGEN, TOTAL","mg/L",0.89
"04/17/1985","S65E","KJELDAHL NITROGEN, TOTAL","mg/L",1.28
"04/23/1985","S65E","KJELDAHL NITROGEN, TOTAL","mg/L",0.97
"05/06/1985","S65E","KJELDAHL NITROGEN, TOTAL","mg/L",1.95
"05/16/1985","S65E","KJELDAHL NITROGEN, TOTAL","mg/L",-0.5
"05/20/1985","S65E","KJELDAHL NITROGEN, TOTAL","mg/L",-0.5
"06/19/1985","S65E","KJELDAHL NITROGEN, TOTAL","mg/L",2.17
"06/26/1985","S65E","KJELDAHL NITROGEN, TOTAL","mg/L",1.61
"07/02/1985","S65E","KJELDAHL NITROGEN, TOTAL","mg/L",0.98
"07/23/1985","S65E","KJELDAHL NITROGEN, TOTAL","mg/L",2.31
"07/30/1985","S65E","KJELDAHL NITROGEN, TOTAL","mg/L",1.07
"08/21/1985","S65E","KJELDAHL NITROGEN, TOTAL","mg/L",0.68
"08/27/1985","S65E","KJELDAHL NITROGEN, TOTAL","mg/L",0.19
"09/09/1985","S65E","KJELDAHL NITROGEN, TOTAL","mg/L",1.17
"09/19/1985","S65E","KJELDAHL NITROGEN, TOTAL","mg/L",1.24
"09/24/1985","S65E","KJELDAHL NITROGEN, TOTAL","mg/L",1.31
"10/08/1985","S65E","KJELDAHL NITROGEN, TOTAL","mg/L",1.92
"10/17/1985","S65E","KJELDAHL NITROGEN, TOTAL","mg/L",1.39
"10/22/1985","S65E","KJELDAHL NITROGEN, TOTAL","mg/L",1.59
"11/05/1985","S65E","KJELDAHL NITROGEN, TOTAL","mg/L",1.31
"11/14/1985","S65E","KJELDAHL NITROGEN, TOTAL","mg/L",1.19
"12/03/1985","S65E","KJELDAHL NITROGEN, TOTAL","mg/L",1.15
"12/12/1985","S65E","KJELDAHL NITROGEN, TOTAL","mg/L",1.14
"01/14/1986","S65E","KJELDAHL NITROGEN, TOTAL","mg/L",0.95
"01/16/1986","S65E","KJELDAHL NITROGEN, TOTAL","mg/L",0.97
"01/28/1986","S65E","KJELDAHL NITROGEN, TOTAL","mg/L",1.51
"02/12/1986","S65E","KJELDAHL NITROGEN, TOTAL","mg/L",1.26
"02/18/1986","S65E","KJELDAHL NITROGEN, TOTAL","mg/L",1.08
"02/25/1986","S65E","KJELDAHL NITROGEN, TOTAL","mg/L",1.05
"03/18/1986","S65E","KJELDAHL NITROGEN, TOTAL","mg/L",1.18
"03/25/1986","S65E","KJELDAHL NITROGEN, TOTAL","mg/L",1.46
"04/08/1986","S65E","KJELDAHL NITROGEN, TOTAL","mg/L",1.31
"04/15/1986","S65E","KJELDAHL NITROGEN, TOTAL","mg/L",1.35
"04/22/1986","S65E","KJELDAHL NITROGEN, TOTAL","mg/L",1.87
"05/06/1986","S65E","KJELDAHL NITROGEN, TOTAL","mg/L",1.33
"05/14/1986","S65E","KJELDAHL NITROGEN, TOTAL","mg/L",1.37
"05/20/1986","S65E","KJELDAHL NITROGEN, TOTAL","mg/L",1.33
"06/04/1986","S65E","KJELDAHL NITROGEN, TOTAL","mg/L",1.1
"06/19/1986","S65E","KJELDAHL NITROGEN, TOTAL","mg/L",1.31
"07/01/1986","S65E","KJELDAHL NITROGEN, TOTAL","mg/L",1.95
"07/15/1986","S65E","KJELDAHL NITROGEN, TOTAL","mg/L",1.7
"07/17/1986","S65E","KJELDAHL NITROGEN, TOTAL","mg/L",1.95
"07/29/1986","S65E","KJELDAHL NITROGEN, TOTAL","mg/L",1.94
"08/14/1986","S65E","KJELDAHL NITROGEN, TOTAL","mg/L",1.835
"08/26/1986","S65E","KJELDAHL NITROGEN, TOTAL","mg/L",1.97
"09/09/1986","S65E","KJELDAHL NITROGEN, TOTAL","mg/L",1.59
"09/10/1986","S65E","KJELDAHL NITROGEN, TOTAL","mg/L",1.57
"09/23/1986","S65E","KJELDAHL NITROGEN, TOTAL","mg/L",1.29
"10/07/1986","S65E","KJELDAHL NITROGEN, TOTAL","mg/L",1.24
"10/09/1986","S65E","KJELDAHL NITROGEN, TOTAL","mg/L",1.19
"10/21/1986","S65E","KJELDAHL NITROGEN, TOTAL","mg/L",1.94
"11/04/1986","S65E","KJELDAHL NITROGEN, TOTAL","mg/L",1.78
"11/06/1986","S65E","KJELDAHL NITROGEN, TOTAL","mg/L",1.28
"11/18/1986","S65E","KJELDAHL NITROGEN, TOTAL","mg/L",1.36
"12/03/1986","S65E","KJELDAHL NITROGEN, TOTAL","mg/L",2.06
"12/04/1986","S65E","KJELDAHL NITROGEN, TOTAL","mg/L",1.37
"12/18/1986","S65E","KJELDAHL NITROGEN, TOTAL","mg/L",1.49
"01/07/1987","S65E","KJELDAHL NITROGEN, TOTAL","mg/L",1.42
"01/08/1987","S65E","KJELDAHL NITROGEN, TOTAL","mg/L",1.37
"01/15/1987","S65E","KJELDAHL NITROGEN, TOTAL","mg/L",1.56
"01/22/1987","S65E","KJELDAHL NITROGEN, TOTAL","mg/L",1.915
"01/29/1987","S65E","KJELDAHL NITROGEN, TOTAL","mg/L",0.94
"02/03/1987","S65E","KJELDAHL NITROGEN, TOTAL","mg/L",1.44
"02/05/1987","S65E","KJELDAHL NITROGEN, TOTAL","mg/L",2.07
"02/12/1987","S65E","KJELDAHL NITROGEN, TOTAL","mg/L",1.58
"02/18/1987","S65E","KJELDAHL NITROGEN, TOTAL","mg/L",1.47
"02/19/1987","S65E","KJELDAHL NITROGEN, TOTAL","mg/L",1.5
"02/26/1987","S65E","KJELDAHL NITROGEN, TOTAL","mg/L",1.56
"03/03/1987","S65E","KJELDAHL NITROGEN, TOTAL","mg/L",1.49
"03/05/1987","S65E","KJELDAHL NITROGEN, TOTAL","mg/L",1.59
"03/12/1987","S65E","KJELDAHL NITROGEN, TOTAL","mg/L",1.75
"03/17/1987","S65E","KJELDAHL NITROGEN, TOTAL","mg/L",1.6
"03/19/1987","S65E","KJELDAHL NITROGEN, TOTAL","mg/L",3.87
"03/26/1987","S65E","KJELDAHL NITROGEN, TOTAL","mg/L",5.6
"03/31/1987","S65E","KJELDAHL NITROGEN, TOTAL","mg/L",1.1
"04/14/1987","S65E","KJELDAHL NITROGEN, TOTAL","mg/L",1.66
"04/22/1987","S65E","KJELDAHL NITROGEN, TOTAL","mg/L",3.91
"04/28/1987","S65E","KJELDAHL NITROGEN, TOTAL","mg/L",1.52
"05/11/1987","S65E","KJELDAHL NITROGEN, TOTAL","mg/L",1.49
"05/13/1987","S65E","KJELDAHL NITROGEN, TOTAL","mg/L",1.55
"05/20/1987","S65E","KJELDAHL NITROGEN, TOTAL","mg/L",1.6
"05/26/1987","S65E","KJELDAHL NITROGEN, TOTAL","mg/L",2.12
"06/01/1987","S65E","KJELDAHL NITROGEN, TOTAL","mg/L",1.42
"06/17/1987","S65E","KJELDAHL NITROGEN, TOTAL","mg/L",1.21
"06/24/1987","S65E","KJELDAHL NITROGEN, TOTAL","mg/L",1.36
"07/01/1987","S65E","KJELDAHL NITROGEN, TOTAL","mg/L",1.03
"07/08/1987","S65E","KJELDAHL NITROGEN, TOTAL","mg/L",1.04
"07/16/1987","S65E","KJELDAHL NITROGEN, TOTAL","mg/L",1.43
"07/21/1987","S65E","KJELDAHL NITROGEN, TOTAL","mg/L",1.29
"07/30/1987","S65E","KJELDAHL NITROGEN, TOTAL","mg/L",1.49
"08/04/1987","S65E","KJELDAHL NITROGEN, TOTAL","mg/L",2.06
"08/12/1987","S65E","KJELDAHL NITROGEN, TOTAL","mg/L",1.63
"08/18/1987","S65E","KJELDAHL NITROGEN, TOTAL","mg/L",1.35
"08/28/1987","S65E","KJELDAHL NITROGEN, TOTAL","mg/L",1.54
"09/09/1987","S65E","KJELDAHL NITROGEN, TOTAL","mg/L",1.54
"09/24/1987","S65E","KJELDAHL NITROGEN, TOTAL","mg/L",1.5
"09/29/1987","S65E","KJELDAHL NITROGEN, TOTAL","mg/L",1.52
"10/07/1987","S65E","KJELDAHL NITROGEN, TOTAL","mg/L",1.38
"10/13/1987","S65E","KJELDAHL NITROGEN, TOTAL","mg/L",1.37
"10/21/1987","S65E","KJELDAHL NITROGEN, TOTAL","mg/L",1.45
"10/28/1987","S65E","KJELDAHL NITROGEN, TOTAL","mg/L",1.25
"11/04/1987","S65E","KJELDAHL NITROGEN, TOTAL","mg/L",1.29
"11/10/1987","S65E","KJELDAHL NITROGEN, TOTAL","mg/L",1.2
"11/18/1987","S65E","KJELDAHL NITROGEN, TOTAL","mg/L",1.62
"11/24/1987","S65E","KJELDAHL NITROGEN, TOTAL","mg/L",1.49
"12/03/1987","S65E","KJELDAHL NITROGEN, TOTAL","mg/L",1.09
"12/08/1987","S65E","KJELDAHL NITROGEN, TOTAL","mg/L",1.11
"12/17/1987","S65E","KJELDAHL NITROGEN, TOTAL","mg/L",1.01
"12/22/1987","S65E","KJELDAHL NITROGEN, TOTAL","mg/L",0.98
"12/28/1987","S65E","KJELDAHL NITROGEN, TOTAL","mg/L",1.07
"12/30/1987","S65E","KJELDAHL NITROGEN, TOTAL","mg/L",1.15
"01/01/1988","S65E","KJELDAHL NITROGEN, TOTAL","mg/L",1.17
"01/03/1988","S65E","KJELDAHL NITROGEN, TOTAL","mg/L",4.3
"01/05/1988","S65E","KJELDAHL NITROGEN, TOTAL","mg/L",1.145
"01/06/1988","S65E","KJELDAHL NITROGEN, TOTAL","mg/L",1.23
"01/07/1988","S65E","KJELDAHL NITROGEN, TOTAL","mg/L",1.06
"01/09/1988","S65E","KJELDAHL NITROGEN, TOTAL","mg/L",1.11
"01/10/1988","S65E","KJELDAHL NITROGEN, TOTAL","mg/L",1.07
"01/12/1988","S65E","KJELDAHL NITROGEN, TOTAL","mg/L",0.83
"01/13/1988","S65E","KJELDAHL NITROGEN, TOTAL","mg/L",1.3
"01/14/1988","S65E","KJELDAHL NITROGEN, TOTAL","mg/L",1.36
"01/15/1988","S65E","KJELDAHL NITROGEN, TOTAL","mg/L",1.48
"01/19/1988","S65E","KJELDAHL NITROGEN, TOTAL","mg/L",1.18
"01/21/1988","S65E","KJELDAHL NITROGEN, TOTAL","mg/L",1.245
"01/22/1988","S65E","KJELDAHL NITROGEN, TOTAL","mg/L",0.96
"01/23/1988","S65E","KJELDAHL NITROGEN, TOTAL","mg/L",0.92
"01/25/1988","S65E","KJELDAHL NITROGEN, TOTAL","mg/L",5.275
"01/26/1988","S65E","KJELDAHL NITROGEN, TOTAL","mg/L",1.64
"01/27/1988","S65E","KJELDAHL NITROGEN, TOTAL","mg/L",1.62
"01/29/1988","S65E","KJELDAHL NITROGEN, TOTAL","mg/L",1.62
"02/01/1988","S65E","KJELDAHL NITROGEN, TOTAL","mg/L",1.25
"02/02/1988","S65E","KJELDAHL NITROGEN, TOTAL","mg/L",1.16
"02/04/1988","S65E","KJELDAHL NITROGEN, TOTAL","mg/L",1.16
"02/06/1988","S65E","KJELDAHL NITROGEN, TOTAL","mg/L",1.08
"02/08/1988","S65E","KJELDAHL NITROGEN, TOTAL","mg/L",1.13
"02/11/1988","S65E","KJELDAHL NITROGEN, TOTAL","mg/L",1.89
"02/14/1988","S65E","KJELDAHL NITROGEN, TOTAL","mg/L",1.91
"02/16/1988","S65E","KJELDAHL NITROGEN, TOTAL","mg/L",1.17
"02/17/1988","S65E","KJELDAHL NITROGEN, TOTAL","mg/L",1.65
"02/18/1988","S65E","KJELDAHL NITROGEN, TOTAL","mg/L",1.35
"02/20/1988","S65E","KJELDAHL NITROGEN, TOTAL","mg/L",1.3
"02/22/1988","S65E","KJELDAHL NITROGEN, TOTAL","mg/L",1.225
"02/23/1988","S65E","KJELDAHL NITROGEN, TOTAL","mg/L",1.05
"02/25/1988","S65E","KJELDAHL NITROGEN, TOTAL","mg/L",1
"02/26/1988","S65E","KJELDAHL NITROGEN, TOTAL","mg/L",1.84
"02/27/1988","S65E","KJELDAHL NITROGEN, TOTAL","mg/L",1.43
"02/29/1988","S65E","KJELDAHL NITROGEN, TOTAL","mg/L",1.35666666666667
"03/01/1988","S65E","KJELDAHL NITROGEN, TOTAL","mg/L",1.34
"03/03/1988","S65E","KJELDAHL NITROGEN, TOTAL","mg/L",1.19
"03/05/1988","S65E","KJELDAHL NITROGEN, TOTAL","mg/L",1.53
"03/06/1988","S65E","KJELDAHL NITROGEN, TOTAL","mg/L",1.32
"03/07/1988","S65E","KJELDAHL NITROGEN, TOTAL","mg/L",1.41
"03/08/1988","S65E","KJELDAHL NITROGEN, TOTAL","mg/L",1.13
"03/10/1988","S65E","KJELDAHL NITROGEN, TOTAL","mg/L",1.36
"03/13/1988","S65E","KJELDAHL NITROGEN, TOTAL","mg/L",1.44
"03/14/1988","S65E","KJELDAHL NITROGEN, TOTAL","mg/L",0.45
"03/15/1988","S65E","KJELDAHL NITROGEN, TOTAL","mg/L",1.7
"03/16/1988","S65E","KJELDAHL NITROGEN, TOTAL","mg/L",1.72
"03/17/1988","S65E","KJELDAHL NITROGEN, TOTAL","mg/L",2.47
"03/19/1988","S65E","KJELDAHL NITROGEN, TOTAL","mg/L",2.6
"03/20/1988","S65E","KJELDAHL NITROGEN, TOTAL","mg/L",2.04
"03/21/1988","S65E","KJELDAHL NITROGEN, TOTAL","mg/L",1.555
"03/22/1988","S65E","KJELDAHL NITROGEN, TOTAL","mg/L",1.69
"03/23/1988","S65E","KJELDAHL NITROGEN, TOTAL","mg/L",1.58
"03/28/1988","S65E","KJELDAHL NITROGEN, TOTAL","mg/L",1.47
"03/29/1988","S65E","KJELDAHL NITROGEN, TOTAL","mg/L",1.105
"03/30/1988","S65E","KJELDAHL NITROGEN, TOTAL","mg/L",2.4
"04/01/1988","S65E","KJELDAHL NITROGEN, TOTAL","mg/L",2
"04/02/1988","S65E","KJELDAHL NITROGEN, TOTAL","mg/L",1.67
"04/03/1988","S65E","KJELDAHL NITROGEN, TOTAL","mg/L",1.78
"04/04/1988","S65E","KJELDAHL NITROGEN, TOTAL","mg/L",1.26
"04/06/1988","S65E","KJELDAHL NITROGEN, TOTAL","mg/L",1.15
"04/07/1988","S65E","KJELDAHL NITROGEN, TOTAL","mg/L",1.04
"04/08/1988","S65E","KJELDAHL NITROGEN, TOTAL","mg/L",1.44
"04/09/1988","S65E","KJELDAHL NITROGEN, TOTAL","mg/L",1.325
"04/10/1988","S65E","KJELDAHL NITROGEN, TOTAL","mg/L",1.02
"04/11/1988","S65E","KJELDAHL NITROGEN, TOTAL","mg/L",1.39
"04/12/1988","S65E","KJELDAHL NITROGEN, TOTAL","mg/L",1.27666666666667
"04/13/1988","S65E","KJELDAHL NITROGEN, TOTAL","mg/L",0.91
"04/14/1988","S65E","KJELDAHL NITROGEN, TOTAL","mg/L",1.11
"04/18/1988","S65E","KJELDAHL NITROGEN, TOTAL","mg/L",1.705
"04/19/1988","S65E","KJELDAHL NITROGEN, TOTAL","mg/L",1.35
"04/20/1988","S65E","KJELDAHL NITROGEN, TOTAL","mg/L",1.52
"04/21/1988","S65E","KJELDAHL NITROGEN, TOTAL","mg/L",1.3
"04/22/1988","S65E","KJELDAHL NITROGEN, TOTAL","mg/L",1.39
"04/23/1988","S65E","KJELDAHL NITROGEN, TOTAL","mg/L",1.44
"04/24/1988","S65E","KJELDAHL NITROGEN, TOTAL","mg/L",1.08
"04/25/1988","S65E","KJELDAHL NITROGEN, TOTAL","mg/L",0.985
"04/26/1988","S65E","KJELDAHL NITROGEN, TOTAL","mg/L",1.22
"04/28/1988","S65E","KJELDAHL NITROGEN, TOTAL","mg/L",0.78
"04/29/1988","S65E","KJELDAHL NITROGEN, TOTAL","mg/L",1.19
"04/30/1988","S65E","KJELDAHL NITROGEN, TOTAL","mg/L",1.215
"05/01/1988","S65E","KJELDAHL NITROGEN, TOTAL","mg/L",1.085
"05/02/1988","S65E","KJELDAHL NITROGEN, TOTAL","mg/L",1.28
"05/03/1988","S65E","KJELDAHL NITROGEN, TOTAL","mg/L",1.26
"05/04/1988","S65E","KJELDAHL NITROGEN, TOTAL","mg/L",2.86
"05/05/1988","S65E","KJELDAHL NITROGEN, TOTAL","mg/L",1.32
"05/06/1988","S65E","KJELDAHL NITROGEN, TOTAL","mg/L",1.55
"05/08/1988","S65E","KJELDAHL NITROGEN, TOTAL","mg/L",1.78
"05/09/1988","S65E","KJELDAHL NITROGEN, TOTAL","mg/L",1.07
"05/10/1988","S65E","KJELDAHL NITROGEN, TOTAL","mg/L",0.96
"05/11/1988","S65E","KJELDAHL NITROGEN, TOTAL","mg/L",1.05
"05/12/1988","S65E","KJELDAHL NITROGEN, TOTAL","mg/L",0.79
"05/13/1988","S65E","KJELDAHL NITROGEN, TOTAL","mg/L",1.83
"05/14/1988","S65E","KJELDAHL NITROGEN, TOTAL","mg/L",1.065
"05/17/1988","S65E","KJELDAHL NITROGEN, TOTAL","mg/L",2.66666666666667
"05/18/1988","S65E","KJELDAHL NITROGEN, TOTAL","mg/L",1.37
"05/22/1988","S65E","KJELDAHL NITROGEN, TOTAL","mg/L",1.28
"05/23/1988","S65E","KJELDAHL NITROGEN, TOTAL","mg/L",1.2
"05/24/1988","S65E","KJELDAHL NITROGEN, TOTAL","mg/L",1.01
"05/25/1988","S65E","KJELDAHL NITROGEN, TOTAL","mg/L",0.96
"05/26/1988","S65E","KJELDAHL NITROGEN, TOTAL","mg/L",1.19
"05/28/1988","S65E","KJELDAHL NITROGEN, TOTAL","mg/L",1
"05/29/1988","S65E","KJELDAHL NITROGEN, TOTAL","mg/L",0.93
"05/31/1988","S65E","KJELDAHL NITROGEN, TOTAL","mg/L",0.89
"06/01/1988","S65E","KJELDAHL NITROGEN, TOTAL","mg/L",1.14
"06/02/1988","S65E","KJELDAHL NITROGEN, TOTAL","mg/L",1.07
"06/03/1988","S65E","KJELDAHL NITROGEN, TOTAL","mg/L",0.88
"06/04/1988","S65E","KJELDAHL NITROGEN, TOTAL","mg/L",1.12
"06/05/1988","S65E","KJELDAHL NITROGEN, TOTAL","mg/L",0.89
"06/06/1988","S65E","KJELDAHL NITROGEN, TOTAL","mg/L",0.96
"06/07/1988","S65E","KJELDAHL NITROGEN, TOTAL","mg/L",0.9775
"06/08/1988","S65E","KJELDAHL NITROGEN, TOTAL","mg/L",1.36
"06/09/1988","S65E","KJELDAHL NITROGEN, TOTAL","mg/L",1.03
"06/10/1988","S65E","KJELDAHL NITROGEN, TOTAL","mg/L",1.22
"06/11/1988","S65E","KJELDAHL NITROGEN, TOTAL","mg/L",1.02
"06/12/1988","S65E","KJELDAHL NITROGEN, TOTAL","mg/L",1.2
"06/14/1988","S65E","KJELDAHL NITROGEN, TOTAL","mg/L",0.89
"06/15/1988","S65E","KJELDAHL NITROGEN, TOTAL","mg/L",0.87
"06/16/1988","S65E","KJELDAHL NITROGEN, TOTAL","mg/L",1.1
"06/17/1988","S65E","KJELDAHL NITROGEN, TOTAL","mg/L",1.11
"06/18/1988","S65E","KJELDAHL NITROGEN, TOTAL","mg/L",0.78
"06/19/1988","S65E","KJELDAHL NITROGEN, TOTAL","mg/L",1.01
"06/20/1988","S65E","KJELDAHL NITROGEN, TOTAL","mg/L",0.91
"06/21/1988","S65E","KJELDAHL NITROGEN, TOTAL","mg/L",1.03666666666667
"06/22/1988","S65E","KJELDAHL NITROGEN, TOTAL","mg/L",0.86
"06/23/1988","S65E","KJELDAHL NITROGEN, TOTAL","mg/L",1.02
"06/24/1988","S65E","KJELDAHL NITROGEN, TOTAL","mg/L",1.13
"06/25/1988","S65E","KJELDAHL NITROGEN, TOTAL","mg/L",1.24
"06/26/1988","S65E","KJELDAHL NITROGEN, TOTAL","mg/L",1.18
"06/28/1988","S65E","KJELDAHL NITROGEN, TOTAL","mg/L",1.06
"06/29/1988","S65E","KJELDAHL NITROGEN, TOTAL","mg/L",0.94
"06/30/1988","S65E","KJELDAHL NITROGEN, TOTAL","mg/L",1.025
"07/01/1988","S65E","KJELDAHL NITROGEN, TOTAL","mg/L",1.09
"07/02/1988","S65E","KJELDAHL NITROGEN, TOTAL","mg/L",1.08
"07/03/1988","S65E","KJELDAHL NITROGEN, TOTAL","mg/L",1.2
"07/05/1988","S65E","KJELDAHL NITROGEN, TOTAL","mg/L",1.21
"07/06/1988","S65E","KJELDAHL NITROGEN, TOTAL","mg/L",0.965
"07/07/1988","S65E","KJELDAHL NITROGEN, TOTAL","mg/L",0.81
"07/08/1988","S65E","KJELDAHL NITROGEN, TOTAL","mg/L",0.96
"07/09/1988","S65E","KJELDAHL NITROGEN, TOTAL","mg/L",0.965
"07/12/1988","S65E","KJELDAHL NITROGEN, TOTAL","mg/L",0.255
"07/13/1988","S65E","KJELDAHL NITROGEN, TOTAL","mg/L",-0.5
"07/14/1988","S65E","KJELDAHL NITROGEN, TOTAL","mg/L",-0.5
"07/15/1988","S65E","KJELDAHL NITROGEN, TOTAL","mg/L",-0.5
"07/16/1988","S65E","KJELDAHL NITROGEN, TOTAL","mg/L",0.54
"07/17/1988","S65E","KJELDAHL NITROGEN, TOTAL","mg/L",0.6
"07/18/1988","S65E","KJELDAHL NITROGEN, TOTAL","mg/L",1.28
"07/19/1988","S65E","KJELDAHL NITROGEN, TOTAL","mg/L",0.96
"07/25/1988","S65E","KJELDAHL NITROGEN, TOTAL","mg/L",1.4
"07/26/1988","S65E","KJELDAHL NITROGEN, TOTAL","mg/L",0.885
"07/27/1988","S65E","KJELDAHL NITROGEN, TOTAL","mg/L",0.96
"08/02/1988","S65E","KJELDAHL NITROGEN, TOTAL","mg/L",1.16
"08/03/1988","S65E","KJELDAHL NITROGEN, TOTAL","mg/L",1.24
"08/09/1988","S65E","KJELDAHL NITROGEN, TOTAL","mg/L",1.73
"08/15/1988","S65E","KJELDAHL NITROGEN, TOTAL","mg/L",1.41
"08/16/1988","S65E","KJELDAHL NITROGEN, TOTAL","mg/L",1.65
"08/17/1988","S65E","KJELDAHL NITROGEN, TOTAL","mg/L",1.11
"08/18/1988","S65E","KJELDAHL NITROGEN, TOTAL","mg/L",1.89
"08/19/1988","S65E","KJELDAHL NITROGEN, TOTAL","mg/L",1.64
"08/20/1988","S65E","KJELDAHL NITROGEN, TOTAL","mg/L",1.35
"08/22/1988","S65E","KJELDAHL NITROGEN, TOTAL","mg/L",1.35
"08/23/1988","S65E","KJELDAHL NITROGEN, TOTAL","mg/L",1.28
"08/25/1988","S65E","KJELDAHL NITROGEN, TOTAL","mg/L",1.14
"08/27/1988","S65E","KJELDAHL NITROGEN, TOTAL","mg/L",1.52
"08/28/1988","S65E","KJELDAHL NITROGEN, TOTAL","mg/L",1.48
"08/29/1988","S65E","KJELDAHL NITROGEN, TOTAL","mg/L",1.33
"08/30/1988","S65E","KJELDAHL NITROGEN, TOTAL","mg/L",1.28
"08/31/1988","S65E","KJELDAHL NITROGEN, TOTAL","mg/L",1.22
"09/01/1988","S65E","KJELDAHL NITROGEN, TOTAL","mg/L",1.01
"09/02/1988","S65E","KJELDAHL NITROGEN, TOTAL","mg/L",1.02
"09/04/1988","S65E","KJELDAHL NITROGEN, TOTAL","mg/L",1.15
"09/05/1988","S65E","KJELDAHL NITROGEN, TOTAL","mg/L",1.14
"09/07/1988","S65E","KJELDAHL NITROGEN, TOTAL","mg/L",1.42
"09/12/1988","S65E","KJELDAHL NITROGEN, TOTAL","mg/L",1.29666666666667
"09/13/1988","S65E","KJELDAHL NITROGEN, TOTAL","mg/L",1.39
"09/14/1988","S65E","KJELDAHL NITROGEN, TOTAL","mg/L",1.19
"09/15/1988","S65E","KJELDAHL NITROGEN, TOTAL","mg/L",1.31
"09/16/1988","S65E","KJELDAHL NITROGEN, TOTAL","mg/L",1.33
"09/18/1988","S65E","KJELDAHL NITROGEN, TOTAL","mg/L",1.29
"09/19/1988","S65E","KJELDAHL NITROGEN, TOTAL","mg/L",1.13
"09/21/1988","S65E","KJELDAHL NITROGEN, TOTAL","mg/L",1.85
"09/22/1988","S65E","KJELDAHL NITROGEN, TOTAL","mg/L",1.82
"09/23/1988","S65E","KJELDAHL NITROGEN, TOTAL","mg/L",1.95
"09/25/1988","S65E","KJELDAHL NITROGEN, TOTAL","mg/L",1.95
"09/26/1988","S65E","KJELDAHL NITROGEN, TOTAL","mg/L",1.72333333333333
"09/27/1988","S65E","KJELDAHL NITROGEN, TOTAL","mg/L",1.74
"09/29/1988","S65E","KJELDAHL NITROGEN, TOTAL","mg/L",2.31
"10/01/1988","S65E","KJELDAHL NITROGEN, TOTAL","mg/L",1.8
"10/02/1988","S65E","KJELDAHL NITROGEN, TOTAL","mg/L",2.07
"10/03/1988","S65E","KJELDAHL NITROGEN, TOTAL","mg/L",1.445
"10/05/1988","S65E","KJELDAHL NITROGEN, TOTAL","mg/L",1.4
"10/07/1988","S65E","KJELDAHL NITROGEN, TOTAL","mg/L",1.43
"10/09/1988","S65E","KJELDAHL NITROGEN, TOTAL","mg/L",1.51
"10/10/1988","S65E","KJELDAHL NITROGEN, TOTAL","mg/L",0.93
"10/11/1988","S65E","KJELDAHL NITROGEN, TOTAL","mg/L",1.215
"10/13/1988","S65E","KJELDAHL NITROGEN, TOTAL","mg/L",1.01
"10/14/1988","S65E","KJELDAHL NITROGEN, TOTAL","mg/L",0.76
"10/16/1988","S65E","KJELDAHL NITROGEN, TOTAL","mg/L",1.07
"10/17/1988","S65E","KJELDAHL NITROGEN, TOTAL","mg/L",1.17
"10/19/1988","S65E","KJELDAHL NITROGEN, TOTAL","mg/L",1.74
"10/21/1988","S65E","KJELDAHL NITROGEN, TOTAL","mg/L",1.15
"10/23/1988","S65E","KJELDAHL NITROGEN, TOTAL","mg/L",1.15
"10/24/1988","S65E","KJELDAHL NITROGEN, TOTAL","mg/L",0.94
"10/25/1988","S65E","KJELDAHL NITROGEN, TOTAL","mg/L",1.015
"10/31/1988","S65E","KJELDAHL NITROGEN, TOTAL","mg/L",1
"11/03/1988","S65E","KJELDAHL NITROGEN, TOTAL","mg/L",1.74
"11/04/1988","S65E","KJELDAHL NITROGEN, TOTAL","mg/L",1.98
"11/06/1988","S65E","KJELDAHL NITROGEN, TOTAL","mg/L",1.48
"11/07/1988","S65E","KJELDAHL NITROGEN, TOTAL","mg/L",1.07
"11/09/1988","S65E","KJELDAHL NITROGEN, TOTAL","mg/L",0.77
"11/11/1988","S65E","KJELDAHL NITROGEN, TOTAL","mg/L",1.02
"11/12/1988","S65E","KJELDAHL NITROGEN, TOTAL","mg/L",1.15
"11/16/1988","S65E","KJELDAHL NITROGEN, TOTAL","mg/L",1.02
"11/18/1988","S65E","KJELDAHL NITROGEN, TOTAL","mg/L",0.88
"11/20/1988","S65E","KJELDAHL NITROGEN, TOTAL","mg/L",0.77
"11/21/1988","S65E","KJELDAHL NITROGEN, TOTAL","mg/L",2.06
"11/22/1988","S65E","KJELDAHL NITROGEN, TOTAL","mg/L",0.945
"11/23/1988","S65E","KJELDAHL NITROGEN, TOTAL","mg/L",1.17
"11/24/1988","S65E","KJELDAHL NITROGEN, TOTAL","mg/L",1.04
"11/29/1988","S65E","KJELDAHL NITROGEN, TOTAL","mg/L",1.14
"12/01/1988","S65E","KJELDAHL NITROGEN, TOTAL","mg/L",0.99
"12/03/1988","S65E","KJELDAHL NITROGEN, TOTAL","mg/L",0.76
"12/05/1988","S65E","KJELDAHL NITROGEN, TOTAL","mg/L",-0.5
"12/08/1988","S65E","KJELDAHL NITROGEN, TOTAL","mg/L",0.94
"12/09/1988","S65E","KJELDAHL NITROGEN, TOTAL","mg/L",1.09
"12/10/1988","S65E","KJELDAHL NITROGEN, TOTAL","mg/L",1.14
"12/13/1988","S65E","KJELDAHL NITROGEN, TOTAL","mg/L",1.28
"12/15/1988","S65E","KJELDAHL NITROGEN, TOTAL","mg/L",1.2
"12/19/1988","S65E","KJELDAHL NITROGEN, TOTAL","mg/L",0.865
"12/28/1988","S65E","KJELDAHL NITROGEN, TOTAL","mg/L",0.95
"12/30/1988","S65E","KJELDAHL NITROGEN, TOTAL","mg/L",0.99
"01/01/1989","S65E","KJELDAHL NITROGEN, TOTAL","mg/L",0.91
"01/03/1989","S65E","KJELDAHL NITROGEN, TOTAL","mg/L",0.57
"01/11/1989","S65E","KJELDAHL NITROGEN, TOTAL","mg/L",1.24
"01/13/1989","S65E","KJELDAHL NITROGEN, TOTAL","mg/L",1.19
"01/15/1989","S65E","KJELDAHL NITROGEN, TOTAL","mg/L",1.07
"01/17/1989","S65E","KJELDAHL NITROGEN, TOTAL","mg/L",0.865
"01/19/1989","S65E","KJELDAHL NITROGEN, TOTAL","mg/L",1.63
"01/21/1989","S65E","KJELDAHL NITROGEN, TOTAL","mg/L",1.28
"01/23/1989","S65E","KJELDAHL NITROGEN, TOTAL","mg/L",1.25
"01/24/1989","S65E","KJELDAHL NITROGEN, TOTAL","mg/L",1.39
"01/26/1989","S65E","KJELDAHL NITROGEN, TOTAL","mg/L",1.11
"01/29/1989","S65E","KJELDAHL NITROGEN, TOTAL","mg/L",1.02
"01/30/1989","S65E","KJELDAHL NITROGEN, TOTAL","mg/L",1.165
"01/31/1989","S65E","KJELDAHL NITROGEN, TOTAL","mg/L",0.87
"02/01/1989","S65E","KJELDAHL NITROGEN, TOTAL","mg/L",1.38
"02/03/1989","S65E","KJELDAHL NITROGEN, TOTAL","mg/L",1.04
"02/05/1989","S65E","KJELDAHL NITROGEN, TOTAL","mg/L",1.01
"02/06/1989","S65E","KJELDAHL NITROGEN, TOTAL","mg/L",0.87
"02/08/1989","S65E","KJELDAHL NITROGEN, TOTAL","mg/L",0.98
"02/10/1989","S65E","KJELDAHL NITROGEN, TOTAL","mg/L",0.94
"02/12/1989","S65E","KJELDAHL NITROGEN, TOTAL","mg/L",0.96
"02/13/1989","S65E","KJELDAHL NITROGEN, TOTAL","mg/L",0.78
"02/14/1989","S65E","KJELDAHL NITROGEN, TOTAL","mg/L",0.79
"02/18/1989","S65E","KJELDAHL NITROGEN, TOTAL","mg/L",0.68
"02/20/1989","S65E","KJELDAHL NITROGEN, TOTAL","mg/L",0.97
"02/22/1989","S65E","KJELDAHL NITROGEN, TOTAL","mg/L",0.855
"02/27/1989","S65E","KJELDAHL NITROGEN, TOTAL","mg/L",0.79
"02/28/1989","S65E","KJELDAHL NITROGEN, TOTAL","mg/L",1.67
"03/04/1989","S65E","KJELDAHL NITROGEN, TOTAL","mg/L",0.75
"03/06/1989","S65E","KJELDAHL NITROGEN, TOTAL","mg/L",1.24
"03/09/1989","S65E","KJELDAHL NITROGEN, TOTAL","mg/L",0.955
"03/10/1989","S65E","KJELDAHL NITROGEN, TOTAL","mg/L",0.89
"03/13/1989","S65E","KJELDAHL NITROGEN, TOTAL","mg/L",0.895
"03/15/1989","S65E","KJELDAHL NITROGEN, TOTAL","mg/L",0.99
"03/16/1989","S65E","KJELDAHL NITROGEN, TOTAL","mg/L",1.06
"03/17/1989","S65E","KJELDAHL NITROGEN, TOTAL","mg/L",1.13
"03/19/1989","S65E","KJELDAHL NITROGEN, TOTAL","mg/L",1.23
"03/21/1989","S65E","KJELDAHL NITROGEN, TOTAL","mg/L",1.305
"03/22/1989","S65E","KJELDAHL NITROGEN, TOTAL","mg/L",0.68
"03/24/1989","S65E","KJELDAHL NITROGEN, TOTAL","mg/L",-0.5
"03/27/1989","S65E","KJELDAHL NITROGEN, TOTAL","mg/L",0.76
"03/28/1989","S65E","KJELDAHL NITROGEN, TOTAL","mg/L",3.67
"03/29/1989","S65E","KJELDAHL NITROGEN, TOTAL","mg/L",1.935
"04/07/1989","S65E","KJELDAHL NITROGEN, TOTAL","mg/L",1.52
"04/08/1989","S65E","KJELDAHL NITROGEN, TOTAL","mg/L",1.07
"04/09/1989","S65E","KJELDAHL NITROGEN, TOTAL","mg/L",1.02
"04/10/1989","S65E","KJELDAHL NITROGEN, TOTAL","mg/L",1.02
"04/11/1989","S65E","KJELDAHL NITROGEN, TOTAL","mg/L",0.91
"04/13/1989","S65E","KJELDAHL NITROGEN, TOTAL","mg/L",-0.5
"04/16/1989","S65E","KJELDAHL NITROGEN, TOTAL","mg/L",0.81
"04/17/1989","S65E","KJELDAHL NITROGEN, TOTAL","mg/L",0.96
"04/20/1989","S65E","KJELDAHL NITROGEN, TOTAL","mg/L",1.2
"04/22/1989","S65E","KJELDAHL NITROGEN, TOTAL","mg/L",1.37
"04/23/1989","S65E","KJELDAHL NITROGEN, TOTAL","mg/L",1.15
"04/24/1989","S65E","KJELDAHL NITROGEN, TOTAL","mg/L",-0.5
"04/25/1989","S65E","KJELDAHL NITROGEN, TOTAL","mg/L",1.18
"04/26/1989","S65E","KJELDAHL NITROGEN, TOTAL","mg/L",1.935
"04/29/1989","S65E","KJELDAHL NITROGEN, TOTAL","mg/L",0.94
"05/01/1989","S65E","KJELDAHL NITROGEN, TOTAL","mg/L",1.05
"05/03/1989","S65E","KJELDAHL NITROGEN, TOTAL","mg/L",1.21
"05/06/1989","S65E","KJELDAHL NITROGEN, TOTAL","mg/L",1.29
"05/08/1989","S65E","KJELDAHL NITROGEN, TOTAL","mg/L",1.14
"05/10/1989","S65E","KJELDAHL NITROGEN, TOTAL","mg/L",1.42
"05/13/1989","S65E","KJELDAHL NITROGEN, TOTAL","mg/L",1.41
"05/14/1989","S65E","KJELDAHL NITROGEN, TOTAL","mg/L",1.08
"05/16/1989","S65E","KJELDAHL NITROGEN, TOTAL","mg/L",0.97
"05/17/1989","S65E","KJELDAHL NITROGEN, TOTAL","mg/L",1.39
"05/20/1989","S65E","KJELDAHL NITROGEN, TOTAL","mg/L",1.43
"05/22/1989","S65E","KJELDAHL NITROGEN, TOTAL","mg/L",1.2275
"05/24/1989","S65E","KJELDAHL NITROGEN, TOTAL","mg/L",0.62
"05/26/1989","S65E","KJELDAHL NITROGEN, TOTAL","mg/L",1.36
"05/28/1989","S65E","KJELDAHL NITROGEN, TOTAL","mg/L",1.67
"05/30/1989","S65E","KJELDAHL NITROGEN, TOTAL","mg/L",0.94
"06/01/1989","S65E","KJELDAHL NITROGEN, TOTAL","mg/L",1.03
"06/03/1989","S65E","KJELDAHL NITROGEN, TOTAL","mg/L",1.03
"06/05/1989","S65E","KJELDAHL NITROGEN, TOTAL","mg/L",0.976666666666667
"06/07/1989","S65E","KJELDAHL NITROGEN, TOTAL","mg/L",1.25
"06/09/1989","S65E","KJELDAHL NITROGEN, TOTAL","mg/L",1.63
"06/11/1989","S65E","KJELDAHL NITROGEN, TOTAL","mg/L",1.2
"06/12/1989","S65E","KJELDAHL NITROGEN, TOTAL","mg/L",0.82
"06/13/1989","S65E","KJELDAHL NITROGEN, TOTAL","mg/L",1.32
"06/16/1989","S65E","KJELDAHL NITROGEN, TOTAL","mg/L",1.09
"06/19/1989","S65E","KJELDAHL NITROGEN, TOTAL","mg/L",1.1025
"06/20/1989","S65E","KJELDAHL NITROGEN, TOTAL","mg/L",1.75
"06/21/1989","S65E","KJELDAHL NITROGEN, TOTAL","mg/L",1.05
"06/22/1989","S65E","KJELDAHL NITROGEN, TOTAL","mg/L",1.35
"06/26/1989","S65E","KJELDAHL NITROGEN, TOTAL","mg/L",-0.5
"07/03/1989","S65E","KJELDAHL NITROGEN, TOTAL","mg/L",1.08
"07/05/1989","S65E","KJELDAHL NITROGEN, TOTAL","mg/L",1.08
"07/11/1989","S65E","KJELDAHL NITROGEN, TOTAL","mg/L",1.53
"07/17/1989","S65E","KJELDAHL NITROGEN, TOTAL","mg/L",1.4
"07/18/1989","S65E","KJELDAHL NITROGEN, TOTAL","mg/L",0.94
"07/19/1989","S65E","KJELDAHL NITROGEN, TOTAL","mg/L",1.11
"07/25/1989","S65E","KJELDAHL NITROGEN, TOTAL","mg/L",1.28
"07/26/1989","S65E","KJELDAHL NITROGEN, TOTAL","mg/L",1.14
"07/27/1989","S65E","KJELDAHL NITROGEN, TOTAL","mg/L",1.37
"07/28/1989","S65E","KJELDAHL NITROGEN, TOTAL","mg/L",1.14
"07/31/1989","S65E","KJELDAHL NITROGEN, TOTAL","mg/L",1.055
"08/01/1989","S65E","KJELDAHL NITROGEN, TOTAL","mg/L",0.84
"08/02/1989","S65E","KJELDAHL NITROGEN, TOTAL","mg/L",-0.5
"08/03/1989","S65E","KJELDAHL NITROGEN, TOTAL","mg/L",1.34
"08/06/1989","S65E","KJELDAHL NITROGEN, TOTAL","mg/L",1.11
"08/07/1989","S65E","KJELDAHL NITROGEN, TOTAL","mg/L",1.2
"08/08/1989","S65E","KJELDAHL NITROGEN, TOTAL","mg/L",1.28
"08/09/1989","S65E","KJELDAHL NITROGEN, TOTAL","mg/L",0.93
"08/12/1989","S65E","KJELDAHL NITROGEN, TOTAL","mg/L",1.01
"08/14/1989","S65E","KJELDAHL NITROGEN, TOTAL","mg/L",1.16
"08/15/1989","S65E","KJELDAHL NITROGEN, TOTAL","mg/L",1.175
"08/16/1989","S65E","KJELDAHL NITROGEN, TOTAL","mg/L",1.11
"08/18/1989","S65E","KJELDAHL NITROGEN, TOTAL","mg/L",1.15
"08/19/1989","S65E","KJELDAHL NITROGEN, TOTAL","mg/L",1.34
"08/21/1989","S65E","KJELDAHL NITROGEN, TOTAL","mg/L",1.17
"08/22/1989","S65E","KJELDAHL NITROGEN, TOTAL","mg/L",1.06
"08/23/1989","S65E","KJELDAHL NITROGEN, TOTAL","mg/L",1.06
"08/26/1989","S65E","KJELDAHL NITROGEN, TOTAL","mg/L",1.25
"08/27/1989","S65E","KJELDAHL NITROGEN, TOTAL","mg/L",1.39
"08/28/1989","S65E","KJELDAHL NITROGEN, TOTAL","mg/L",1.26
"08/29/1989","S65E","KJELDAHL NITROGEN, TOTAL","mg/L",1.405
"08/30/1989","S65E","KJELDAHL NITROGEN, TOTAL","mg/L",1.25
"09/01/1989","S65E","KJELDAHL NITROGEN, TOTAL","mg/L",1.37
"09/04/1989","S65E","KJELDAHL NITROGEN, TOTAL","mg/L",1.23
"09/05/1989","S65E","KJELDAHL NITROGEN, TOTAL","mg/L",1.4
"09/06/1989","S65E","KJELDAHL NITROGEN, TOTAL","mg/L",1.28
"09/07/1989","S65E","KJELDAHL NITROGEN, TOTAL","mg/L",1.3
"09/08/1989","S65E","KJELDAHL NITROGEN, TOTAL","mg/L",1.36
"09/09/1989","S65E","KJELDAHL NITROGEN, TOTAL","mg/L",1.4
"09/11/1989","S65E","KJELDAHL NITROGEN, TOTAL","mg/L",1.375
"09/12/1989","S65E","KJELDAHL NITROGEN, TOTAL","mg/L",1.54
"09/13/1989","S65E","KJELDAHL NITROGEN, TOTAL","mg/L",1.49
"09/14/1989","S65E","KJELDAHL NITROGEN, TOTAL","mg/L",1.3
"09/17/1989","S65E","KJELDAHL NITROGEN, TOTAL","mg/L",1.12
"09/19/1989","S65E","KJELDAHL NITROGEN, TOTAL","mg/L",1.43
"09/20/1989","S65E","KJELDAHL NITROGEN, TOTAL","mg/L",1.1
"09/23/1989","S65E","KJELDAHL NITROGEN, TOTAL","mg/L",1.22
"09/25/1989","S65E","KJELDAHL NITROGEN, TOTAL","mg/L",1.4
"09/27/1989","S65E","KJELDAHL NITROGEN, TOTAL","mg/L",1.61
"09/29/1989","S65E","KJELDAHL NITROGEN, TOTAL","mg/L",1.52
"10/02/1989","S65E","KJELDAHL NITROGEN, TOTAL","mg/L",1.46
"10/03/1989","S65E","KJELDAHL NITROGEN, TOTAL","mg/L",1.415
"10/06/1989","S65E","KJELDAHL NITROGEN, TOTAL","mg/L",1.35
"10/09/1989","S65E","KJELDAHL NITROGEN, TOTAL","mg/L",1.38333333333333
"10/11/1989","S65E","KJELDAHL NITROGEN, TOTAL","mg/L",1.535
"10/14/1989","S65E","KJELDAHL NITROGEN, TOTAL","mg/L",1.67
"10/16/1989","S65E","KJELDAHL NITROGEN, TOTAL","mg/L",1.46
"10/17/1989","S65E","KJELDAHL NITROGEN, TOTAL","mg/L",0.93
"10/18/1989","S65E","KJELDAHL NITROGEN, TOTAL","mg/L",1.65
"10/21/1989","S65E","KJELDAHL NITROGEN, TOTAL","mg/L",1.66
"10/22/1989","S65E","KJELDAHL NITROGEN, TOTAL","mg/L",1.65
"10/23/1989","S65E","KJELDAHL NITROGEN, TOTAL","mg/L",1.34666666666667
"10/24/1989","S65E","KJELDAHL NITROGEN, TOTAL","mg/L",1.52
"10/26/1989","S65E","KJELDAHL NITROGEN, TOTAL","mg/L",1.39
"10/29/1989","S65E","KJELDAHL NITROGEN, TOTAL","mg/L",1.42
"10/30/1989","S65E","KJELDAHL NITROGEN, TOTAL","mg/L",1.4
"10/31/1989","S65E","KJELDAHL NITROGEN, TOTAL","mg/L",1.53
"11/03/1989","S65E","KJELDAHL NITROGEN, TOTAL","mg/L",1.52
"11/05/1989","S65E","KJELDAHL NITROGEN, TOTAL","mg/L",1.25
"11/06/1989","S65E","KJELDAHL NITROGEN, TOTAL","mg/L",1.445
"11/08/1989","S65E","KJELDAHL NITROGEN, TOTAL","mg/L",1.31
"11/13/1989","S65E","KJELDAHL NITROGEN, TOTAL","mg/L",1.405
"11/14/1989","S65E","KJELDAHL NITROGEN, TOTAL","mg/L",1.55
"11/16/1989","S65E","KJELDAHL NITROGEN, TOTAL","mg/L",1.32
"11/17/1989","S65E","KJELDAHL NITROGEN, TOTAL","mg/L",1.14
"11/20/1989","S65E","KJELDAHL NITROGEN, TOTAL","mg/L",1.27
"11/22/1989","S65E","KJELDAHL NITROGEN, TOTAL","mg/L",1.57
"11/23/1989","S65E","KJELDAHL NITROGEN, TOTAL","mg/L",1.18
"11/25/1989","S65E","KJELDAHL NITROGEN, TOTAL","mg/L",1.09
"11/27/1989","S65E","KJELDAHL NITROGEN, TOTAL","mg/L",1.025
"11/28/1989","S65E","KJELDAHL NITROGEN, TOTAL","mg/L",1.1
"12/02/1989","S65E","KJELDAHL NITROGEN, TOTAL","mg/L",1.17
"12/04/1989","S65E","KJELDAHL NITROGEN, TOTAL","mg/L",1.1
"12/11/1989","S65E","KJELDAHL NITROGEN, TOTAL","mg/L",1.01
"12/18/1989","S65E","KJELDAHL NITROGEN, TOTAL","mg/L",1.175
"12/19/1989","S65E","KJELDAHL NITROGEN, TOTAL","mg/L",1.315
"12/20/1989","S65E","KJELDAHL NITROGEN, TOTAL","mg/L",1.32
"12/21/1989","S65E","KJELDAHL NITROGEN, TOTAL","mg/L",1.23
"12/22/1989","S65E","KJELDAHL NITROGEN, TOTAL","mg/L",1.4
"12/23/1989","S65E","KJELDAHL NITROGEN, TOTAL","mg/L",1.5
"12/24/1989","S65E","KJELDAHL NITROGEN, TOTAL","mg/L",1.09
"12/26/1989","S65E","KJELDAHL NITROGEN, TOTAL","mg/L",1.08
"12/27/1989","S65E","KJELDAHL NITROGEN, TOTAL","mg/L",0.9
"12/28/1989","S65E","KJELDAHL NITROGEN, TOTAL","mg/L",0.7
"12/29/1989","S65E","KJELDAHL NITROGEN, TOTAL","mg/L",0.63
"12/30/1989","S65E","KJELDAHL NITROGEN, TOTAL","mg/L",-0.5
"12/31/1989","S65E","KJELDAHL NITROGEN, TOTAL","mg/L",0.61
"01/01/1990","S65E","KJELDAHL NITROGEN, TOTAL","mg/L",0.89
"01/02/1990","S65E","KJELDAHL NITROGEN, TOTAL","mg/L",1.23
"01/03/1990","S65E","KJELDAHL NITROGEN, TOTAL","mg/L",1.11
"01/06/1990","S65E","KJELDAHL NITROGEN, TOTAL","mg/L",1.27
"01/07/1990","S65E","KJELDAHL NITROGEN, TOTAL","mg/L",1.55
"01/09/1990","S65E","KJELDAHL NITROGEN, TOTAL","mg/L",1.28
"01/10/1990","S65E","KJELDAHL NITROGEN, TOTAL","mg/L",1.34
"01/12/1990","S65E","KJELDAHL NITROGEN, TOTAL","mg/L",1.17
"01/14/1990","S65E","KJELDAHL NITROGEN, TOTAL","mg/L",1.11
"01/16/1990","S65E","KJELDAHL NITROGEN, TOTAL","mg/L",1.295
"01/18/1990","S65E","KJELDAHL NITROGEN, TOTAL","mg/L",1.08
"01/20/1990","S65E","KJELDAHL NITROGEN, TOTAL","mg/L",1.51
"01/23/1990","S65E","KJELDAHL NITROGEN, TOTAL","mg/L",0.14
"01/30/1990","S65E","KJELDAHL NITROGEN, TOTAL","mg/L",0.86
"01/31/1990","S65E","KJELDAHL NITROGEN, TOTAL","mg/L",1.51
"02/01/1990","S65E","KJELDAHL NITROGEN, TOTAL","mg/L",1.23
"02/03/1990","S65E","KJELDAHL NITROGEN, TOTAL","mg/L",1.1
"02/05/1990","S65E","KJELDAHL NITROGEN, TOTAL","mg/L",1.11
"02/06/1990","S65E","KJELDAHL NITROGEN, TOTAL","mg/L",1.2
"02/13/1990","S65E","KJELDAHL NITROGEN, TOTAL","mg/L",1.13666666666667
"02/14/1990","S65E","KJELDAHL NITROGEN, TOTAL","mg/L",1.68
"02/16/1990","S65E","KJELDAHL NITROGEN, TOTAL","mg/L",1.11
"02/18/1990","S65E","KJELDAHL NITROGEN, TOTAL","mg/L",1.15
"02/20/1990","S65E","KJELDAHL NITROGEN, TOTAL","mg/L",0.88
"02/22/1990","S65E","KJELDAHL NITROGEN, TOTAL","mg/L",1.52
"02/24/1990","S65E","KJELDAHL NITROGEN, TOTAL","mg/L",1.9
"02/26/1990","S65E","KJELDAHL NITROGEN, TOTAL","mg/L",1.54
"02/27/1990","S65E","KJELDAHL NITROGEN, TOTAL","mg/L",2.66
"02/28/1990","S65E","KJELDAHL NITROGEN, TOTAL","mg/L",0.92
"03/02/1990","S65E","KJELDAHL NITROGEN, TOTAL","mg/L",0.98
"03/04/1990","S65E","KJELDAHL NITROGEN, TOTAL","mg/L",2.39
"03/06/1990","S65E","KJELDAHL NITROGEN, TOTAL","mg/L",0.92
"03/08/1990","S65E","KJELDAHL NITROGEN, TOTAL","mg/L",1.83
"03/10/1990","S65E","KJELDAHL NITROGEN, TOTAL","mg/L",2.15
"03/12/1990","S65E","KJELDAHL NITROGEN, TOTAL","mg/L",1.65
"03/16/1990","S65E","KJELDAHL NITROGEN, TOTAL","mg/L",0.9
"03/26/1990","S65E","KJELDAHL NITROGEN, TOTAL","mg/L",-0.5
"03/27/1990","S65E","KJELDAHL NITROGEN, TOTAL","mg/L",1.03
"04/03/1990","S65E","KJELDAHL NITROGEN, TOTAL","mg/L",0.86
"04/05/1990","S65E","KJELDAHL NITROGEN, TOTAL","mg/L",1.35
"04/07/1990","S65E","KJELDAHL NITROGEN, TOTAL","mg/L",1.7
"04/09/1990","S65E","KJELDAHL NITROGEN, TOTAL","mg/L",1.45
"04/10/1990","S65E","KJELDAHL NITROGEN, TOTAL","mg/L",0.96
"04/11/1990","S65E","KJELDAHL NITROGEN, TOTAL","mg/L",0.95
"04/17/1990","S65E","KJELDAHL NITROGEN, TOTAL","mg/L",0.905
"04/23/1990","S65E","KJELDAHL NITROGEN, TOTAL","mg/L",0.8
"04/24/1990","S65E","KJELDAHL NITROGEN, TOTAL","mg/L",0.97
"04/26/1990","S65E","KJELDAHL NITROGEN, TOTAL","mg/L",1.27
"04/28/1990","S65E","KJELDAHL NITROGEN, TOTAL","mg/L",1.57
"04/30/1990","S65E","KJELDAHL NITROGEN, TOTAL","mg/L",1.3
"05/07/1990","S65E","KJELDAHL NITROGEN, TOTAL","mg/L",1.04666666666667
"05/09/1990","S65E","KJELDAHL NITROGEN, TOTAL","mg/L",1.47
"05/11/1990","S65E","KJELDAHL NITROGEN, TOTAL","mg/L",1.91
"05/13/1990","S65E","KJELDAHL NITROGEN, TOTAL","mg/L",1.18
"05/14/1990","S65E","KJELDAHL NITROGEN, TOTAL","mg/L",1.31
"05/16/1990","S65E","KJELDAHL NITROGEN, TOTAL","mg/L",1.23
"05/18/1990","S65E","KJELDAHL NITROGEN, TOTAL","mg/L",1.52
"05/20/1990","S65E","KJELDAHL NITROGEN, TOTAL","mg/L",1.59
"05/21/1990","S65E","KJELDAHL NITROGEN, TOTAL","mg/L",1.235
"05/23/1990","S65E","KJELDAHL NITROGEN, TOTAL","mg/L",2.51
"05/25/1990","S65E","KJELDAHL NITROGEN, TOTAL","mg/L",1.71
"05/27/1990","S65E","KJELDAHL NITROGEN, TOTAL","mg/L",1.11
"05/29/1990","S65E","KJELDAHL NITROGEN, TOTAL","mg/L",0.99
"06/04/1990","S65E","KJELDAHL NITROGEN, TOTAL","mg/L",1.505
"06/05/1990","S65E","KJELDAHL NITROGEN, TOTAL","mg/L",1.24
"06/06/1990","S65E","KJELDAHL NITROGEN, TOTAL","mg/L",2.41
"06/08/1990","S65E","KJELDAHL NITROGEN, TOTAL","mg/L",2.24
"06/11/1990","S65E","KJELDAHL NITROGEN, TOTAL","mg/L",1.58
"06/12/1990","S65E","KJELDAHL NITROGEN, TOTAL","mg/L",0.76
"06/18/1990","S65E","KJELDAHL NITROGEN, TOTAL","mg/L",0.775
"06/20/1990","S65E","KJELDAHL NITROGEN, TOTAL","mg/L",0.89
"06/22/1990","S65E","KJELDAHL NITROGEN, TOTAL","mg/L",0.74
"06/24/1990","S65E","KJELDAHL NITROGEN, TOTAL","mg/L",0.77
"06/25/1990","S65E","KJELDAHL NITROGEN, TOTAL","mg/L",1.06
"06/26/1990","S65E","KJELDAHL NITROGEN, TOTAL","mg/L",1.26
"06/27/1990","S65E","KJELDAHL NITROGEN, TOTAL","mg/L",1.83
"06/29/1990","S65E","KJELDAHL NITROGEN, TOTAL","mg/L",1.59
"06/30/1990","S65E","KJELDAHL NITROGEN, TOTAL","mg/L",1.53
"07/02/1990","S65E","KJELDAHL NITROGEN, TOTAL","mg/L",1.02
"07/03/1990","S65E","KJELDAHL NITROGEN, TOTAL","mg/L",0.975
"07/05/1990","S65E","KJELDAHL NITROGEN, TOTAL","mg/L",0.9
"07/07/1990","S65E","KJELDAHL NITROGEN, TOTAL","mg/L",0.84
"07/09/1990","S65E","KJELDAHL NITROGEN, TOTAL","mg/L",1.07
"07/10/1990","S65E","KJELDAHL NITROGEN, TOTAL","mg/L",1.12
"07/12/1990","S65E","KJELDAHL NITROGEN, TOTAL","mg/L",1.015
"07/16/1990","S65E","KJELDAHL NITROGEN, TOTAL","mg/L",1.545
"07/17/1990","S65E","KJELDAHL NITROGEN, TOTAL","mg/L",1.59
"07/19/1990","S65E","KJELDAHL NITROGEN, TOTAL","mg/L",1.41
"07/21/1990","S65E","KJELDAHL NITROGEN, TOTAL","mg/L",2.1
"07/23/1990","S65E","KJELDAHL NITROGEN, TOTAL","mg/L",1.71
"07/25/1990","S65E","KJELDAHL NITROGEN, TOTAL","mg/L",1.34
"07/27/1990","S65E","KJELDAHL NITROGEN, TOTAL","mg/L",1.51
"07/29/1990","S65E","KJELDAHL NITROGEN, TOTAL","mg/L",1.09
"07/30/1990","S65E","KJELDAHL NITROGEN, TOTAL","mg/L",1.44
"08/06/1990","S65E","KJELDAHL NITROGEN, TOTAL","mg/L",1.41
"08/07/1990","S65E","KJELDAHL NITROGEN, TOTAL","mg/L",1.35
"08/09/1990","S65E","KJELDAHL NITROGEN, TOTAL","mg/L",1.39
"08/11/1990","S65E","KJELDAHL NITROGEN, TOTAL","mg/L",1.48
"08/13/1990","S65E","KJELDAHL NITROGEN, TOTAL","mg/L",1.46
"08/15/1990","S65E","KJELDAHL NITROGEN, TOTAL","mg/L",2.06
"08/17/1990","S65E","KJELDAHL NITROGEN, TOTAL","mg/L",1.4
"08/19/1990","S65E","KJELDAHL NITROGEN, TOTAL","mg/L",1.59
"08/20/1990","S65E","KJELDAHL NITROGEN, TOTAL","mg/L",1.64
"08/22/1990","S65E","KJELDAHL NITROGEN, TOTAL","mg/L",1.69
"08/24/1990","S65E","KJELDAHL NITROGEN, TOTAL","mg/L",2.44
"08/26/1990","S65E","KJELDAHL NITROGEN, TOTAL","mg/L",3.02
"08/27/1990","S65E","KJELDAHL NITROGEN, TOTAL","mg/L",1.435
"08/29/1990","S65E","KJELDAHL NITROGEN, TOTAL","mg/L",3.51
"08/31/1990","S65E","KJELDAHL NITROGEN, TOTAL","mg/L",2.24
"09/02/1990","S65E","KJELDAHL NITROGEN, TOTAL","mg/L",1.91
"09/04/1990","S65E","KJELDAHL NITROGEN, TOTAL","mg/L",1.52
"09/10/1990","S65E","KJELDAHL NITROGEN, TOTAL","mg/L",1.46
"09/12/1990","S65E","KJELDAHL NITROGEN, TOTAL","mg/L",1.74
"09/14/1990","S65E","KJELDAHL NITROGEN, TOTAL","mg/L",1.72
"09/16/1990","S65E","KJELDAHL NITROGEN, TOTAL","mg/L",1.62
"09/17/1990","S65E","KJELDAHL NITROGEN, TOTAL","mg/L",1.57
"09/19/1990","S65E","KJELDAHL NITROGEN, TOTAL","mg/L",2.16
"09/21/1990","S65E","KJELDAHL NITROGEN, TOTAL","mg/L",1.97
"09/23/1990","S65E","KJELDAHL NITROGEN, TOTAL","mg/L",2.11
"09/24/1990","S65E","KJELDAHL NITROGEN, TOTAL","mg/L",1.245
"09/26/1990","S65E","KJELDAHL NITROGEN, TOTAL","mg/L",1.45
"09/28/1990","S65E","KJELDAHL NITROGEN, TOTAL","mg/L",1.05
"09/30/1990","S65E","KJELDAHL NITROGEN, TOTAL","mg/L",1.36
"10/01/1990","S65E","KJELDAHL NITROGEN, TOTAL","mg/L",0.73
"10/08/1990","S65E","KJELDAHL NITROGEN, TOTAL","mg/L",1.34
"10/09/1990","S65E","KJELDAHL NITROGEN, TOTAL","mg/L",1.14
"10/11/1990","S65E","KJELDAHL NITROGEN, TOTAL","mg/L",2.3
"10/13/1990","S65E","KJELDAHL NITROGEN, TOTAL","mg/L",1.18
"10/15/1990","S65E","KJELDAHL NITROGEN, TOTAL","mg/L",1.03
"10/16/1990","S65E","KJELDAHL NITROGEN, TOTAL","mg/L",1.22
"10/18/1990","S65E","KJELDAHL NITROGEN, TOTAL","mg/L",1.14
"10/20/1990","S65E","KJELDAHL NITROGEN, TOTAL","mg/L",1.6
"10/22/1990","S65E","KJELDAHL NITROGEN, TOTAL","mg/L",1.24
"10/31/1990","S65E","KJELDAHL NITROGEN, TOTAL","mg/L",1.335
"11/02/1990","S65E","KJELDAHL NITROGEN, TOTAL","mg/L",0.9
"11/04/1990","S65E","KJELDAHL NITROGEN, TOTAL","mg/L",1.09
"11/05/1990","S65E","KJELDAHL NITROGEN, TOTAL","mg/L",1.34
"11/06/1990","S65E","KJELDAHL NITROGEN, TOTAL","mg/L",1.195
"11/07/1990","S65E","KJELDAHL NITROGEN, TOTAL","mg/L",1.13
"11/09/1990","S65E","KJELDAHL NITROGEN, TOTAL","mg/L",1.18
"11/11/1990","S65E","KJELDAHL NITROGEN, TOTAL","mg/L",1.14
"11/13/1990","S65E","KJELDAHL NITROGEN, TOTAL","mg/L",1.07
"11/14/1990","S65E","KJELDAHL NITROGEN, TOTAL","mg/L",0.91
"11/16/1990","S65E","KJELDAHL NITROGEN, TOTAL","mg/L",0.95
"11/18/1990","S65E","KJELDAHL NITROGEN, TOTAL","mg/L",1.07
"11/19/1990","S65E","KJELDAHL NITROGEN, TOTAL","mg/L",0.95
"11/20/1990","S65E","KJELDAHL NITROGEN, TOTAL","mg/L",1.055
"11/21/1990","S65E","KJELDAHL NITROGEN, TOTAL","mg/L",1.34
"11/26/1990","S65E","KJELDAHL NITROGEN, TOTAL","mg/L",0.78
"11/27/1990","S65E","KJELDAHL NITROGEN, TOTAL","mg/L",1.23
"11/28/1990","S65E","KJELDAHL NITROGEN, TOTAL","mg/L",1.17
"11/29/1990","S65E","KJELDAHL NITROGEN, TOTAL","mg/L",0.88
"12/03/1990","S65E","KJELDAHL NITROGEN, TOTAL","mg/L",1.105
"12/10/1990","S65E","KJELDAHL NITROGEN, TOTAL","mg/L",0.86
"12/17/1990","S65E","KJELDAHL NITROGEN, TOTAL","mg/L",0.93
"12/18/1990","S65E","KJELDAHL NITROGEN, TOTAL","mg/L",1.13
"12/26/1990","S65E","KJELDAHL NITROGEN, TOTAL","mg/L",0.905
"12/27/1990","S65E","KJELDAHL NITROGEN, TOTAL","mg/L",0.86
"12/29/1990","S65E","KJELDAHL NITROGEN, TOTAL","mg/L",0.67
"12/31/1990","S65E","KJELDAHL NITROGEN, TOTAL","mg/L",0.686666666666667
"01/02/1991","S65E","KJELDAHL NITROGEN, TOTAL","mg/L",1.31
"01/04/1991","S65E","KJELDAHL NITROGEN, TOTAL","mg/L",0.93
"01/06/1991","S65E","KJELDAHL NITROGEN, TOTAL","mg/L",0.93
"01/07/1991","S65E","KJELDAHL NITROGEN, TOTAL","mg/L",0.83
"01/14/1991","S65E","KJELDAHL NITROGEN, TOTAL","mg/L",0.92
"01/17/1991","S65E","KJELDAHL NITROGEN, TOTAL","mg/L",0.89
"01/22/1991","S65E","KJELDAHL NITROGEN, TOTAL","mg/L",0.96
"01/23/1991","S65E","KJELDAHL NITROGEN, TOTAL","mg/L",0.9
"01/24/1991","S65E","KJELDAHL NITROGEN, TOTAL","mg/L",0.83
"01/25/1991","S65E","KJELDAHL NITROGEN, TOTAL","mg/L",0.66
"01/28/1991","S65E","KJELDAHL NITROGEN, TOTAL","mg/L",0.875
"02/04/1991","S65E","KJELDAHL NITROGEN, TOTAL","mg/L",0.79
"02/11/1991","S65E","KJELDAHL NITROGEN, TOTAL","mg/L",0.655
"02/14/1991","S65E","KJELDAHL NITROGEN, TOTAL","mg/L",0.56
"02/15/1991","S65E","KJELDAHL NITROGEN, TOTAL","mg/L",-0.5
"02/16/1991","S65E","KJELDAHL NITROGEN, TOTAL","mg/L",0.83
"02/17/1991","S65E","KJELDAHL NITROGEN, TOTAL","mg/L",1
"02/18/1991","S65E","KJELDAHL NITROGEN, TOTAL","mg/L",0.87
"02/19/1991","S65E","KJELDAHL NITROGEN, TOTAL","mg/L",1.055
"02/20/1991","S65E","KJELDAHL NITROGEN, TOTAL","mg/L",1.05
"02/22/1991","S65E","KJELDAHL NITROGEN, TOTAL","mg/L",1.07
"02/24/1991","S65E","KJELDAHL NITROGEN, TOTAL","mg/L",1.1
"02/25/1991","S65E","KJELDAHL NITROGEN, TOTAL","mg/L",0.93962962962963
"02/26/1991","S65E","KJELDAHL NITROGEN, TOTAL","mg/L",-0.5
"02/27/1991","S65E","KJELDAHL NITROGEN, TOTAL","mg/L",0.96
"03/01/1991","S65E","KJELDAHL NITROGEN, TOTAL","mg/L",0.92
"03/03/1991","S65E","KJELDAHL NITROGEN, TOTAL","mg/L",0.94
"03/04/1991","S65E","KJELDAHL NITROGEN, TOTAL","mg/L",0.75
"03/11/1991","S65E","KJELDAHL NITROGEN, TOTAL","mg/L",1.50333333333333
"03/18/1991","S65E","KJELDAHL NITROGEN, TOTAL","mg/L",1.06
"03/20/1991","S65E","KJELDAHL NITROGEN, TOTAL","mg/L",0.92
"03/22/1991","S65E","KJELDAHL NITROGEN, TOTAL","mg/L",0.88
"03/24/1991","S65E","KJELDAHL NITROGEN, TOTAL","mg/L",0.92
"03/25/1991","S65E","KJELDAHL NITROGEN, TOTAL","mg/L",0.955
"03/27/1991","S65E","KJELDAHL NITROGEN, TOTAL","mg/L",0.91
"03/29/1991","S65E","KJELDAHL NITROGEN, TOTAL","mg/L",1.13
"03/31/1991","S65E","KJELDAHL NITROGEN, TOTAL","mg/L",1.14
"04/01/1991","S65E","KJELDAHL NITROGEN, TOTAL","mg/L",0.85
"04/08/1991","S65E","KJELDAHL NITROGEN, TOTAL","mg/L",1.13333333333333
"04/09/1991","S65E","KJELDAHL NITROGEN, TOTAL","mg/L",0.83
"04/11/1991","S65E","KJELDAHL NITROGEN, TOTAL","mg/L",0.82
"04/13/1991","S65E","KJELDAHL NITROGEN, TOTAL","mg/L",0.83
"04/15/1991","S65E","KJELDAHL NITROGEN, TOTAL","mg/L",1.08
"04/17/1991","S65E","KJELDAHL NITROGEN, TOTAL","mg/L",1.19
"04/19/1991","S65E","KJELDAHL NITROGEN, TOTAL","mg/L",1.43
"04/21/1991","S65E","KJELDAHL NITROGEN, TOTAL","mg/L",1.18
"04/22/1991","S65E","KJELDAHL NITROGEN, TOTAL","mg/L",1.2
"04/24/1991","S65E","KJELDAHL NITROGEN, TOTAL","mg/L",1.36
"04/26/1991","S65E","KJELDAHL NITROGEN, TOTAL","mg/L",1.3
"04/28/1991","S65E","KJELDAHL NITROGEN, TOTAL","mg/L",1.36
"04/29/1991","S65E","KJELDAHL NITROGEN, TOTAL","mg/L",1.21
"05/06/1991","S65E","KJELDAHL NITROGEN, TOTAL","mg/L",1.2875
"05/08/1991","S65E","KJELDAHL NITROGEN, TOTAL","mg/L",1.33
"05/10/1991","S65E","KJELDAHL NITROGEN, TOTAL","mg/L",1.45
"05/13/1991","S65E","KJELDAHL NITROGEN, TOTAL","mg/L",1.23
"05/15/1991","S65E","KJELDAHL NITROGEN, TOTAL","mg/L",1.56
"05/17/1991","S65E","KJELDAHL NITROGEN, TOTAL","mg/L",1.22
"05/19/1991","S65E","KJELDAHL NITROGEN, TOTAL","mg/L",1.17
"05/20/1991","S65E","KJELDAHL NITROGEN, TOTAL","mg/L",1.1
"05/28/1991","S65E","KJELDAHL NITROGEN, TOTAL","mg/L",1.315
"05/29/1991","S65E","KJELDAHL NITROGEN, TOTAL","mg/L",1.42
"05/30/1991","S65E","KJELDAHL NITROGEN, TOTAL","mg/L",1.33
"05/31/1991","S65E","KJELDAHL NITROGEN, TOTAL","mg/L",1.5
"06/01/1991","S65E","KJELDAHL NITROGEN, TOTAL","mg/L",1.57
"06/02/1991","S65E","KJELDAHL NITROGEN, TOTAL","mg/L",1.42
"06/03/1991","S65E","KJELDAHL NITROGEN, TOTAL","mg/L",1.3
"06/05/1991","S65E","KJELDAHL NITROGEN, TOTAL","mg/L",1.66
"06/07/1991","S65E","KJELDAHL NITROGEN, TOTAL","mg/L",2.13
"06/09/1991","S65E","KJELDAHL NITROGEN, TOTAL","mg/L",0.79
"06/10/1991","S65E","KJELDAHL NITROGEN, TOTAL","mg/L",1.56
"06/17/1991","S65E","KJELDAHL NITROGEN, TOTAL","mg/L",1.23
"06/18/1991","S65E","KJELDAHL NITROGEN, TOTAL","mg/L",0.83
"06/24/1991","S65E","KJELDAHL NITROGEN, TOTAL","mg/L",-0.5
"06/26/1991","S65E","KJELDAHL NITROGEN, TOTAL","mg/L",1.39
"06/28/1991","S65E","KJELDAHL NITROGEN, TOTAL","mg/L",1.97
"06/30/1991","S65E","KJELDAHL NITROGEN, TOTAL","mg/L",1.01
"07/01/1991","S65E","KJELDAHL NITROGEN, TOTAL","mg/L",1.345
"07/08/1991","S65E","KJELDAHL NITROGEN, TOTAL","mg/L",1.07
"07/10/1991","S65E","KJELDAHL NITROGEN, TOTAL","mg/L",1.76
"07/12/1991","S65E","KJELDAHL NITROGEN, TOTAL","mg/L",2.1
"07/14/1991","S65E","KJELDAHL NITROGEN, TOTAL","mg/L",2.23
"07/15/1991","S65E","KJELDAHL NITROGEN, TOTAL","mg/L",1.255
"07/22/1991","S65E","KJELDAHL NITROGEN, TOTAL","mg/L",1.26
"07/24/1991","S65E","KJELDAHL NITROGEN, TOTAL","mg/L",1.76
"07/26/1991","S65E","KJELDAHL NITROGEN, TOTAL","mg/L",3.52
"07/28/1991","S65E","KJELDAHL NITROGEN, TOTAL","mg/L",3.45
"07/29/1991","S65E","KJELDAHL NITROGEN, TOTAL","mg/L",0.56
"07/31/1991","S65E","KJELDAHL NITROGEN, TOTAL","mg/L",1.29
"08/02/1991","S65E","KJELDAHL NITROGEN, TOTAL","mg/L",1.3
"08/04/1991","S65E","KJELDAHL NITROGEN, TOTAL","mg/L",0.64
"08/05/1991","S65E","KJELDAHL NITROGEN, TOTAL","mg/L",1.25
"08/07/1991","S65E","KJELDAHL NITROGEN, TOTAL","mg/L",1.25
"08/09/1991","S65E","KJELDAHL NITROGEN, TOTAL","mg/L",0.92
"08/11/1991","S65E","KJELDAHL NITROGEN, TOTAL","mg/L",1.2
"08/12/1991","S65E","KJELDAHL NITROGEN, TOTAL","mg/L",1.115
"08/16/1991","S65E","KJELDAHL NITROGEN, TOTAL","mg/L",1.64
"08/17/1991","S65E","KJELDAHL NITROGEN, TOTAL","mg/L",1.55
"08/18/1991","S65E","KJELDAHL NITROGEN, TOTAL","mg/L",1.42
"08/19/1991","S65E","KJELDAHL NITROGEN, TOTAL","mg/L",1.345
"08/20/1991","S65E","KJELDAHL NITROGEN, TOTAL","mg/L",1.37
"08/22/1991","S65E","KJELDAHL NITROGEN, TOTAL","mg/L",1.35
"08/24/1991","S65E","KJELDAHL NITROGEN, TOTAL","mg/L",1.28
"08/26/1991","S65E","KJELDAHL NITROGEN, TOTAL","mg/L",1.305
"08/28/1991","S65E","KJELDAHL NITROGEN, TOTAL","mg/L",1.375
"08/30/1991","S65E","KJELDAHL NITROGEN, TOTAL","mg/L",1.1
"09/01/1991","S65E","KJELDAHL NITROGEN, TOTAL","mg/L",1.38
"09/03/1991","S65E","KJELDAHL NITROGEN, TOTAL","mg/L",1.21
"09/09/1991","S65E","KJELDAHL NITROGEN, TOTAL","mg/L",1.2
"09/11/1991","S65E","KJELDAHL NITROGEN, TOTAL","mg/L",1.07
"09/13/1991","S65E","KJELDAHL NITROGEN, TOTAL","mg/L",1.09
"09/15/1991","S65E","KJELDAHL NITROGEN, TOTAL","mg/L",1.37
"09/17/1991","S65E","KJELDAHL NITROGEN, TOTAL","mg/L",1.42
"09/18/1991","S65E","KJELDAHL NITROGEN, TOTAL","mg/L",1.76
"09/20/1991","S65E","KJELDAHL NITROGEN, TOTAL","mg/L",1.45
"09/22/1991","S65E","KJELDAHL NITROGEN, TOTAL","mg/L",1.27
"09/23/1991","S65E","KJELDAHL NITROGEN, TOTAL","mg/L",1.895
"09/25/1991","S65E","KJELDAHL NITROGEN, TOTAL","mg/L",2.62
"09/27/1991","S65E","KJELDAHL NITROGEN, TOTAL","mg/L",2.41
"09/29/1991","S65E","KJELDAHL NITROGEN, TOTAL","mg/L",2.18
"09/30/1991","S65E","KJELDAHL NITROGEN, TOTAL","mg/L",1.47
"10/01/1991","S65E","KJELDAHL NITROGEN, TOTAL","mg/L",1.61
"10/03/1991","S65E","KJELDAHL NITROGEN, TOTAL","mg/L",1.26
"10/05/1991","S65E","KJELDAHL NITROGEN, TOTAL","mg/L",1.35
"10/07/1991","S65E","KJELDAHL NITROGEN, TOTAL","mg/L",1.45
"10/09/1991","S65E","KJELDAHL NITROGEN, TOTAL","mg/L",1.06
"10/11/1991","S65E","KJELDAHL NITROGEN, TOTAL","mg/L",1.15
"10/13/1991","S65E","KJELDAHL NITROGEN, TOTAL","mg/L",1.27
"10/14/1991","S65E","KJELDAHL NITROGEN, TOTAL","mg/L",1.03
"10/16/1991","S65E","KJELDAHL NITROGEN, TOTAL","mg/L",1.85
"10/18/1991","S65E","KJELDAHL NITROGEN, TOTAL","mg/L",1.7
"10/20/1991","S65E","KJELDAHL NITROGEN, TOTAL","mg/L",1.99
"10/21/1991","S65E","KJELDAHL NITROGEN, TOTAL","mg/L",1.125
"10/22/1991","S65E","KJELDAHL NITROGEN, TOTAL","mg/L",1.43
"10/24/1991","S65E","KJELDAHL NITROGEN, TOTAL","mg/L",1.21
"10/26/1991","S65E","KJELDAHL NITROGEN, TOTAL","mg/L",1.41
"10/28/1991","S65E","KJELDAHL NITROGEN, TOTAL","mg/L",1.04
"10/29/1991","S65E","KJELDAHL NITROGEN, TOTAL","mg/L",1.03
"11/01/1991","S65E","KJELDAHL NITROGEN, TOTAL","mg/L",0.9
"11/03/1991","S65E","KJELDAHL NITROGEN, TOTAL","mg/L",0.86
"11/04/1991","S65E","KJELDAHL NITROGEN, TOTAL","mg/L",0.855
"11/06/1991","S65E","KJELDAHL NITROGEN, TOTAL","mg/L",0.79
"11/08/1991","S65E","KJELDAHL NITROGEN, TOTAL","mg/L",0.79
"11/10/1991","S65E","KJELDAHL NITROGEN, TOTAL","mg/L",1.08
"11/18/1991","S65E","KJELDAHL NITROGEN, TOTAL","mg/L",0.77
"11/20/1991","S65E","KJELDAHL NITROGEN, TOTAL","mg/L",0.745
"11/22/1991","S65E","KJELDAHL NITROGEN, TOTAL","mg/L",0.93
"11/24/1991","S65E","KJELDAHL NITROGEN, TOTAL","mg/L",0.93
"11/25/1991","S65E","KJELDAHL NITROGEN, TOTAL","mg/L",0.76
"12/02/1991","S65E","KJELDAHL NITROGEN, TOTAL","mg/L",0.72
"12/04/1991","S65E","KJELDAHL NITROGEN, TOTAL","mg/L",0.96
"12/06/1991","S65E","KJELDAHL NITROGEN, TOTAL","mg/L",0.88
"12/08/1991","S65E","KJELDAHL NITROGEN, TOTAL","mg/L",0.94
"12/09/1991","S65E","KJELDAHL NITROGEN, TOTAL","mg/L",0.73
"12/11/1991","S65E","KJELDAHL NITROGEN, TOTAL","mg/L",0.75
"12/13/1991","S65E","KJELDAHL NITROGEN, TOTAL","mg/L",0.73
"12/15/1991","S65E","KJELDAHL NITROGEN, TOTAL","mg/L",0.71
"12/16/1991","S65E","KJELDAHL NITROGEN, TOTAL","mg/L",0.675
"12/18/1991","S65E","KJELDAHL NITROGEN, TOTAL","mg/L",0.64
"12/20/1991","S65E","KJELDAHL NITROGEN, TOTAL","mg/L",0.65
"12/22/1991","S65E","KJELDAHL NITROGEN, TOTAL","mg/L",0.62
"12/23/1991","S65E","KJELDAHL NITROGEN, TOTAL","mg/L",0.66
"12/25/1991","S65E","KJELDAHL NITROGEN, TOTAL","mg/L",0.6
"12/27/1991","S65E","KJELDAHL NITROGEN, TOTAL","mg/L",0.71
"12/29/1991","S65E","KJELDAHL NITROGEN, TOTAL","mg/L",0.68
"12/30/1991","S65E","KJELDAHL NITROGEN, TOTAL","mg/L",0.835
"01/01/1992","S65E","KJELDAHL NITROGEN, TOTAL","mg/L",0.88
"01/03/1992","S65E","KJELDAHL NITROGEN, TOTAL","mg/L",1.48
"01/05/1992","S65E","KJELDAHL NITROGEN, TOTAL","mg/L",1.03
"01/06/1992","S65E","KJELDAHL NITROGEN, TOTAL","mg/L",1.21
"01/08/1992","S65E","KJELDAHL NITROGEN, TOTAL","mg/L",0.89
"01/10/1992","S65E","KJELDAHL NITROGEN, TOTAL","mg/L",0.83
"01/12/1992","S65E","KJELDAHL NITROGEN, TOTAL","mg/L",0.84
"01/13/1992","S65E","KJELDAHL NITROGEN, TOTAL","mg/L",0.885
"01/21/1992","S65E","KJELDAHL NITROGEN, TOTAL","mg/L",0.89
"01/23/1992","S65E","KJELDAHL NITROGEN, TOTAL","mg/L",0.88
"01/25/1992","S65E","KJELDAHL NITROGEN, TOTAL","mg/L",0.78
"01/27/1992","S65E","KJELDAHL NITROGEN, TOTAL","mg/L",0.826666666666667
"01/29/1992","S65E","KJELDAHL NITROGEN, TOTAL","mg/L",0.75
"01/31/1992","S65E","KJELDAHL NITROGEN, TOTAL","mg/L",0.77
"02/02/1992","S65E","KJELDAHL NITROGEN, TOTAL","mg/L",0.78
"02/03/1992","S65E","KJELDAHL NITROGEN, TOTAL","mg/L",0.8
"02/05/1992","S65E","KJELDAHL NITROGEN, TOTAL","mg/L",0.89
"02/07/1992","S65E","KJELDAHL NITROGEN, TOTAL","mg/L",0.85
"02/09/1992","S65E","KJELDAHL NITROGEN, TOTAL","mg/L",0.83
"02/10/1992","S65E","KJELDAHL NITROGEN, TOTAL","mg/L",0.61
"02/11/1992","S65E","KJELDAHL NITROGEN, TOTAL","mg/L",0.67
"02/12/1992","S65E","KJELDAHL NITROGEN, TOTAL","mg/L",0.81
"02/14/1992","S65E","KJELDAHL NITROGEN, TOTAL","mg/L",0.86
"02/16/1992","S65E","KJELDAHL NITROGEN, TOTAL","mg/L",0.86
"02/19/1992","S65E","KJELDAHL NITROGEN, TOTAL","mg/L",0.97
"02/20/1992","S65E","KJELDAHL NITROGEN, TOTAL","mg/L",0.92
"02/22/1992","S65E","KJELDAHL NITROGEN, TOTAL","mg/L",1.07
"02/24/1992","S65E","KJELDAHL NITROGEN, TOTAL","mg/L",0.935
"02/26/1992","S65E","KJELDAHL NITROGEN, TOTAL","mg/L",1.06
"02/27/1992","S65E","KJELDAHL NITROGEN, TOTAL","mg/L",0.73
"02/28/1992","S65E","KJELDAHL NITROGEN, TOTAL","mg/L",1.01
"03/01/1992","S65E","KJELDAHL NITROGEN, TOTAL","mg/L",1
"03/02/1992","S65E","KJELDAHL NITROGEN, TOTAL","mg/L",0.66
"03/03/1992","S65E","KJELDAHL NITROGEN, TOTAL","mg/L",1.81
"03/06/1992","S65E","KJELDAHL NITROGEN, TOTAL","mg/L",1.14
"03/07/1992","S65E","KJELDAHL NITROGEN, TOTAL","mg/L",1.13
"03/09/1992","S65E","KJELDAHL NITROGEN, TOTAL","mg/L",1.19
"03/11/1992","S65E","KJELDAHL NITROGEN, TOTAL","mg/L",1.085
"03/13/1992","S65E","KJELDAHL NITROGEN, TOTAL","mg/L",0.99
"03/15/1992","S65E","KJELDAHL NITROGEN, TOTAL","mg/L",1.04
"03/16/1992","S65E","KJELDAHL NITROGEN, TOTAL","mg/L",0.94
"03/18/1992","S65E","KJELDAHL NITROGEN, TOTAL","mg/L",0.56
"03/20/1992","S65E","KJELDAHL NITROGEN, TOTAL","mg/L",0.57
"03/22/1992","S65E","KJELDAHL NITROGEN, TOTAL","mg/L",0.55
"03/23/1992","S65E","KJELDAHL NITROGEN, TOTAL","mg/L",1.02
"03/25/1992","S65E","KJELDAHL NITROGEN, TOTAL","mg/L",0.97
"03/26/1992","S65E","KJELDAHL NITROGEN, TOTAL","mg/L",0.86
"03/27/1992","S65E","KJELDAHL NITROGEN, TOTAL","mg/L",0.99
"03/29/1992","S65E","KJELDAHL NITROGEN, TOTAL","mg/L",1.08
"03/30/1992","S65E","KJELDAHL NITROGEN, TOTAL","mg/L",0.97
"04/01/1992","S65E","KJELDAHL NITROGEN, TOTAL","mg/L",0.91
"04/03/1992","S65E","KJELDAHL NITROGEN, TOTAL","mg/L",1.17
"04/05/1992","S65E","KJELDAHL NITROGEN, TOTAL","mg/L",1.11
"04/06/1992","S65E","KJELDAHL NITROGEN, TOTAL","mg/L",0.73
"04/07/1992","S65E","KJELDAHL NITROGEN, TOTAL","mg/L",0.74
"04/08/1992","S65E","KJELDAHL NITROGEN, TOTAL","mg/L",1.21
"04/10/1992","S65E","KJELDAHL NITROGEN, TOTAL","mg/L",1.09
"04/12/1992","S65E","KJELDAHL NITROGEN, TOTAL","mg/L",1.11
"04/13/1992","S65E","KJELDAHL NITROGEN, TOTAL","mg/L",0.69
"04/15/1992","S65E","KJELDAHL NITROGEN, TOTAL","mg/L",1.02
"04/17/1992","S65E","KJELDAHL NITROGEN, TOTAL","mg/L",0.92
"04/19/1992","S65E","KJELDAHL NITROGEN, TOTAL","mg/L",0.96
"04/20/1992","S65E","KJELDAHL NITROGEN, TOTAL","mg/L",0.9
"04/21/1992","S65E","KJELDAHL NITROGEN, TOTAL","mg/L",0.96
"04/22/1992","S65E","KJELDAHL NITROGEN, TOTAL","mg/L",1.01
"04/24/1992","S65E","KJELDAHL NITROGEN, TOTAL","mg/L",0.93
"04/26/1992","S65E","KJELDAHL NITROGEN, TOTAL","mg/L",0.96
"04/27/1992","S65E","KJELDAHL NITROGEN, TOTAL","mg/L",0.77
"04/29/1992","S65E","KJELDAHL NITROGEN, TOTAL","mg/L",1.2
"05/01/1992","S65E","KJELDAHL NITROGEN, TOTAL","mg/L",1.16
"05/03/1992","S65E","KJELDAHL NITROGEN, TOTAL","mg/L",1.18
"05/04/1992","S65E","KJELDAHL NITROGEN, TOTAL","mg/L",0.88
"05/05/1992","S65E","KJELDAHL NITROGEN, TOTAL","mg/L",0.85
"05/06/1992","S65E","KJELDAHL NITROGEN, TOTAL","mg/L",0.87
"05/08/1992","S65E","KJELDAHL NITROGEN, TOTAL","mg/L",0.86
"05/10/1992","S65E","KJELDAHL NITROGEN, TOTAL","mg/L",1.05
"05/11/1992","S65E","KJELDAHL NITROGEN, TOTAL","mg/L",0.86
"05/18/1992","S65E","KJELDAHL NITROGEN, TOTAL","mg/L",0.875
"05/19/1992","S65E","KJELDAHL NITROGEN, TOTAL","mg/L",0.88
"05/20/1992","S65E","KJELDAHL NITROGEN, TOTAL","mg/L",0.81
"05/22/1992","S65E","KJELDAHL NITROGEN, TOTAL","mg/L",1.02
"05/24/1992","S65E","KJELDAHL NITROGEN, TOTAL","mg/L",1.01
"05/26/1992","S65E","KJELDAHL NITROGEN, TOTAL","mg/L",0.84
"05/28/1992","S65E","KJELDAHL NITROGEN, TOTAL","mg/L",1.16
"05/30/1992","S65E","KJELDAHL NITROGEN, TOTAL","mg/L",0.86
"06/01/1992","S65E","KJELDAHL NITROGEN, TOTAL","mg/L",1.025
"06/02/1992","S65E","KJELDAHL NITROGEN, TOTAL","mg/L",0.67
"06/03/1992","S65E","KJELDAHL NITROGEN, TOTAL","mg/L",1.23
"06/05/1992","S65E","KJELDAHL NITROGEN, TOTAL","mg/L",1.11
"06/07/1992","S65E","KJELDAHL NITROGEN, TOTAL","mg/L",1.05
"06/08/1992","S65E","KJELDAHL NITROGEN, TOTAL","mg/L",0.99
"06/10/1992","S65E","KJELDAHL NITROGEN, TOTAL","mg/L",1.1
"06/12/1992","S65E","KJELDAHL NITROGEN, TOTAL","mg/L",1.17
"06/14/1992","S65E","KJELDAHL NITROGEN, TOTAL","mg/L",1.03
"06/15/1992","S65E","KJELDAHL NITROGEN, TOTAL","mg/L",0.93
"06/16/1992","S65E","KJELDAHL NITROGEN, TOTAL","mg/L",1.01
"06/17/1992","S65E","KJELDAHL NITROGEN, TOTAL","mg/L",1.41
"06/19/1992","S65E","KJELDAHL NITROGEN, TOTAL","mg/L",1.27
"06/21/1992","S65E","KJELDAHL NITROGEN, TOTAL","mg/L",1.07
"06/22/1992","S65E","KJELDAHL NITROGEN, TOTAL","mg/L",1.03
"06/24/1992","S65E","KJELDAHL NITROGEN, TOTAL","mg/L",1.05
"06/26/1992","S65E","KJELDAHL NITROGEN, TOTAL","mg/L",1
"06/28/1992","S65E","KJELDAHL NITROGEN, TOTAL","mg/L",1.08
"06/29/1992","S65E","KJELDAHL NITROGEN, TOTAL","mg/L",1.34
"06/30/1992","S65E","KJELDAHL NITROGEN, TOTAL","mg/L",1.51
"07/01/1992","S65E","KJELDAHL NITROGEN, TOTAL","mg/L",1.49
"07/02/1992","S65E","KJELDAHL NITROGEN, TOTAL","mg/L",1.42
"07/03/1992","S65E","KJELDAHL NITROGEN, TOTAL","mg/L",1.42
"07/04/1992","S65E","KJELDAHL NITROGEN, TOTAL","mg/L",1.51
"07/05/1992","S65E","KJELDAHL NITROGEN, TOTAL","mg/L",1.52
"07/06/1992","S65E","KJELDAHL NITROGEN, TOTAL","mg/L",1.66
"07/08/1992","S65E","KJELDAHL NITROGEN, TOTAL","mg/L",1.47
"07/10/1992","S65E","KJELDAHL NITROGEN, TOTAL","mg/L",1.75
"07/13/1992","S65E","KJELDAHL NITROGEN, TOTAL","mg/L",1.72
"07/14/1992","S65E","KJELDAHL NITROGEN, TOTAL","mg/L",1.71
"07/15/1992","S65E","KJELDAHL NITROGEN, TOTAL","mg/L",1.75
"07/17/1992","S65E","KJELDAHL NITROGEN, TOTAL","mg/L",1.63
"07/19/1992","S65E","KJELDAHL NITROGEN, TOTAL","mg/L",1.59
"07/21/1992","S65E","KJELDAHL NITROGEN, TOTAL","mg/L",1.27
"07/22/1992","S65E","KJELDAHL NITROGEN, TOTAL","mg/L",1.54
"07/24/1992","S65E","KJELDAHL NITROGEN, TOTAL","mg/L",1.84
"07/26/1992","S65E","KJELDAHL NITROGEN, TOTAL","mg/L",1.47
"07/27/1992","S65E","KJELDAHL NITROGEN, TOTAL","mg/L",1.64
"07/28/1992","S65E","KJELDAHL NITROGEN, TOTAL","mg/L",1.56
"07/29/1992","S65E","KJELDAHL NITROGEN, TOTAL","mg/L",1.31
"07/31/1992","S65E","KJELDAHL NITROGEN, TOTAL","mg/L",1.18
"08/02/1992","S65E","KJELDAHL NITROGEN, TOTAL","mg/L",1.28
"08/03/1992","S65E","KJELDAHL NITROGEN, TOTAL","mg/L",1.35
"08/11/1992","S65E","KJELDAHL NITROGEN, TOTAL","mg/L",1.40666666666667
"08/13/1992","S65E","KJELDAHL NITROGEN, TOTAL","mg/L",1.09
"08/15/1992","S65E","KJELDAHL NITROGEN, TOTAL","mg/L",1.06
"08/17/1992","S65E","KJELDAHL NITROGEN, TOTAL","mg/L",0.96
"08/19/1992","S65E","KJELDAHL NITROGEN, TOTAL","mg/L",1.2
"08/21/1992","S65E","KJELDAHL NITROGEN, TOTAL","mg/L",1.18
"08/23/1992","S65E","KJELDAHL NITROGEN, TOTAL","mg/L",1.11
"08/25/1992","S65E","KJELDAHL NITROGEN, TOTAL","mg/L",0.79
"08/26/1992","S65E","KJELDAHL NITROGEN, TOTAL","mg/L",0.77
"08/27/1992","S65E","KJELDAHL NITROGEN, TOTAL","mg/L",0.69
"08/29/1992","S65E","KJELDAHL NITROGEN, TOTAL","mg/L",1.11
"08/31/1992","S65E","KJELDAHL NITROGEN, TOTAL","mg/L",0.805
"09/02/1992","S65E","KJELDAHL NITROGEN, TOTAL","mg/L",1.17
"09/04/1992","S65E","KJELDAHL NITROGEN, TOTAL","mg/L",1.17
"09/06/1992","S65E","KJELDAHL NITROGEN, TOTAL","mg/L",0.88
"09/08/1992","S65E","KJELDAHL NITROGEN, TOTAL","mg/L",0.98
"09/10/1992","S65E","KJELDAHL NITROGEN, TOTAL","mg/L",1.36
"09/12/1992","S65E","KJELDAHL NITROGEN, TOTAL","mg/L",1.06
"09/14/1992","S65E","KJELDAHL NITROGEN, TOTAL","mg/L",0.98
"09/15/1992","S65E","KJELDAHL NITROGEN, TOTAL","mg/L",1.06
"09/17/1992","S65E","KJELDAHL NITROGEN, TOTAL","mg/L",1.22
"09/19/1992","S65E","KJELDAHL NITROGEN, TOTAL","mg/L",1.09
"09/21/1992","S65E","KJELDAHL NITROGEN, TOTAL","mg/L",0.89
"09/22/1992","S65E","KJELDAHL NITROGEN, TOTAL","mg/L",1.02
"09/23/1992","S65E","KJELDAHL NITROGEN, TOTAL","mg/L",1.34
"09/25/1992","S65E","KJELDAHL NITROGEN, TOTAL","mg/L",1.15
"09/27/1992","S65E","KJELDAHL NITROGEN, TOTAL","mg/L",1.42
"09/28/1992","S65E","KJELDAHL NITROGEN, TOTAL","mg/L",0.97
"10/06/1992","S65E","KJELDAHL NITROGEN, TOTAL","mg/L",2.29285714285714
"10/09/1992","S65E","KJELDAHL NITROGEN, TOTAL","mg/L",0.86
"10/11/1992","S65E","KJELDAHL NITROGEN, TOTAL","mg/L",0.87
"10/13/1992","S65E","KJELDAHL NITROGEN, TOTAL","mg/L",0.91
"10/15/1992","S65E","KJELDAHL NITROGEN, TOTAL","mg/L",0.97
"10/17/1992","S65E","KJELDAHL NITROGEN, TOTAL","mg/L",0.73
"10/19/1992","S65E","KJELDAHL NITROGEN, TOTAL","mg/L",0.58
"10/20/1992","S65E","KJELDAHL NITROGEN, TOTAL","mg/L",2.24
"10/22/1992","S65E","KJELDAHL NITROGEN, TOTAL","mg/L",1.3
"10/24/1992","S65E","KJELDAHL NITROGEN, TOTAL","mg/L",1.19
"10/26/1992","S65E","KJELDAHL NITROGEN, TOTAL","mg/L",1.53
"10/27/1992","S65E","KJELDAHL NITROGEN, TOTAL","mg/L",0.87
"10/29/1992","S65E","KJELDAHL NITROGEN, TOTAL","mg/L",1.03
"10/31/1992","S65E","KJELDAHL NITROGEN, TOTAL","mg/L",1.17
"11/02/1992","S65E","KJELDAHL NITROGEN, TOTAL","mg/L",0.89
"11/03/1992","S65E","KJELDAHL NITROGEN, TOTAL","mg/L",2.41285714285714
"11/04/1992","S65E","KJELDAHL NITROGEN, TOTAL","mg/L",1.1
"11/05/1992","S65E","KJELDAHL NITROGEN, TOTAL","mg/L",0.99
"11/06/1992","S65E","KJELDAHL NITROGEN, TOTAL","mg/L",0.89
"11/10/1992","S65E","KJELDAHL NITROGEN, TOTAL","mg/L",1.25
"11/13/1992","S65E","KJELDAHL NITROGEN, TOTAL","mg/L",1.4
"11/15/1992","S65E","KJELDAHL NITROGEN, TOTAL","mg/L",1.72
"11/17/1992","S65E","KJELDAHL NITROGEN, TOTAL","mg/L",1.305
"11/18/1992","S65E","KJELDAHL NITROGEN, TOTAL","mg/L",0.965
"11/19/1992","S65E","KJELDAHL NITROGEN, TOTAL","mg/L",0.82
"11/20/1992","S65E","KJELDAHL NITROGEN, TOTAL","mg/L",0.96
"11/21/1992","S65E","KJELDAHL NITROGEN, TOTAL","mg/L",0.86
"11/22/1992","S65E","KJELDAHL NITROGEN, TOTAL","mg/L",1.25
"11/23/1992","S65E","KJELDAHL NITROGEN, TOTAL","mg/L",0.785
"11/24/1992","S65E","KJELDAHL NITROGEN, TOTAL","mg/L",0.95
"11/25/1992","S65E","KJELDAHL NITROGEN, TOTAL","mg/L",1.09
"11/26/1992","S65E","KJELDAHL NITROGEN, TOTAL","mg/L",0.97
"11/27/1992","S65E","KJELDAHL NITROGEN, TOTAL","mg/L",0.92
"11/28/1992","S65E","KJELDAHL NITROGEN, TOTAL","mg/L",0.9
"11/29/1992","S65E","KJELDAHL NITROGEN, TOTAL","mg/L",0.95
"11/30/1992","S65E","KJELDAHL NITROGEN, TOTAL","mg/L",1.02
"12/01/1992","S65E","KJELDAHL NITROGEN, TOTAL","mg/L",0.81
"12/02/1992","S65E","KJELDAHL NITROGEN, TOTAL","mg/L",0.74
"12/03/1992","S65E","KJELDAHL NITROGEN, TOTAL","mg/L",2.305
"12/04/1992","S65E","KJELDAHL NITROGEN, TOTAL","mg/L",-0.5
"12/05/1992","S65E","KJELDAHL NITROGEN, TOTAL","mg/L",-0.5
"12/06/1992","S65E","KJELDAHL NITROGEN, TOTAL","mg/L",-0.5
"12/07/1992","S65E","KJELDAHL NITROGEN, TOTAL","mg/L",-0.5
"12/08/1992","S65E","KJELDAHL NITROGEN, TOTAL","mg/L",-0.5
"12/09/1992","S65E","KJELDAHL NITROGEN, TOTAL","mg/L",0.57
"12/10/1992","S65E","KJELDAHL NITROGEN, TOTAL","mg/L",-0.5
"12/11/1992","S65E","KJELDAHL NITROGEN, TOTAL","mg/L",0.71
"12/12/1992","S65E","KJELDAHL NITROGEN, TOTAL","mg/L",0.61
"12/13/1992","S65E","KJELDAHL NITROGEN, TOTAL","mg/L",-0.5
"12/14/1992","S65E","KJELDAHL NITROGEN, TOTAL","mg/L",-0.5
"12/15/1992","S65E","KJELDAHL NITROGEN, TOTAL","mg/L",0.413333333333333
"12/22/1992","S65E","KJELDAHL NITROGEN, TOTAL","mg/L",1.14
"12/23/1992","S65E","KJELDAHL NITROGEN, TOTAL","mg/L",1.09
"12/24/1992","S65E","KJELDAHL NITROGEN, TOTAL","mg/L",0.98
"12/25/1992","S65E","KJELDAHL NITROGEN, TOTAL","mg/L",0.72
"12/26/1992","S65E","KJELDAHL NITROGEN, TOTAL","mg/L",0.65
"12/27/1992","S65E","KJELDAHL NITROGEN, TOTAL","mg/L",0.52
"12/28/1992","S65E","KJELDAHL NITROGEN, TOTAL","mg/L",0.97
"12/29/1992","S65E","KJELDAHL NITROGEN, TOTAL","mg/L",1.11
"12/30/1992","S65E","KJELDAHL NITROGEN, TOTAL","mg/L",0.75
"12/31/1992","S65E","KJELDAHL NITROGEN, TOTAL","mg/L",-0.5
"01/01/1993","S65E","KJELDAHL NITROGEN, TOTAL","mg/L",-0.5
"01/02/1993","S65E","KJELDAHL NITROGEN, TOTAL","mg/L",0.52
"01/03/1993","S65E","KJELDAHL NITROGEN, TOTAL","mg/L",0.54
"01/04/1993","S65E","KJELDAHL NITROGEN, TOTAL","mg/L",0.59
"01/05/1993","S65E","KJELDAHL NITROGEN, TOTAL","mg/L",-0.5
"01/06/1993","S65E","KJELDAHL NITROGEN, TOTAL","mg/L",0.63
"01/08/1993","S65E","KJELDAHL NITROGEN, TOTAL","mg/L",0.51
"01/10/1993","S65E","KJELDAHL NITROGEN, TOTAL","mg/L",-0.5
"01/11/1993","S65E","KJELDAHL NITROGEN, TOTAL","mg/L",0.075
"01/12/1993","S65E","KJELDAHL NITROGEN, TOTAL","mg/L",-0.5
"01/13/1993","S65E","KJELDAHL NITROGEN, TOTAL","mg/L",-0.5
"01/14/1993","S65E","KJELDAHL NITROGEN, TOTAL","mg/L",0.61
"01/15/1993","S65E","KJELDAHL NITROGEN, TOTAL","mg/L",-0.5
"01/16/1993","S65E","KJELDAHL NITROGEN, TOTAL","mg/L",-0.5
"01/17/1993","S65E","KJELDAHL NITROGEN, TOTAL","mg/L",-0.5
"01/18/1993","S65E","KJELDAHL NITROGEN, TOTAL","mg/L",0.76
"01/19/1993","S65E","KJELDAHL NITROGEN, TOTAL","mg/L",0.57
"01/20/1993","S65E","KJELDAHL NITROGEN, TOTAL","mg/L",-0.5
"01/21/1993","S65E","KJELDAHL NITROGEN, TOTAL","mg/L",-0.5
"01/22/1993","S65E","KJELDAHL NITROGEN, TOTAL","mg/L",0.53
"01/23/1993","S65E","KJELDAHL NITROGEN, TOTAL","mg/L",-0.5
"01/24/1993","S65E","KJELDAHL NITROGEN, TOTAL","mg/L",-0.5
"01/25/1993","S65E","KJELDAHL NITROGEN, TOTAL","mg/L",0.51
"01/27/1993","S65E","KJELDAHL NITROGEN, TOTAL","mg/L",0.19
"01/28/1993","S65E","KJELDAHL NITROGEN, TOTAL","mg/L",0.71
"01/29/1993","S65E","KJELDAHL NITROGEN, TOTAL","mg/L",-0.5
"01/30/1993","S65E","KJELDAHL NITROGEN, TOTAL","mg/L",-0.5
"01/31/1993","S65E","KJELDAHL NITROGEN, TOTAL","mg/L",0.69
"02/01/1993","S65E","KJELDAHL NITROGEN, TOTAL","mg/L",0.66
"02/02/1993","S65E","KJELDAHL NITROGEN, TOTAL","mg/L",-0.5
"02/03/1993","S65E","KJELDAHL NITROGEN, TOTAL","mg/L",0.01
"02/08/1993","S65E","KJELDAHL NITROGEN, TOTAL","mg/L",0.94
"02/10/1993","S65E","KJELDAHL NITROGEN, TOTAL","mg/L",0.86
"02/18/1993","S65E","KJELDAHL NITROGEN, TOTAL","mg/L",1.97416666666667
"02/19/1993","S65E","KJELDAHL NITROGEN, TOTAL","mg/L",0.75
"02/20/1993","S65E","KJELDAHL NITROGEN, TOTAL","mg/L",0.68
"02/21/1993","S65E","KJELDAHL NITROGEN, TOTAL","mg/L",0.92
"02/22/1993","S65E","KJELDAHL NITROGEN, TOTAL","mg/L",0.79
"02/23/1993","S65E","KJELDAHL NITROGEN, TOTAL","mg/L",0.89
"02/24/1993","S65E","KJELDAHL NITROGEN, TOTAL","mg/L",0.85
"03/03/1993","S65E","KJELDAHL NITROGEN, TOTAL","mg/L",1.82571428571429
"03/04/1993","S65E","KJELDAHL NITROGEN, TOTAL","mg/L",0.52
"03/05/1993","S65E","KJELDAHL NITROGEN, TOTAL","mg/L",0.61
"03/06/1993","S65E","KJELDAHL NITROGEN, TOTAL","mg/L",0.77
"03/07/1993","S65E","KJELDAHL NITROGEN, TOTAL","mg/L",1
"03/08/1993","S65E","KJELDAHL NITROGEN, TOTAL","mg/L",1.31428571428571
"03/09/1993","S65E","KJELDAHL NITROGEN, TOTAL","mg/L",0.58
"03/10/1993","S65E","KJELDAHL NITROGEN, TOTAL","mg/L",1.29
"03/17/1993","S65E","KJELDAHL NITROGEN, TOTAL","mg/L",0.75
"03/23/1993","S65E","KJELDAHL NITROGEN, TOTAL","mg/L",0.63
"03/25/1993","S65E","KJELDAHL NITROGEN, TOTAL","mg/L",2.38857142857143
"03/26/1993","S65E","KJELDAHL NITROGEN, TOTAL","mg/L",1.67
"03/27/1993","S65E","KJELDAHL NITROGEN, TOTAL","mg/L",2.61
"03/28/1993","S65E","KJELDAHL NITROGEN, TOTAL","mg/L",2.04
"03/29/1993","S65E","KJELDAHL NITROGEN, TOTAL","mg/L",1.65
"03/30/1993","S65E","KJELDAHL NITROGEN, TOTAL","mg/L",1.62
"04/06/1993","S65E","KJELDAHL NITROGEN, TOTAL","mg/L",2.48833333333333
"04/07/1993","S65E","KJELDAHL NITROGEN, TOTAL","mg/L",0.7
"04/08/1993","S65E","KJELDAHL NITROGEN, TOTAL","mg/L",0.73
"04/09/1993","S65E","KJELDAHL NITROGEN, TOTAL","mg/L",0.83
"04/10/1993","S65E","KJELDAHL NITROGEN, TOTAL","mg/L",0.76
"04/11/1993","S65E","KJELDAHL NITROGEN, TOTAL","mg/L",0.84
"04/12/1993","S65E","KJELDAHL NITROGEN, TOTAL","mg/L",0.78
"04/14/1993","S65E","KJELDAHL NITROGEN, TOTAL","mg/L",0.85
"04/15/1993","S65E","KJELDAHL NITROGEN, TOTAL","mg/L",0.87
"04/16/1993","S65E","KJELDAHL NITROGEN, TOTAL","mg/L",0.76
"04/17/1993","S65E","KJELDAHL NITROGEN, TOTAL","mg/L",0.97
"04/18/1993","S65E","KJELDAHL NITROGEN, TOTAL","mg/L",0.79
"04/19/1993","S65E","KJELDAHL NITROGEN, TOTAL","mg/L",0.64
"04/20/1993","S65E","KJELDAHL NITROGEN, TOTAL","mg/L",0.87
"04/21/1993","S65E","KJELDAHL NITROGEN, TOTAL","mg/L",0.92
"04/22/1993","S65E","KJELDAHL NITROGEN, TOTAL","mg/L",1.03
"04/23/1993","S65E","KJELDAHL NITROGEN, TOTAL","mg/L",1.22
"04/24/1993","S65E","KJELDAHL NITROGEN, TOTAL","mg/L",0.96
"04/25/1993","S65E","KJELDAHL NITROGEN, TOTAL","mg/L",0.91
"04/26/1993","S65E","KJELDAHL NITROGEN, TOTAL","mg/L",0.99
"05/04/1993","S65E","KJELDAHL NITROGEN, TOTAL","mg/L",2.12142857142857
"05/05/1993","S65E","KJELDAHL NITROGEN, TOTAL","mg/L",0.8
"05/06/1993","S65E","KJELDAHL NITROGEN, TOTAL","mg/L",0.78
"05/07/1993","S65E","KJELDAHL NITROGEN, TOTAL","mg/L",0.8
"05/08/1993","S65E","KJELDAHL NITROGEN, TOTAL","mg/L",0.89
"05/09/1993","S65E","KJELDAHL NITROGEN, TOTAL","mg/L",0.56
"05/10/1993","S65E","KJELDAHL NITROGEN, TOTAL","mg/L",0.74
"05/18/1993","S65E","KJELDAHL NITROGEN, TOTAL","mg/L",1.79
"05/20/1993","S65E","KJELDAHL NITROGEN, TOTAL","mg/L",0.95
"05/25/1993","S65E","KJELDAHL NITROGEN, TOTAL","mg/L",2.26833333333333
"06/01/1993","S65E","KJELDAHL NITROGEN, TOTAL","mg/L",0.83
"06/02/1993","S65E","KJELDAHL NITROGEN, TOTAL","mg/L",2.09666666666667
"06/08/1993","S65E","KJELDAHL NITROGEN, TOTAL","mg/L",2.505
"06/10/1993","S65E","KJELDAHL NITROGEN, TOTAL","mg/L",1.07
"06/12/1993","S65E","KJELDAHL NITROGEN, TOTAL","mg/L",1.03
"06/13/1993","S65E","KJELDAHL NITROGEN, TOTAL","mg/L",1.04
"06/14/1993","S65E","KJELDAHL NITROGEN, TOTAL","mg/L",0.92
"06/15/1993","S65E","KJELDAHL NITROGEN, TOTAL","mg/L",0.95
"06/17/1993","S65E","KJELDAHL NITROGEN, TOTAL","mg/L",0.7
"06/18/1993","S65E","KJELDAHL NITROGEN, TOTAL","mg/L",0.86
"06/19/1993","S65E","KJELDAHL NITROGEN, TOTAL","mg/L",0.7
"06/20/1993","S65E","KJELDAHL NITROGEN, TOTAL","mg/L",0.82
"06/21/1993","S65E","KJELDAHL NITROGEN, TOTAL","mg/L",1.04
"06/22/1993","S65E","KJELDAHL NITROGEN, TOTAL","mg/L",0.8
"06/23/1993","S65E","KJELDAHL NITROGEN, TOTAL","mg/L",0.99
"06/24/1993","S65E","KJELDAHL NITROGEN, TOTAL","mg/L",1.13
"06/25/1993","S65E","KJELDAHL NITROGEN, TOTAL","mg/L",0.82
"06/26/1993","S65E","KJELDAHL NITROGEN, TOTAL","mg/L",1.2
"06/27/1993","S65E","KJELDAHL NITROGEN, TOTAL","mg/L",1.33
"06/28/1993","S65E","KJELDAHL NITROGEN, TOTAL","mg/L",1.05
"06/29/1993","S65E","KJELDAHL NITROGEN, TOTAL","mg/L",0.89
"06/30/1993","S65E","KJELDAHL NITROGEN, TOTAL","mg/L",0.67
"07/01/1993","S65E","KJELDAHL NITROGEN, TOTAL","mg/L",0.78
"07/02/1993","S65E","KJELDAHL NITROGEN, TOTAL","mg/L",0.79
"07/03/1993","S65E","KJELDAHL NITROGEN, TOTAL","mg/L",0.81
"07/04/1993","S65E","KJELDAHL NITROGEN, TOTAL","mg/L",0.74
"07/05/1993","S65E","KJELDAHL NITROGEN, TOTAL","mg/L",0.81
"07/06/1993","S65E","KJELDAHL NITROGEN, TOTAL","mg/L",0.94
"07/13/1993","S65E","KJELDAHL NITROGEN, TOTAL","mg/L",0.9
"07/27/1993","S65E","KJELDAHL NITROGEN, TOTAL","mg/L",0.912
"08/03/1993","S65E","KJELDAHL NITROGEN, TOTAL","mg/L",0.6225
"08/04/1993","S65E","KJELDAHL NITROGEN, TOTAL","mg/L",0.91
"08/05/1993","S65E","KJELDAHL NITROGEN, TOTAL","mg/L",0.84
"08/06/1993","S65E","KJELDAHL NITROGEN, TOTAL","mg/L",0.87
"08/07/1993","S65E","KJELDAHL NITROGEN, TOTAL","mg/L",0.8
"08/08/1993","S65E","KJELDAHL NITROGEN, TOTAL","mg/L",0.75
"08/09/1993","S65E","KJELDAHL NITROGEN, TOTAL","mg/L",0.88
"08/10/1993","S65E","KJELDAHL NITROGEN, TOTAL","mg/L",0.96
"08/17/1993","S65E","KJELDAHL NITROGEN, TOTAL","mg/L",0.64
"08/19/1993","S65E","KJELDAHL NITROGEN, TOTAL","mg/L",1
"08/21/1993","S65E","KJELDAHL NITROGEN, TOTAL","mg/L",0.94
"08/23/1993","S65E","KJELDAHL NITROGEN, TOTAL","mg/L",1.73
"08/24/1993","S65E","KJELDAHL NITROGEN, TOTAL","mg/L",1.08
"08/25/1993","S65E","KJELDAHL NITROGEN, TOTAL","mg/L",0.51
"08/26/1993","S65E","KJELDAHL NITROGEN, TOTAL","mg/L",-0.5
"08/27/1993","S65E","KJELDAHL NITROGEN, TOTAL","mg/L",0.72
"08/28/1993","S65E","KJELDAHL NITROGEN, TOTAL","mg/L",0.87
"08/29/1993","S65E","KJELDAHL NITROGEN, TOTAL","mg/L",0.71
"08/30/1993","S65E","KJELDAHL NITROGEN, TOTAL","mg/L",0.96
"09/03/1993","S65E","KJELDAHL NITROGEN, TOTAL","mg/L",0.61
"09/05/1993","S65E","KJELDAHL NITROGEN, TOTAL","mg/L",0.85
"09/07/1993","S65E","KJELDAHL NITROGEN, TOTAL","mg/L",1.085
"09/08/1993","S65E","KJELDAHL NITROGEN, TOTAL","mg/L",0.5625
"09/09/1993","S65E","KJELDAHL NITROGEN, TOTAL","mg/L",0.87
"09/10/1993","S65E","KJELDAHL NITROGEN, TOTAL","mg/L",0.9
"09/11/1993","S65E","KJELDAHL NITROGEN, TOTAL","mg/L",1.22
"09/12/1993","S65E","KJELDAHL NITROGEN, TOTAL","mg/L",0.87
"09/13/1993","S65E","KJELDAHL NITROGEN, TOTAL","mg/L",1.11
"09/14/1993","S65E","KJELDAHL NITROGEN, TOTAL","mg/L",0.82
"09/15/1993","S65E","KJELDAHL NITROGEN, TOTAL","mg/L",1.34
"09/16/1993","S65E","KJELDAHL NITROGEN, TOTAL","mg/L",1.15
"09/17/1993","S65E","KJELDAHL NITROGEN, TOTAL","mg/L",1.07
"09/18/1993","S65E","KJELDAHL NITROGEN, TOTAL","mg/L",0.94
"09/19/1993","S65E","KJELDAHL NITROGEN, TOTAL","mg/L",1.25
"09/20/1993","S65E","KJELDAHL NITROGEN, TOTAL","mg/L",1.38
"09/21/1993","S65E","KJELDAHL NITROGEN, TOTAL","mg/L",1.36
"09/22/1993","S65E","KJELDAHL NITROGEN, TOTAL","mg/L",1.36
"09/23/1993","S65E","KJELDAHL NITROGEN, TOTAL","mg/L",1.49
"09/24/1993","S65E","KJELDAHL NITROGEN, TOTAL","mg/L",1.09
"09/25/1993","S65E","KJELDAHL NITROGEN, TOTAL","mg/L",0.89
"09/26/1993","S65E","KJELDAHL NITROGEN, TOTAL","mg/L",0.97
"09/27/1993","S65E","KJELDAHL NITROGEN, TOTAL","mg/L",2.48
"09/29/1993","S65E","KJELDAHL NITROGEN, TOTAL","mg/L",1.31
"09/30/1993","S65E","KJELDAHL NITROGEN, TOTAL","mg/L",1.05
"10/01/1993","S65E","KJELDAHL NITROGEN, TOTAL","mg/L",1.06
"10/02/1993","S65E","KJELDAHL NITROGEN, TOTAL","mg/L",1.53
"10/03/1993","S65E","KJELDAHL NITROGEN, TOTAL","mg/L",1.37
"10/04/1993","S65E","KJELDAHL NITROGEN, TOTAL","mg/L",1.57
"10/05/1993","S65E","KJELDAHL NITROGEN, TOTAL","mg/L",1.2
"10/06/1993","S65E","KJELDAHL NITROGEN, TOTAL","mg/L",1.65
"10/07/1993","S65E","KJELDAHL NITROGEN, TOTAL","mg/L",1.75
"10/08/1993","S65E","KJELDAHL NITROGEN, TOTAL","mg/L",1.55
"10/09/1993","S65E","KJELDAHL NITROGEN, TOTAL","mg/L",1.32
"10/10/1993","S65E","KJELDAHL NITROGEN, TOTAL","mg/L",1.28
"10/11/1993","S65E","KJELDAHL NITROGEN, TOTAL","mg/L",1.33
"10/13/1993","S65E","KJELDAHL NITROGEN, TOTAL","mg/L",0.96
"10/14/1993","S65E","KJELDAHL NITROGEN, TOTAL","mg/L",0.98
"10/15/1993","S65E","KJELDAHL NITROGEN, TOTAL","mg/L",1.05
"10/16/1993","S65E","KJELDAHL NITROGEN, TOTAL","mg/L",1.15
"10/17/1993","S65E","KJELDAHL NITROGEN, TOTAL","mg/L",1.04
"10/18/1993","S65E","KJELDAHL NITROGEN, TOTAL","mg/L",1.31
"10/19/1993","S65E","KJELDAHL NITROGEN, TOTAL","mg/L",1.38
"10/20/1993","S65E","KJELDAHL NITROGEN, TOTAL","mg/L",1.19
"10/21/1993","S65E","KJELDAHL NITROGEN, TOTAL","mg/L",0.99
"10/22/1993","S65E","KJELDAHL NITROGEN, TOTAL","mg/L",1.5
"10/23/1993","S65E","KJELDAHL NITROGEN, TOTAL","mg/L",0.91
"10/24/1993","S65E","KJELDAHL NITROGEN, TOTAL","mg/L",0.86
"10/25/1993","S65E","KJELDAHL NITROGEN, TOTAL","mg/L",0.85
"10/27/1993","S65E","KJELDAHL NITROGEN, TOTAL","mg/L",1.58
"10/28/1993","S65E","KJELDAHL NITROGEN, TOTAL","mg/L",1.57
"10/29/1993","S65E","KJELDAHL NITROGEN, TOTAL","mg/L",1.38
"10/30/1993","S65E","KJELDAHL NITROGEN, TOTAL","mg/L",1.54
"10/31/1993","S65E","KJELDAHL NITROGEN, TOTAL","mg/L",1.47
"11/01/1993","S65E","KJELDAHL NITROGEN, TOTAL","mg/L",1.69
"11/02/1993","S65E","KJELDAHL NITROGEN, TOTAL","mg/L",1.7
"11/03/1993","S65E","KJELDAHL NITROGEN, TOTAL","mg/L",1.26
"11/04/1993","S65E","KJELDAHL NITROGEN, TOTAL","mg/L",0.76
"11/05/1993","S65E","KJELDAHL NITROGEN, TOTAL","mg/L",0.77
"11/06/1993","S65E","KJELDAHL NITROGEN, TOTAL","mg/L",0.89
"11/07/1993","S65E","KJELDAHL NITROGEN, TOTAL","mg/L",1.31
"11/08/1993","S65E","KJELDAHL NITROGEN, TOTAL","mg/L",1.21
"11/10/1993","S65E","KJELDAHL NITROGEN, TOTAL","mg/L",1.29
"11/11/1993","S65E","KJELDAHL NITROGEN, TOTAL","mg/L",1.27
"11/12/1993","S65E","KJELDAHL NITROGEN, TOTAL","mg/L",1.19
"11/13/1993","S65E","KJELDAHL NITROGEN, TOTAL","mg/L",1
"11/14/1993","S65E","KJELDAHL NITROGEN, TOTAL","mg/L",1.22
"11/15/1993","S65E","KJELDAHL NITROGEN, TOTAL","mg/L",1.27
"11/16/1993","S65E","KJELDAHL NITROGEN, TOTAL","mg/L",1.36
"11/17/1993","S65E","KJELDAHL NITROGEN, TOTAL","mg/L",1.11
"11/18/1993","S65E","KJELDAHL NITROGEN, TOTAL","mg/L",0.98
"11/19/1993","S65E","KJELDAHL NITROGEN, TOTAL","mg/L",2.34
"11/20/1993","S65E","KJELDAHL NITROGEN, TOTAL","mg/L",1.06
"11/21/1993","S65E","KJELDAHL NITROGEN, TOTAL","mg/L",1.85
"11/22/1993","S65E","KJELDAHL NITROGEN, TOTAL","mg/L",1.15
"11/24/1993","S65E","KJELDAHL NITROGEN, TOTAL","mg/L",2.2
"11/25/1993","S65E","KJELDAHL NITROGEN, TOTAL","mg/L",1.73
"11/26/1993","S65E","KJELDAHL NITROGEN, TOTAL","mg/L",1.57
"11/27/1993","S65E","KJELDAHL NITROGEN, TOTAL","mg/L",1.86
"11/28/1993","S65E","KJELDAHL NITROGEN, TOTAL","mg/L",1.47
"11/29/1993","S65E","KJELDAHL NITROGEN, TOTAL","mg/L",1.51
"12/01/1993","S65E","KJELDAHL NITROGEN, TOTAL","mg/L",0.34
"12/02/1993","S65E","KJELDAHL NITROGEN, TOTAL","mg/L",1.12
"12/03/1993","S65E","KJELDAHL NITROGEN, TOTAL","mg/L",1.33
"12/04/1993","S65E","KJELDAHL NITROGEN, TOTAL","mg/L",1.94
"12/05/1993","S65E","KJELDAHL NITROGEN, TOTAL","mg/L",2.23
"12/08/1993","S65E","KJELDAHL NITROGEN, TOTAL","mg/L",0.82
"12/09/1993","S65E","KJELDAHL NITROGEN, TOTAL","mg/L",0.98
"12/10/1993","S65E","KJELDAHL NITROGEN, TOTAL","mg/L",1.04
"12/11/1993","S65E","KJELDAHL NITROGEN, TOTAL","mg/L",1.2
"12/12/1993","S65E","KJELDAHL NITROGEN, TOTAL","mg/L",0.79
"12/13/1993","S65E","KJELDAHL NITROGEN, TOTAL","mg/L",0.75
"12/14/1993","S65E","KJELDAHL NITROGEN, TOTAL","mg/L",0.802
"12/15/1993","S65E","KJELDAHL NITROGEN, TOTAL","mg/L",0.89
"12/16/1993","S65E","KJELDAHL NITROGEN, TOTAL","mg/L",0.8
"12/17/1993","S65E","KJELDAHL NITROGEN, TOTAL","mg/L",1.03
"12/18/1993","S65E","KJELDAHL NITROGEN, TOTAL","mg/L",1.16
"12/19/1993","S65E","KJELDAHL NITROGEN, TOTAL","mg/L",0.97
"12/20/1993","S65E","KJELDAHL NITROGEN, TOTAL","mg/L",0.95
"12/22/1993","S65E","KJELDAHL NITROGEN, TOTAL","mg/L",1.06
"12/23/1993","S65E","KJELDAHL NITROGEN, TOTAL","mg/L",1.08
"12/24/1993","S65E","KJELDAHL NITROGEN, TOTAL","mg/L",1.1
"12/25/1993","S65E","KJELDAHL NITROGEN, TOTAL","mg/L",1.06
"12/26/1993","S65E","KJELDAHL NITROGEN, TOTAL","mg/L",1.17
"12/27/1993","S65E","KJELDAHL NITROGEN, TOTAL","mg/L",1.25
"12/28/1993","S65E","KJELDAHL NITROGEN, TOTAL","mg/L",0.923333333333333
"12/29/1993","S65E","KJELDAHL NITROGEN, TOTAL","mg/L",1.2
"12/30/1993","S65E","KJELDAHL NITROGEN, TOTAL","mg/L",0.94
"12/31/1993","S65E","KJELDAHL NITROGEN, TOTAL","mg/L",1.68
"01/01/1994","S65E","KJELDAHL NITROGEN, TOTAL","mg/L",1.28
"01/02/1994","S65E","KJELDAHL NITROGEN, TOTAL","mg/L",1.38
"01/03/1994","S65E","KJELDAHL NITROGEN, TOTAL","mg/L",1.39
"01/05/1994","S65E","KJELDAHL NITROGEN, TOTAL","mg/L",1.72
"01/06/1994","S65E","KJELDAHL NITROGEN, TOTAL","mg/L",2.16
"01/07/1994","S65E","KJELDAHL NITROGEN, TOTAL","mg/L",1.62
"01/08/1994","S65E","KJELDAHL NITROGEN, TOTAL","mg/L",1.3
"01/09/1994","S65E","KJELDAHL NITROGEN, TOTAL","mg/L",1.4
"01/10/1994","S65E","KJELDAHL NITROGEN, TOTAL","mg/L",1.22
"01/11/1994","S65E","KJELDAHL NITROGEN, TOTAL","mg/L",0.83
"01/12/1994","S65E","KJELDAHL NITROGEN, TOTAL","mg/L",1.15
"01/13/1994","S65E","KJELDAHL NITROGEN, TOTAL","mg/L",1.32
"01/14/1994","S65E","KJELDAHL NITROGEN, TOTAL","mg/L",1.09
"01/15/1994","S65E","KJELDAHL NITROGEN, TOTAL","mg/L",0.86
"01/16/1994","S65E","KJELDAHL NITROGEN, TOTAL","mg/L",0.99
"01/17/1994","S65E","KJELDAHL NITROGEN, TOTAL","mg/L",0.93
"01/18/1994","S65E","KJELDAHL NITROGEN, TOTAL","mg/L",0.94
"01/19/1994","S65E","KJELDAHL NITROGEN, TOTAL","mg/L",1.13
"01/20/1994","S65E","KJELDAHL NITROGEN, TOTAL","mg/L",0.94
"01/21/1994","S65E","KJELDAHL NITROGEN, TOTAL","mg/L",1.04
"01/22/1994","S65E","KJELDAHL NITROGEN, TOTAL","mg/L",1.64
"01/23/1994","S65E","KJELDAHL NITROGEN, TOTAL","mg/L",1.17
"01/24/1994","S65E","KJELDAHL NITROGEN, TOTAL","mg/L",1.68
"01/25/1994","S65E","KJELDAHL NITROGEN, TOTAL","mg/L",1.075
"01/26/1994","S65E","KJELDAHL NITROGEN, TOTAL","mg/L",1.47
"01/27/1994","S65E","KJELDAHL NITROGEN, TOTAL","mg/L",1.11
"01/28/1994","S65E","KJELDAHL NITROGEN, TOTAL","mg/L",1.26
"01/29/1994","S65E","KJELDAHL NITROGEN, TOTAL","mg/L",1.05
"01/30/1994","S65E","KJELDAHL NITROGEN, TOTAL","mg/L",1.38
"01/31/1994","S65E","KJELDAHL NITROGEN, TOTAL","mg/L",1.11
"02/02/1994","S65E","KJELDAHL NITROGEN, TOTAL","mg/L",0.77
"02/03/1994","S65E","KJELDAHL NITROGEN, TOTAL","mg/L",0.75
"02/04/1994","S65E","KJELDAHL NITROGEN, TOTAL","mg/L",0.71
"02/05/1994","S65E","KJELDAHL NITROGEN, TOTAL","mg/L",0.68
"02/06/1994","S65E","KJELDAHL NITROGEN, TOTAL","mg/L",0.88
"02/07/1994","S65E","KJELDAHL NITROGEN, TOTAL","mg/L",0.58
"02/08/1994","S65E","KJELDAHL NITROGEN, TOTAL","mg/L",1.12
"02/09/1994","S65E","KJELDAHL NITROGEN, TOTAL","mg/L",1.37
"02/10/1994","S65E","KJELDAHL NITROGEN, TOTAL","mg/L",1.16
"02/11/1994","S65E","KJELDAHL NITROGEN, TOTAL","mg/L",1.46
"02/12/1994","S65E","KJELDAHL NITROGEN, TOTAL","mg/L",1.2
"02/13/1994","S65E","KJELDAHL NITROGEN, TOTAL","mg/L",1.23
"02/14/1994","S65E","KJELDAHL NITROGEN, TOTAL","mg/L",1.24
"02/15/1994","S65E","KJELDAHL NITROGEN, TOTAL","mg/L",1.03
"02/18/1994","S65E","KJELDAHL NITROGEN, TOTAL","mg/L",0.84
"02/20/1994","S65E","KJELDAHL NITROGEN, TOTAL","mg/L",0.94
"02/22/1994","S65E","KJELDAHL NITROGEN, TOTAL","mg/L",1.07
"02/23/1994","S65E","KJELDAHL NITROGEN, TOTAL","mg/L",0.906
"02/24/1994","S65E","KJELDAHL NITROGEN, TOTAL","mg/L",0.86
"02/25/1994","S65E","KJELDAHL NITROGEN, TOTAL","mg/L",1
"02/26/1994","S65E","KJELDAHL NITROGEN, TOTAL","mg/L",1.22
"02/27/1994","S65E","KJELDAHL NITROGEN, TOTAL","mg/L",0.99
"02/28/1994","S65E","KJELDAHL NITROGEN, TOTAL","mg/L",0.97
"03/02/1994","S65E","KJELDAHL NITROGEN, TOTAL","mg/L",1.11
"03/03/1994","S65E","KJELDAHL NITROGEN, TOTAL","mg/L",0.94
"03/04/1994","S65E","KJELDAHL NITROGEN, TOTAL","mg/L",0.94
"03/05/1994","S65E","KJELDAHL NITROGEN, TOTAL","mg/L",0.99
"03/06/1994","S65E","KJELDAHL NITROGEN, TOTAL","mg/L",0.89
"03/07/1994","S65E","KJELDAHL NITROGEN, TOTAL","mg/L",1.07
"03/08/1994","S65E","KJELDAHL NITROGEN, TOTAL","mg/L",1.09
"03/09/1994","S65E","KJELDAHL NITROGEN, TOTAL","mg/L",0.97
"03/10/1994","S65E","KJELDAHL NITROGEN, TOTAL","mg/L",0.86
"03/11/1994","S65E","KJELDAHL NITROGEN, TOTAL","mg/L",1.07
"03/12/1994","S65E","KJELDAHL NITROGEN, TOTAL","mg/L",0.89
"03/13/1994","S65E","KJELDAHL NITROGEN, TOTAL","mg/L",1.14
"03/14/1994","S65E","KJELDAHL NITROGEN, TOTAL","mg/L",0.91
"03/15/1994","S65E","KJELDAHL NITROGEN, TOTAL","mg/L",1.17
"03/16/1994","S65E","KJELDAHL NITROGEN, TOTAL","mg/L",0.93
"03/17/1994","S65E","KJELDAHL NITROGEN, TOTAL","mg/L",0.84
"03/18/1994","S65E","KJELDAHL NITROGEN, TOTAL","mg/L",0.7
"03/19/1994","S65E","KJELDAHL NITROGEN, TOTAL","mg/L",0.76
"03/20/1994","S65E","KJELDAHL NITROGEN, TOTAL","mg/L",0.78
"03/21/1994","S65E","KJELDAHL NITROGEN, TOTAL","mg/L",0.73
"03/22/1994","S65E","KJELDAHL NITROGEN, TOTAL","mg/L",0.85
"03/23/1994","S65E","KJELDAHL NITROGEN, TOTAL","mg/L",0.9
"03/24/1994","S65E","KJELDAHL NITROGEN, TOTAL","mg/L",0.83
"03/25/1994","S65E","KJELDAHL NITROGEN, TOTAL","mg/L",0.69
"03/26/1994","S65E","KJELDAHL NITROGEN, TOTAL","mg/L",0.92
"03/27/1994","S65E","KJELDAHL NITROGEN, TOTAL","mg/L",0.92
"03/28/1994","S65E","KJELDAHL NITROGEN, TOTAL","mg/L",1.3
"03/29/1994","S65E","KJELDAHL NITROGEN, TOTAL","mg/L",1.09
"03/30/1994","S65E","KJELDAHL NITROGEN, TOTAL","mg/L",0.84
"03/31/1994","S65E","KJELDAHL NITROGEN, TOTAL","mg/L",0.82
"04/01/1994","S65E","KJELDAHL NITROGEN, TOTAL","mg/L",1.07
"04/02/1994","S65E","KJELDAHL NITROGEN, TOTAL","mg/L",0.76
"04/03/1994","S65E","KJELDAHL NITROGEN, TOTAL","mg/L",1.15
"04/04/1994","S65E","KJELDAHL NITROGEN, TOTAL","mg/L",0.99
"04/05/1994","S65E","KJELDAHL NITROGEN, TOTAL","mg/L",1.017
"04/07/1994","S65E","KJELDAHL NITROGEN, TOTAL","mg/L",1.278
"04/09/1994","S65E","KJELDAHL NITROGEN, TOTAL","mg/L",0.729
"04/11/1994","S65E","KJELDAHL NITROGEN, TOTAL","mg/L",0.656
"04/12/1994","S65E","KJELDAHL NITROGEN, TOTAL","mg/L",0.644875
"04/13/1994","S65E","KJELDAHL NITROGEN, TOTAL","mg/L",0.7
"04/14/1994","S65E","KJELDAHL NITROGEN, TOTAL","mg/L",0.812
"04/15/1994","S65E","KJELDAHL NITROGEN, TOTAL","mg/L",0.768
"04/16/1994","S65E","KJELDAHL NITROGEN, TOTAL","mg/L",0.838
"04/17/1994","S65E","KJELDAHL NITROGEN, TOTAL","mg/L",1.039
"04/18/1994","S65E","KJELDAHL NITROGEN, TOTAL","mg/L",0.706
"04/19/1994","S65E","KJELDAHL NITROGEN, TOTAL","mg/L",1.056
"04/20/1994","S65E","KJELDAHL NITROGEN, TOTAL","mg/L",0.888
"04/21/1994","S65E","KJELDAHL NITROGEN, TOTAL","mg/L",0.786
"04/22/1994","S65E","KJELDAHL NITROGEN, TOTAL","mg/L",0.637
"04/23/1994","S65E","KJELDAHL NITROGEN, TOTAL","mg/L",0.757
"04/24/1994","S65E","KJELDAHL NITROGEN, TOTAL","mg/L",0.781
"04/25/1994","S65E","KJELDAHL NITROGEN, TOTAL","mg/L",0.825
"04/27/1994","S65E","KJELDAHL NITROGEN, TOTAL","mg/L",0.677
"04/28/1994","S65E","KJELDAHL NITROGEN, TOTAL","mg/L",0.724
"04/29/1994","S65E","KJELDAHL NITROGEN, TOTAL","mg/L",0.76
"04/30/1994","S65E","KJELDAHL NITROGEN, TOTAL","mg/L",0.884
"05/01/1994","S65E","KJELDAHL NITROGEN, TOTAL","mg/L",0.674
"05/02/1994","S65E","KJELDAHL NITROGEN, TOTAL","mg/L",0.754
"05/03/1994","S65E","KJELDAHL NITROGEN, TOTAL","mg/L",1.086
"05/04/1994","S65E","KJELDAHL NITROGEN, TOTAL","mg/L",0.712
"05/05/1994","S65E","KJELDAHL NITROGEN, TOTAL","mg/L",-0.5
"05/06/1994","S65E","KJELDAHL NITROGEN, TOTAL","mg/L",0.611
"05/07/1994","S65E","KJELDAHL NITROGEN, TOTAL","mg/L",0.834
"05/08/1994","S65E","KJELDAHL NITROGEN, TOTAL","mg/L",0.506
"05/12/1994","S65E","KJELDAHL NITROGEN, TOTAL","mg/L",0.504
"05/14/1994","S65E","KJELDAHL NITROGEN, TOTAL","mg/L",0.65
"05/16/1994","S65E","KJELDAHL NITROGEN, TOTAL","mg/L",0.598
"05/17/1994","S65E","KJELDAHL NITROGEN, TOTAL","mg/L",0.6782
"05/19/1994","S65E","KJELDAHL NITROGEN, TOTAL","mg/L",0.66
"05/21/1994","S65E","KJELDAHL NITROGEN, TOTAL","mg/L",0.832
"05/23/1994","S65E","KJELDAHL NITROGEN, TOTAL","mg/L",0.66
"05/26/1994","S65E","KJELDAHL NITROGEN, TOTAL","mg/L",0.512
"05/27/1994","S65E","KJELDAHL NITROGEN, TOTAL","mg/L",0.53
"05/28/1994","S65E","KJELDAHL NITROGEN, TOTAL","mg/L",0.503
"05/29/1994","S65E","KJELDAHL NITROGEN, TOTAL","mg/L",3.546
"05/30/1994","S65E","KJELDAHL NITROGEN, TOTAL","mg/L",0.628
"05/31/1994","S65E","KJELDAHL NITROGEN, TOTAL","mg/L",0.678
"06/02/1994","S65E","KJELDAHL NITROGEN, TOTAL","mg/L",0.725
"06/03/1994","S65E","KJELDAHL NITROGEN, TOTAL","mg/L",0.941
"06/04/1994","S65E","KJELDAHL NITROGEN, TOTAL","mg/L",0.837
"06/05/1994","S65E","KJELDAHL NITROGEN, TOTAL","mg/L",0.889
"06/06/1994","S65E","KJELDAHL NITROGEN, TOTAL","mg/L",0.86
"06/08/1994","S65E","KJELDAHL NITROGEN, TOTAL","mg/L",0.722
"06/09/1994","S65E","KJELDAHL NITROGEN, TOTAL","mg/L",0.716
"06/10/1994","S65E","KJELDAHL NITROGEN, TOTAL","mg/L",0.786
"06/11/1994","S65E","KJELDAHL NITROGEN, TOTAL","mg/L",0.927
"06/12/1994","S65E","KJELDAHL NITROGEN, TOTAL","mg/L",0.831
"06/13/1994","S65E","KJELDAHL NITROGEN, TOTAL","mg/L",0.993
"06/14/1994","S65E","KJELDAHL NITROGEN, TOTAL","mg/L",0.9315
"06/15/1994","S65E","KJELDAHL NITROGEN, TOTAL","mg/L",0.816
"06/16/1994","S65E","KJELDAHL NITROGEN, TOTAL","mg/L",0.847
"06/17/1994","S65E","KJELDAHL NITROGEN, TOTAL","mg/L",0.807
"06/18/1994","S65E","KJELDAHL NITROGEN, TOTAL","mg/L",0.932
"06/19/1994","S65E","KJELDAHL NITROGEN, TOTAL","mg/L",1.079
"06/20/1994","S65E","KJELDAHL NITROGEN, TOTAL","mg/L",0.783
"06/23/1994","S65E","KJELDAHL NITROGEN, TOTAL","mg/L",1.066
"06/25/1994","S65E","KJELDAHL NITROGEN, TOTAL","mg/L",0.829
"06/27/1994","S65E","KJELDAHL NITROGEN, TOTAL","mg/L",1.065
"06/28/1994","S65E","KJELDAHL NITROGEN, TOTAL","mg/L",0.5084
"06/30/1994","S65E","KJELDAHL NITROGEN, TOTAL","mg/L",1.126
"07/01/1994","S65E","KJELDAHL NITROGEN, TOTAL","mg/L",1.059
"07/02/1994","S65E","KJELDAHL NITROGEN, TOTAL","mg/L",0.923
"07/03/1994","S65E","KJELDAHL NITROGEN, TOTAL","mg/L",1.308
"07/04/1994","S65E","KJELDAHL NITROGEN, TOTAL","mg/L",0.513
"07/05/1994","S65E","KJELDAHL NITROGEN, TOTAL","mg/L",1.337
"07/06/1994","S65E","KJELDAHL NITROGEN, TOTAL","mg/L",0.553
"07/07/1994","S65E","KJELDAHL NITROGEN, TOTAL","mg/L",0.63
"07/08/1994","S65E","KJELDAHL NITROGEN, TOTAL","mg/L",0.534
"07/09/1994","S65E","KJELDAHL NITROGEN, TOTAL","mg/L",0.602
"07/10/1994","S65E","KJELDAHL NITROGEN, TOTAL","mg/L",0.599
"07/11/1994","S65E","KJELDAHL NITROGEN, TOTAL","mg/L",0.784
"07/12/1994","S65E","KJELDAHL NITROGEN, TOTAL","mg/L",1.242
"07/14/1994","S65E","KJELDAHL NITROGEN, TOTAL","mg/L",0.851
"07/15/1994","S65E","KJELDAHL NITROGEN, TOTAL","mg/L",1.042
"07/16/1994","S65E","KJELDAHL NITROGEN, TOTAL","mg/L",1.013
"07/17/1994","S65E","KJELDAHL NITROGEN, TOTAL","mg/L",0.984
"07/18/1994","S65E","KJELDAHL NITROGEN, TOTAL","mg/L",1.439
"07/19/1994","S65E","KJELDAHL NITROGEN, TOTAL","mg/L",1.185
"07/20/1994","S65E","KJELDAHL NITROGEN, TOTAL","mg/L",1.605
"07/21/1994","S65E","KJELDAHL NITROGEN, TOTAL","mg/L",0.942
"07/22/1994","S65E","KJELDAHL NITROGEN, TOTAL","mg/L",0.785
"07/23/1994","S65E","KJELDAHL NITROGEN, TOTAL","mg/L",1.402
"07/24/1994","S65E","KJELDAHL NITROGEN, TOTAL","mg/L",1.176
"07/25/1994","S65E","KJELDAHL NITROGEN, TOTAL","mg/L",1.777
"07/26/1994","S65E","KJELDAHL NITROGEN, TOTAL","mg/L",1.008
"07/27/1994","S65E","KJELDAHL NITROGEN, TOTAL","mg/L",0.612
"07/28/1994","S65E","KJELDAHL NITROGEN, TOTAL","mg/L",0.507
"07/29/1994","S65E","KJELDAHL NITROGEN, TOTAL","mg/L",0.641
"07/30/1994","S65E","KJELDAHL NITROGEN, TOTAL","mg/L",0.783
"07/31/1994","S65E","KJELDAHL NITROGEN, TOTAL","mg/L",1.018
"08/01/1994","S65E","KJELDAHL NITROGEN, TOTAL","mg/L",0.574
"08/03/1994","S65E","KJELDAHL NITROGEN, TOTAL","mg/L",0.84
"08/04/1994","S65E","KJELDAHL NITROGEN, TOTAL","mg/L",1.243
"08/05/1994","S65E","KJELDAHL NITROGEN, TOTAL","mg/L",1.123
"08/06/1994","S65E","KJELDAHL NITROGEN, TOTAL","mg/L",1.191
"08/07/1994","S65E","KJELDAHL NITROGEN, TOTAL","mg/L",1.175
"08/08/1994","S65E","KJELDAHL NITROGEN, TOTAL","mg/L",1.272
"08/09/1994","S65E","KJELDAHL NITROGEN, TOTAL","mg/L",1.1335
"08/11/1994","S65E","KJELDAHL NITROGEN, TOTAL","mg/L",1.91
"08/12/1994","S65E","KJELDAHL NITROGEN, TOTAL","mg/L",1.057
"08/13/1994","S65E","KJELDAHL NITROGEN, TOTAL","mg/L",1.702
"08/14/1994","S65E","KJELDAHL NITROGEN, TOTAL","mg/L",1.386
"08/15/1994","S65E","KJELDAHL NITROGEN, TOTAL","mg/L",1.581
"08/16/1994","S65E","KJELDAHL NITROGEN, TOTAL","mg/L",1.286
"08/18/1994","S65E","KJELDAHL NITROGEN, TOTAL","mg/L",1.458
"08/19/1994","S65E","KJELDAHL NITROGEN, TOTAL","mg/L",0.966
"08/20/1994","S65E","KJELDAHL NITROGEN, TOTAL","mg/L",1.05
"08/21/1994","S65E","KJELDAHL NITROGEN, TOTAL","mg/L",0.996
"08/22/1994","S65E","KJELDAHL NITROGEN, TOTAL","mg/L",1.104
"08/23/1994","S65E","KJELDAHL NITROGEN, TOTAL","mg/L",1.0285
"08/25/1994","S65E","KJELDAHL NITROGEN, TOTAL","mg/L",1.343
"08/26/1994","S65E","KJELDAHL NITROGEN, TOTAL","mg/L",1.322
"08/27/1994","S65E","KJELDAHL NITROGEN, TOTAL","mg/L",1.149
"08/28/1994","S65E","KJELDAHL NITROGEN, TOTAL","mg/L",0.963
"08/29/1994","S65E","KJELDAHL NITROGEN, TOTAL","mg/L",1.101
"08/31/1994","S65E","KJELDAHL NITROGEN, TOTAL","mg/L",0.887
"09/01/1994","S65E","KJELDAHL NITROGEN, TOTAL","mg/L",0.838
"09/02/1994","S65E","KJELDAHL NITROGEN, TOTAL","mg/L",0.7
"09/03/1994","S65E","KJELDAHL NITROGEN, TOTAL","mg/L",0.755
"09/04/1994","S65E","KJELDAHL NITROGEN, TOTAL","mg/L",0.906
"09/05/1994","S65E","KJELDAHL NITROGEN, TOTAL","mg/L",0.86
"09/06/1994","S65E","KJELDAHL NITROGEN, TOTAL","mg/L",0.578
"09/07/1994","S65E","KJELDAHL NITROGEN, TOTAL","mg/L",0.743
"09/08/1994","S65E","KJELDAHL NITROGEN, TOTAL","mg/L",0.593
"09/09/1994","S65E","KJELDAHL NITROGEN, TOTAL","mg/L",0.534
"09/10/1994","S65E","KJELDAHL NITROGEN, TOTAL","mg/L",0.916
"09/11/1994","S65E","KJELDAHL NITROGEN, TOTAL","mg/L",0.816
"09/12/1994","S65E","KJELDAHL NITROGEN, TOTAL","mg/L",0.878
"09/15/1994","S65E","KJELDAHL NITROGEN, TOTAL","mg/L",0.786
"09/16/1994","S65E","KJELDAHL NITROGEN, TOTAL","mg/L",0.729
"09/17/1994","S65E","KJELDAHL NITROGEN, TOTAL","mg/L",0.849
"09/18/1994","S65E","KJELDAHL NITROGEN, TOTAL","mg/L",0.666
"09/19/1994","S65E","KJELDAHL NITROGEN, TOTAL","mg/L",0.705
"09/20/1994","S65E","KJELDAHL NITROGEN, TOTAL","mg/L",0.9905
"09/29/1994","S65E","KJELDAHL NITROGEN, TOTAL","mg/L",0.845
"09/30/1994","S65E","KJELDAHL NITROGEN, TOTAL","mg/L",1.187
"10/01/1994","S65E","KJELDAHL NITROGEN, TOTAL","mg/L",0.597
"10/02/1994","S65E","KJELDAHL NITROGEN, TOTAL","mg/L",0.718
"10/03/1994","S65E","KJELDAHL NITROGEN, TOTAL","mg/L",0.746
"10/04/1994","S65E","KJELDAHL NITROGEN, TOTAL","mg/L",1.011
"10/05/1994","S65E","KJELDAHL NITROGEN, TOTAL","mg/L",0.785
"10/06/1994","S65E","KJELDAHL NITROGEN, TOTAL","mg/L",0.947
"10/07/1994","S65E","KJELDAHL NITROGEN, TOTAL","mg/L",0.823
"10/08/1994","S65E","KJELDAHL NITROGEN, TOTAL","mg/L",0.826
"10/09/1994","S65E","KJELDAHL NITROGEN, TOTAL","mg/L",1.164
"10/10/1994","S65E","KJELDAHL NITROGEN, TOTAL","mg/L",0.818
"10/12/1994","S65E","KJELDAHL NITROGEN, TOTAL","mg/L",0.849
"10/13/1994","S65E","KJELDAHL NITROGEN, TOTAL","mg/L",0.886
"10/14/1994","S65E","KJELDAHL NITROGEN, TOTAL","mg/L",0.918
"10/15/1994","S65E","KJELDAHL NITROGEN, TOTAL","mg/L",1.174
"10/16/1994","S65E","KJELDAHL NITROGEN, TOTAL","mg/L",0.857
"10/17/1994","S65E","KJELDAHL NITROGEN, TOTAL","mg/L",0.892
"10/18/1994","S65E","KJELDAHL NITROGEN, TOTAL","mg/L",0.912
"10/21/1994","S65E","KJELDAHL NITROGEN, TOTAL","mg/L",0.59
"10/23/1994","S65E","KJELDAHL NITROGEN, TOTAL","mg/L",0.929
"10/25/1994","S65E","KJELDAHL NITROGEN, TOTAL","mg/L",1.157
"10/27/1994","S65E","KJELDAHL NITROGEN, TOTAL","mg/L",0.885
"10/29/1994","S65E","KJELDAHL NITROGEN, TOTAL","mg/L",0.612
"10/31/1994","S65E","KJELDAHL NITROGEN, TOTAL","mg/L",1.637
"11/01/1994","S65E","KJELDAHL NITROGEN, TOTAL","mg/L",1.212
"11/02/1994","S65E","KJELDAHL NITROGEN, TOTAL","mg/L",1.094
"11/04/1994","S65E","KJELDAHL NITROGEN, TOTAL","mg/L",1.076
"11/06/1994","S65E","KJELDAHL NITROGEN, TOTAL","mg/L",1.129
"11/07/1994","S65E","KJELDAHL NITROGEN, TOTAL","mg/L",0.69
"11/08/1994","S65E","KJELDAHL NITROGEN, TOTAL","mg/L",0.819
"11/15/1994","S65E","KJELDAHL NITROGEN, TOTAL","mg/L",0.619
"11/23/1994","S65E","KJELDAHL NITROGEN, TOTAL","mg/L",0.847
"11/24/1994","S65E","KJELDAHL NITROGEN, TOTAL","mg/L",0.861
"11/25/1994","S65E","KJELDAHL NITROGEN, TOTAL","mg/L",0.953
"11/26/1994","S65E","KJELDAHL NITROGEN, TOTAL","mg/L",1.03
"11/27/1994","S65E","KJELDAHL NITROGEN, TOTAL","mg/L",0.821
"11/28/1994","S65E","KJELDAHL NITROGEN, TOTAL","mg/L",0.713
"11/29/1994","S65E","KJELDAHL NITROGEN, TOTAL","mg/L",0.934
"11/30/1994","S65E","KJELDAHL NITROGEN, TOTAL","mg/L",0.834
"12/01/1994","S65E","KJELDAHL NITROGEN, TOTAL","mg/L",0.837
"12/02/1994","S65E","KJELDAHL NITROGEN, TOTAL","mg/L",0.656
"12/03/1994","S65E","KJELDAHL NITROGEN, TOTAL","mg/L",0.702
"12/04/1994","S65E","KJELDAHL NITROGEN, TOTAL","mg/L",0.731
"12/05/1994","S65E","KJELDAHL NITROGEN, TOTAL","mg/L",0.824
"12/06/1994","S65E","KJELDAHL NITROGEN, TOTAL","mg/L",0.793
"12/07/1994","S65E","KJELDAHL NITROGEN, TOTAL","mg/L",1.244
"12/08/1994","S65E","KJELDAHL NITROGEN, TOTAL","mg/L",1.795
"12/09/1994","S65E","KJELDAHL NITROGEN, TOTAL","mg/L",0.757
"12/10/1994","S65E","KJELDAHL NITROGEN, TOTAL","mg/L",0.964
"12/11/1994","S65E","KJELDAHL NITROGEN, TOTAL","mg/L",0.909
"12/13/1994","S65E","KJELDAHL NITROGEN, TOTAL","mg/L",1.387
"12/23/1994","S65E","KJELDAHL NITROGEN, TOTAL","mg/L",0.648
"12/24/1994","S65E","KJELDAHL NITROGEN, TOTAL","mg/L",-0.5
"12/25/1994","S65E","KJELDAHL NITROGEN, TOTAL","mg/L",0.719
"12/26/1994","S65E","KJELDAHL NITROGEN, TOTAL","mg/L",0.735
"12/27/1994","S65E","KJELDAHL NITROGEN, TOTAL","mg/L",0.8425
"12/29/1994","S65E","KJELDAHL NITROGEN, TOTAL","mg/L",0.751
"12/30/1994","S65E","KJELDAHL NITROGEN, TOTAL","mg/L",1.029
"12/31/1994","S65E","KJELDAHL NITROGEN, TOTAL","mg/L",0.761
"01/01/1995","S65E","KJELDAHL NITROGEN, TOTAL","mg/L",1.739
"01/02/1995","S65E","KJELDAHL NITROGEN, TOTAL","mg/L",0.869
"01/03/1995","S65E","KJELDAHL NITROGEN, TOTAL","mg/L",1.283
"01/10/1995","S65E","KJELDAHL NITROGEN, TOTAL","mg/L",0.727
"01/12/1995","S65E","KJELDAHL NITROGEN, TOTAL","mg/L",1.006
"01/13/1995","S65E","KJELDAHL NITROGEN, TOTAL","mg/L",1.03
"01/14/1995","S65E","KJELDAHL NITROGEN, TOTAL","mg/L",0.947
"01/15/1995","S65E","KJELDAHL NITROGEN, TOTAL","mg/L",0.953
"01/16/1995","S65E","KJELDAHL NITROGEN, TOTAL","mg/L",0.896
"01/17/1995","S65E","KJELDAHL NITROGEN, TOTAL","mg/L",1.045
"01/18/1995","S65E","KJELDAHL NITROGEN, TOTAL","mg/L",0.991
"01/19/1995","S65E","KJELDAHL NITROGEN, TOTAL","mg/L",1.348
"01/20/1995","S65E","KJELDAHL NITROGEN, TOTAL","mg/L",1.376
"01/21/1995","S65E","KJELDAHL NITROGEN, TOTAL","mg/L",1.286
"01/22/1995","S65E","KJELDAHL NITROGEN, TOTAL","mg/L",1.213
"01/23/1995","S65E","KJELDAHL NITROGEN, TOTAL","mg/L",1.188
"01/24/1995","S65E","KJELDAHL NITROGEN, TOTAL","mg/L",0.709
"01/26/1995","S65E","KJELDAHL NITROGEN, TOTAL","mg/L",1.173
"01/27/1995","S65E","KJELDAHL NITROGEN, TOTAL","mg/L",1.076
"01/28/1995","S65E","KJELDAHL NITROGEN, TOTAL","mg/L",0.772
"01/29/1995","S65E","KJELDAHL NITROGEN, TOTAL","mg/L",0.926
"01/30/1995","S65E","KJELDAHL NITROGEN, TOTAL","mg/L",1.954
"01/31/1995","S65E","KJELDAHL NITROGEN, TOTAL","mg/L",0.515
"02/01/1995","S65E","KJELDAHL NITROGEN, TOTAL","mg/L",0.4
"02/02/1995","S65E","KJELDAHL NITROGEN, TOTAL","mg/L",0.26
"02/03/1995","S65E","KJELDAHL NITROGEN, TOTAL","mg/L",0.44
"02/04/1995","S65E","KJELDAHL NITROGEN, TOTAL","mg/L",0.35
"02/05/1995","S65E","KJELDAHL NITROGEN, TOTAL","mg/L",0.39
"02/06/1995","S65E","KJELDAHL NITROGEN, TOTAL","mg/L",0.66
"02/10/1995","S65E","KJELDAHL NITROGEN, TOTAL","mg/L",0.778
"02/12/1995","S65E","KJELDAHL NITROGEN, TOTAL","mg/L",0.752
"02/14/1995","S65E","KJELDAHL NITROGEN, TOTAL","mg/L",1.017
"02/16/1995","S65E","KJELDAHL NITROGEN, TOTAL","mg/L",0.77
"02/17/1995","S65E","KJELDAHL NITROGEN, TOTAL","mg/L",0.779
"02/18/1995","S65E","KJELDAHL NITROGEN, TOTAL","mg/L",1.16
"02/19/1995","S65E","KJELDAHL NITROGEN, TOTAL","mg/L",0.977
"02/20/1995","S65E","KJELDAHL NITROGEN, TOTAL","mg/L",0.856
"02/21/1995","S65E","KJELDAHL NITROGEN, TOTAL","mg/L",0.8125
"02/22/1995","S65E","KJELDAHL NITROGEN, TOTAL","mg/L",0.95
"02/23/1995","S65E","KJELDAHL NITROGEN, TOTAL","mg/L",0.888
"02/24/1995","S65E","KJELDAHL NITROGEN, TOTAL","mg/L",0.99
"02/25/1995","S65E","KJELDAHL NITROGEN, TOTAL","mg/L",0.971
"02/26/1995","S65E","KJELDAHL NITROGEN, TOTAL","mg/L",0.856
"02/27/1995","S65E","KJELDAHL NITROGEN, TOTAL","mg/L",0.939
"02/28/1995","S65E","KJELDAHL NITROGEN, TOTAL","mg/L",0.864
"03/02/1995","S65E","KJELDAHL NITROGEN, TOTAL","mg/L",0.79
"03/03/1995","S65E","KJELDAHL NITROGEN, TOTAL","mg/L",1.035
"03/04/1995","S65E","KJELDAHL NITROGEN, TOTAL","mg/L",1.004
"03/05/1995","S65E","KJELDAHL NITROGEN, TOTAL","mg/L",1.025
"03/06/1995","S65E","KJELDAHL NITROGEN, TOTAL","mg/L",0.97
"03/07/1995","S65E","KJELDAHL NITROGEN, TOTAL","mg/L",0.9605
"03/08/1995","S65E","KJELDAHL NITROGEN, TOTAL","mg/L",1.045
"03/10/1995","S65E","KJELDAHL NITROGEN, TOTAL","mg/L",0.77
"03/11/1995","S65E","KJELDAHL NITROGEN, TOTAL","mg/L",0.732
"03/12/1995","S65E","KJELDAHL NITROGEN, TOTAL","mg/L",0.764
"03/13/1995","S65E","KJELDAHL NITROGEN, TOTAL","mg/L",0.556
"03/14/1995","S65E","KJELDAHL NITROGEN, TOTAL","mg/L",1.039
"03/15/1995","S65E","KJELDAHL NITROGEN, TOTAL","mg/L",0.879
"03/16/1995","S65E","KJELDAHL NITROGEN, TOTAL","mg/L",0.962
"03/17/1995","S65E","KJELDAHL NITROGEN, TOTAL","mg/L",1.124
"03/18/1995","S65E","KJELDAHL NITROGEN, TOTAL","mg/L",1.18
"03/19/1995","S65E","KJELDAHL NITROGEN, TOTAL","mg/L",1.186
"03/20/1995","S65E","KJELDAHL NITROGEN, TOTAL","mg/L",1.317
"03/21/1995","S65E","KJELDAHL NITROGEN, TOTAL","mg/L",2.481
"03/30/1995","S65E","KJELDAHL NITROGEN, TOTAL","mg/L",0.905
"03/31/1995","S65E","KJELDAHL NITROGEN, TOTAL","mg/L",0.929
"04/01/1995","S65E","KJELDAHL NITROGEN, TOTAL","mg/L",1.113
"04/02/1995","S65E","KJELDAHL NITROGEN, TOTAL","mg/L",1.397
"04/03/1995","S65E","KJELDAHL NITROGEN, TOTAL","mg/L",1.213
"04/04/1995","S65E","KJELDAHL NITROGEN, TOTAL","mg/L",1.191
"04/05/1995","S65E","KJELDAHL NITROGEN, TOTAL","mg/L",0.979
"04/06/1995","S65E","KJELDAHL NITROGEN, TOTAL","mg/L",1.179
"04/07/1995","S65E","KJELDAHL NITROGEN, TOTAL","mg/L",0.959
"04/08/1995","S65E","KJELDAHL NITROGEN, TOTAL","mg/L",1.068
"04/09/1995","S65E","KJELDAHL NITROGEN, TOTAL","mg/L",1.051
"04/10/1995","S65E","KJELDAHL NITROGEN, TOTAL","mg/L",1.042
"04/11/1995","S65E","KJELDAHL NITROGEN, TOTAL","mg/L",0.87
"04/13/1995","S65E","KJELDAHL NITROGEN, TOTAL","mg/L",0.928
"04/14/1995","S65E","KJELDAHL NITROGEN, TOTAL","mg/L",1.098
"04/15/1995","S65E","KJELDAHL NITROGEN, TOTAL","mg/L",0.991
"04/16/1995","S65E","KJELDAHL NITROGEN, TOTAL","mg/L",0.871
"04/17/1995","S65E","KJELDAHL NITROGEN, TOTAL","mg/L",0.972
"04/18/1995","S65E","KJELDAHL NITROGEN, TOTAL","mg/L",0.469666666666667
"04/19/1995","S65E","KJELDAHL NITROGEN, TOTAL","mg/L",1.206
"04/20/1995","S65E","KJELDAHL NITROGEN, TOTAL","mg/L",1.243
"04/21/1995","S65E","KJELDAHL NITROGEN, TOTAL","mg/L",1.375
"04/22/1995","S65E","KJELDAHL NITROGEN, TOTAL","mg/L",1.346
"04/23/1995","S65E","KJELDAHL NITROGEN, TOTAL","mg/L",1.321
"04/24/1995","S65E","KJELDAHL NITROGEN, TOTAL","mg/L",1.478
"04/25/1995","S65E","KJELDAHL NITROGEN, TOTAL","mg/L",1.344
"04/27/1995","S65E","KJELDAHL NITROGEN, TOTAL","mg/L",1.123
"04/28/1995","S65E","KJELDAHL NITROGEN, TOTAL","mg/L",1.185
"04/29/1995","S65E","KJELDAHL NITROGEN, TOTAL","mg/L",1.142
"04/30/1995","S65E","KJELDAHL NITROGEN, TOTAL","mg/L",1.247
"05/01/1995","S65E","KJELDAHL NITROGEN, TOTAL","mg/L",1.162
"05/02/1995","S65E","KJELDAHL NITROGEN, TOTAL","mg/L",1.0405
"05/04/1995","S65E","KJELDAHL NITROGEN, TOTAL","mg/L",1.239
"05/05/1995","S65E","KJELDAHL NITROGEN, TOTAL","mg/L",1.256
"05/06/1995","S65E","KJELDAHL NITROGEN, TOTAL","mg/L",1.914
"05/07/1995","S65E","KJELDAHL NITROGEN, TOTAL","mg/L",1.95
"05/08/1995","S65E","KJELDAHL NITROGEN, TOTAL","mg/L",1.719
"05/09/1995","S65E","KJELDAHL NITROGEN, TOTAL","mg/L",1.464
"05/10/1995","S65E","KJELDAHL NITROGEN, TOTAL","mg/L",1.455
"05/11/1995","S65E","KJELDAHL NITROGEN, TOTAL","mg/L",1.395
"05/12/1995","S65E","KJELDAHL NITROGEN, TOTAL","mg/L",1.286
"05/13/1995","S65E","KJELDAHL NITROGEN, TOTAL","mg/L",1.435
"05/14/1995","S65E","KJELDAHL NITROGEN, TOTAL","mg/L",1.561
"05/15/1995","S65E","KJELDAHL NITROGEN, TOTAL","mg/L",1.299
"05/16/1995","S65E","KJELDAHL NITROGEN, TOTAL","mg/L",0.811
"05/24/1995","S65E","KJELDAHL NITROGEN, TOTAL","mg/L",0.862
"05/25/1995","S65E","KJELDAHL NITROGEN, TOTAL","mg/L",0.865
"05/26/1995","S65E","KJELDAHL NITROGEN, TOTAL","mg/L",0.985
"05/27/1995","S65E","KJELDAHL NITROGEN, TOTAL","mg/L",1.045
"05/28/1995","S65E","KJELDAHL NITROGEN, TOTAL","mg/L",0.885
"05/29/1995","S65E","KJELDAHL NITROGEN, TOTAL","mg/L",0.87
"05/30/1995","S65E","KJELDAHL NITROGEN, TOTAL","mg/L",1.096
"06/01/1995","S65E","KJELDAHL NITROGEN, TOTAL","mg/L",1.376
"06/02/1995","S65E","KJELDAHL NITROGEN, TOTAL","mg/L",0.961
"06/03/1995","S65E","KJELDAHL NITROGEN, TOTAL","mg/L",1.012
"06/04/1995","S65E","KJELDAHL NITROGEN, TOTAL","mg/L",1.152
"06/08/1995","S65E","KJELDAHL NITROGEN, TOTAL","mg/L",1.527
"06/09/1995","S65E","KJELDAHL NITROGEN, TOTAL","mg/L",1.439
"06/10/1995","S65E","KJELDAHL NITROGEN, TOTAL","mg/L",1.439
"06/11/1995","S65E","KJELDAHL NITROGEN, TOTAL","mg/L",1.408
"06/12/1995","S65E","KJELDAHL NITROGEN, TOTAL","mg/L",1.277
"06/13/1995","S65E","KJELDAHL NITROGEN, TOTAL","mg/L",1.323
"06/14/1995","S65E","KJELDAHL NITROGEN, TOTAL","mg/L",1.119
"06/15/1995","S65E","KJELDAHL NITROGEN, TOTAL","mg/L",1.233
"06/16/1995","S65E","KJELDAHL NITROGEN, TOTAL","mg/L",1.101
"06/17/1995","S65E","KJELDAHL NITROGEN, TOTAL","mg/L",1.127
"06/21/1995","S65E","KJELDAHL NITROGEN, TOTAL","mg/L",0.928
"06/22/1995","S65E","KJELDAHL NITROGEN, TOTAL","mg/L",0.91
"06/23/1995","S65E","KJELDAHL NITROGEN, TOTAL","mg/L",1.21
"06/24/1995","S65E","KJELDAHL NITROGEN, TOTAL","mg/L",1.075
"06/25/1995","S65E","KJELDAHL NITROGEN, TOTAL","mg/L",1.029
"06/26/1995","S65E","KJELDAHL NITROGEN, TOTAL","mg/L",0.95
"06/27/1995","S65E","KJELDAHL NITROGEN, TOTAL","mg/L",1.181
"06/29/1995","S65E","KJELDAHL NITROGEN, TOTAL","mg/L",0.95
"06/30/1995","S65E","KJELDAHL NITROGEN, TOTAL","mg/L",0.865
"07/01/1995","S65E","KJELDAHL NITROGEN, TOTAL","mg/L",0.834
"07/02/1995","S65E","KJELDAHL NITROGEN, TOTAL","mg/L",0.983
"07/03/1995","S65E","KJELDAHL NITROGEN, TOTAL","mg/L",1.939
"07/04/1995","S65E","KJELDAHL NITROGEN, TOTAL","mg/L",0.884
"07/11/1995","S65E","KJELDAHL NITROGEN, TOTAL","mg/L",0.897
"07/12/1995","S65E","KJELDAHL NITROGEN, TOTAL","mg/L",0.753
"07/13/1995","S65E","KJELDAHL NITROGEN, TOTAL","mg/L",1.002
"07/14/1995","S65E","KJELDAHL NITROGEN, TOTAL","mg/L",0.728
"07/15/1995","S65E","KJELDAHL NITROGEN, TOTAL","mg/L",0.84
"07/16/1995","S65E","KJELDAHL NITROGEN, TOTAL","mg/L",0.847
"07/17/1995","S65E","KJELDAHL NITROGEN, TOTAL","mg/L",0.958
"07/18/1995","S65E","KJELDAHL NITROGEN, TOTAL","mg/L",0.988
"07/20/1995","S65E","KJELDAHL NITROGEN, TOTAL","mg/L",0.93
"07/25/1995","S65E","KJELDAHL NITROGEN, TOTAL","mg/L",0.854
"07/27/1995","S65E","KJELDAHL NITROGEN, TOTAL","mg/L",1.167
"07/28/1995","S65E","KJELDAHL NITROGEN, TOTAL","mg/L",1.268
"07/29/1995","S65E","KJELDAHL NITROGEN, TOTAL","mg/L",0.934
"07/30/1995","S65E","KJELDAHL NITROGEN, TOTAL","mg/L",1.158
"07/31/1995","S65E","KJELDAHL NITROGEN, TOTAL","mg/L",0.876
"08/01/1995","S65E","KJELDAHL NITROGEN, TOTAL","mg/L",0.98
"08/02/1995","S65E","KJELDAHL NITROGEN, TOTAL","mg/L",0.854
"08/03/1995","S65E","KJELDAHL NITROGEN, TOTAL","mg/L",0.867
"08/04/1995","S65E","KJELDAHL NITROGEN, TOTAL","mg/L",0.783
"08/05/1995","S65E","KJELDAHL NITROGEN, TOTAL","mg/L",0.68
"08/06/1995","S65E","KJELDAHL NITROGEN, TOTAL","mg/L",0.683
"08/07/1995","S65E","KJELDAHL NITROGEN, TOTAL","mg/L",0.892
"08/08/1995","S65E","KJELDAHL NITROGEN, TOTAL","mg/L",1.316
"08/17/1995","S65E","KJELDAHL NITROGEN, TOTAL","mg/L",1.066
"08/18/1995","S65E","KJELDAHL NITROGEN, TOTAL","mg/L",1.072
"08/19/1995","S65E","KJELDAHL NITROGEN, TOTAL","mg/L",1.259
"08/20/1995","S65E","KJELDAHL NITROGEN, TOTAL","mg/L",1.143
"08/21/1995","S65E","KJELDAHL NITROGEN, TOTAL","mg/L",1.274
"08/22/1995","S65E","KJELDAHL NITROGEN, TOTAL","mg/L",0.927
"08/23/1995","S65E","KJELDAHL NITROGEN, TOTAL","mg/L",1.073
"08/24/1995","S65E","KJELDAHL NITROGEN, TOTAL","mg/L",1.138
"08/25/1995","S65E","KJELDAHL NITROGEN, TOTAL","mg/L",0.903
"08/26/1995","S65E","KJELDAHL NITROGEN, TOTAL","mg/L",1.178
"08/27/1995","S65E","KJELDAHL NITROGEN, TOTAL","mg/L",1.169
"08/28/1995","S65E","KJELDAHL NITROGEN, TOTAL","mg/L",1.252
"08/29/1995","S65E","KJELDAHL NITROGEN, TOTAL","mg/L",1.241
"08/30/1995","S65E","KJELDAHL NITROGEN, TOTAL","mg/L",1.579
"08/31/1995","S65E","KJELDAHL NITROGEN, TOTAL","mg/L",1.084
"09/01/1995","S65E","KJELDAHL NITROGEN, TOTAL","mg/L",0.944
"09/02/1995","S65E","KJELDAHL NITROGEN, TOTAL","mg/L",1.2015
"09/04/1995","S65E","KJELDAHL NITROGEN, TOTAL","mg/L",0.914
"09/05/1995","S65E","KJELDAHL NITROGEN, TOTAL","mg/L",1.119
"09/06/1995","S65E","KJELDAHL NITROGEN, TOTAL","mg/L",1.209
"09/07/1995","S65E","KJELDAHL NITROGEN, TOTAL","mg/L",1.306
"09/08/1995","S65E","KJELDAHL NITROGEN, TOTAL","mg/L",1.544
"09/09/1995","S65E","KJELDAHL NITROGEN, TOTAL","mg/L",1.428
"09/10/1995","S65E","KJELDAHL NITROGEN, TOTAL","mg/L",1.139
"09/11/1995","S65E","KJELDAHL NITROGEN, TOTAL","mg/L",1.42
"09/12/1995","S65E","KJELDAHL NITROGEN, TOTAL","mg/L",1.526
"09/13/1995","S65E","KJELDAHL NITROGEN, TOTAL","mg/L",0.89
"09/14/1995","S65E","KJELDAHL NITROGEN, TOTAL","mg/L",0.976
"09/15/1995","S65E","KJELDAHL NITROGEN, TOTAL","mg/L",1.183
"09/16/1995","S65E","KJELDAHL NITROGEN, TOTAL","mg/L",0.866
"09/17/1995","S65E","KJELDAHL NITROGEN, TOTAL","mg/L",0.797
"09/18/1995","S65E","KJELDAHL NITROGEN, TOTAL","mg/L",0.95
"09/19/1995","S65E","KJELDAHL NITROGEN, TOTAL","mg/L",0.9075
"09/20/1995","S65E","KJELDAHL NITROGEN, TOTAL","mg/L",0.775
"09/21/1995","S65E","KJELDAHL NITROGEN, TOTAL","mg/L",1.006
"09/22/1995","S65E","KJELDAHL NITROGEN, TOTAL","mg/L",0.931
"09/23/1995","S65E","KJELDAHL NITROGEN, TOTAL","mg/L",0.606
"09/24/1995","S65E","KJELDAHL NITROGEN, TOTAL","mg/L",1.042
"09/25/1995","S65E","KJELDAHL NITROGEN, TOTAL","mg/L",0.993
"09/26/1995","S65E","KJELDAHL NITROGEN, TOTAL","mg/L",0.788
"09/28/1995","S65E","KJELDAHL NITROGEN, TOTAL","mg/L",1.317
"09/29/1995","S65E","KJELDAHL NITROGEN, TOTAL","mg/L",1.036
"09/30/1995","S65E","KJELDAHL NITROGEN, TOTAL","mg/L",1.237
"10/01/1995","S65E","KJELDAHL NITROGEN, TOTAL","mg/L",1.595
"10/02/1995","S65E","KJELDAHL NITROGEN, TOTAL","mg/L",0.991
"10/03/1995","S65E","KJELDAHL NITROGEN, TOTAL","mg/L",0.7285
"10/04/1995","S65E","KJELDAHL NITROGEN, TOTAL","mg/L",0.867
"10/05/1995","S65E","KJELDAHL NITROGEN, TOTAL","mg/L",1.303
"10/06/1995","S65E","KJELDAHL NITROGEN, TOTAL","mg/L",1.026
"10/07/1995","S65E","KJELDAHL NITROGEN, TOTAL","mg/L",1.219
"10/08/1995","S65E","KJELDAHL NITROGEN, TOTAL","mg/L",1.219
"10/09/1995","S65E","KJELDAHL NITROGEN, TOTAL","mg/L",1.137
"10/10/1995","S65E","KJELDAHL NITROGEN, TOTAL","mg/L",1.262
"10/11/1995","S65E","KJELDAHL NITROGEN, TOTAL","mg/L",1.122
"10/12/1995","S65E","KJELDAHL NITROGEN, TOTAL","mg/L",1.255
"10/13/1995","S65E","KJELDAHL NITROGEN, TOTAL","mg/L",1.058
"10/14/1995","S65E","KJELDAHL NITROGEN, TOTAL","mg/L",1.336
"10/15/1995","S65E","KJELDAHL NITROGEN, TOTAL","mg/L",1.07
"10/16/1995","S65E","KJELDAHL NITROGEN, TOTAL","mg/L",1.477
"10/17/1995","S65E","KJELDAHL NITROGEN, TOTAL","mg/L",1.2905
"10/18/1995","S65E","KJELDAHL NITROGEN, TOTAL","mg/L",1.642
"10/19/1995","S65E","KJELDAHL NITROGEN, TOTAL","mg/L",1.215
"10/20/1995","S65E","KJELDAHL NITROGEN, TOTAL","mg/L",1.49
"10/21/1995","S65E","KJELDAHL NITROGEN, TOTAL","mg/L",1.342
"10/22/1995","S65E","KJELDAHL NITROGEN, TOTAL","mg/L",1.298
"10/23/1995","S65E","KJELDAHL NITROGEN, TOTAL","mg/L",1.357
"10/24/1995","S65E","KJELDAHL NITROGEN, TOTAL","mg/L",1.384
"10/25/1995","S65E","KJELDAHL NITROGEN, TOTAL","mg/L",2.849
"10/26/1995","S65E","KJELDAHL NITROGEN, TOTAL","mg/L",1.171
"10/27/1995","S65E","KJELDAHL NITROGEN, TOTAL","mg/L",1.018
"10/28/1995","S65E","KJELDAHL NITROGEN, TOTAL","mg/L",0.995
"10/29/1995","S65E","KJELDAHL NITROGEN, TOTAL","mg/L",0.995
"10/30/1995","S65E","KJELDAHL NITROGEN, TOTAL","mg/L",1.104
"10/31/1995","S65E","KJELDAHL NITROGEN, TOTAL","mg/L",0.929
"11/01/1995","S65E","KJELDAHL NITROGEN, TOTAL","mg/L",1.095
"11/02/1995","S65E","KJELDAHL NITROGEN, TOTAL","mg/L",1.105
"11/03/1995","S65E","KJELDAHL NITROGEN, TOTAL","mg/L",1.221
"11/04/1995","S65E","KJELDAHL NITROGEN, TOTAL","mg/L",1.006
"11/05/1995","S65E","KJELDAHL NITROGEN, TOTAL","mg/L",1.06
"11/06/1995","S65E","KJELDAHL NITROGEN, TOTAL","mg/L",0.97
"11/07/1995","S65E","KJELDAHL NITROGEN, TOTAL","mg/L",1.009
"11/08/1995","S65E","KJELDAHL NITROGEN, TOTAL","mg/L",1.03
"11/09/1995","S65E","KJELDAHL NITROGEN, TOTAL","mg/L",1.134
"11/10/1995","S65E","KJELDAHL NITROGEN, TOTAL","mg/L",1.312
"11/11/1995","S65E","KJELDAHL NITROGEN, TOTAL","mg/L",1.101
"11/12/1995","S65E","KJELDAHL NITROGEN, TOTAL","mg/L",1.065
"11/13/1995","S65E","KJELDAHL NITROGEN, TOTAL","mg/L",1.039
"11/14/1995","S65E","KJELDAHL NITROGEN, TOTAL","mg/L",0.9335
"11/15/1995","S65E","KJELDAHL NITROGEN, TOTAL","mg/L",1.086
"11/16/1995","S65E","KJELDAHL NITROGEN, TOTAL","mg/L",1.28
"11/17/1995","S65E","KJELDAHL NITROGEN, TOTAL","mg/L",0.998
"11/18/1995","S65E","KJELDAHL NITROGEN, TOTAL","mg/L",0.934
"11/19/1995","S65E","KJELDAHL NITROGEN, TOTAL","mg/L",0.87
"11/20/1995","S65E","KJELDAHL NITROGEN, TOTAL","mg/L",0.908
"11/21/1995","S65E","KJELDAHL NITROGEN, TOTAL","mg/L",0.839
"11/22/1995","S65E","KJELDAHL NITROGEN, TOTAL","mg/L",0.91
"11/23/1995","S65E","KJELDAHL NITROGEN, TOTAL","mg/L",0.776
"11/24/1995","S65E","KJELDAHL NITROGEN, TOTAL","mg/L",1.065
"11/25/1995","S65E","KJELDAHL NITROGEN, TOTAL","mg/L",1.022
"11/26/1995","S65E","KJELDAHL NITROGEN, TOTAL","mg/L",0.779
"11/27/1995","S65E","KJELDAHL NITROGEN, TOTAL","mg/L",0.87
"11/28/1995","S65E","KJELDAHL NITROGEN, TOTAL","mg/L",0.748
"11/29/1995","S65E","KJELDAHL NITROGEN, TOTAL","mg/L",1.023
"11/30/1995","S65E","KJELDAHL NITROGEN, TOTAL","mg/L",0.922
"12/01/1995","S65E","KJELDAHL NITROGEN, TOTAL","mg/L",1.258
"12/02/1995","S65E","KJELDAHL NITROGEN, TOTAL","mg/L",1.099
"12/03/1995","S65E","KJELDAHL NITROGEN, TOTAL","mg/L",1.056
"12/04/1995","S65E","KJELDAHL NITROGEN, TOTAL","mg/L",1.173
"12/05/1995","S65E","KJELDAHL NITROGEN, TOTAL","mg/L",1.121
"12/06/1995","S65E","KJELDAHL NITROGEN, TOTAL","mg/L",1.066
"12/07/1995","S65E","KJELDAHL NITROGEN, TOTAL","mg/L",1.632
"12/08/1995","S65E","KJELDAHL NITROGEN, TOTAL","mg/L",1.259
"12/09/1995","S65E","KJELDAHL NITROGEN, TOTAL","mg/L",1.215
"12/10/1995","S65E","KJELDAHL NITROGEN, TOTAL","mg/L",0.96
"12/11/1995","S65E","KJELDAHL NITROGEN, TOTAL","mg/L",1.294
"12/12/1995","S65E","KJELDAHL NITROGEN, TOTAL","mg/L",1.0515
"12/14/1995","S65E","KJELDAHL NITROGEN, TOTAL","mg/L",1.006
"12/15/1995","S65E","KJELDAHL NITROGEN, TOTAL","mg/L",0.957
"12/16/1995","S65E","KJELDAHL NITROGEN, TOTAL","mg/L",1.006
"12/17/1995","S65E","KJELDAHL NITROGEN, TOTAL","mg/L",0.843
"12/18/1995","S65E","KJELDAHL NITROGEN, TOTAL","mg/L",0.793
"12/19/1995","S65E","KJELDAHL NITROGEN, TOTAL","mg/L",1.161
"12/20/1995","S65E","KJELDAHL NITROGEN, TOTAL","mg/L",0.907
"12/21/1995","S65E","KJELDAHL NITROGEN, TOTAL","mg/L",0.869
"12/22/1995","S65E","KJELDAHL NITROGEN, TOTAL","mg/L",0.949
"12/23/1995","S65E","KJELDAHL NITROGEN, TOTAL","mg/L",0.938
"12/24/1995","S65E","KJELDAHL NITROGEN, TOTAL","mg/L",0.993
"12/25/1995","S65E","KJELDAHL NITROGEN, TOTAL","mg/L",0.924
"12/26/1995","S65E","KJELDAHL NITROGEN, TOTAL","mg/L",0.959
"12/27/1995","S65E","KJELDAHL NITROGEN, TOTAL","mg/L",0.884
"12/28/1995","S65E","KJELDAHL NITROGEN, TOTAL","mg/L",0.653
"12/29/1995","S65E","KJELDAHL NITROGEN, TOTAL","mg/L",0.729
"12/30/1995","S65E","KJELDAHL NITROGEN, TOTAL","mg/L",0.678
"12/31/1995","S65E","KJELDAHL NITROGEN, TOTAL","mg/L",0.632
"01/01/1996","S65E","KJELDAHL NITROGEN, TOTAL","mg/L",0.602
"01/02/1996","S65E","KJELDAHL NITROGEN, TOTAL","mg/L",0.772
"01/03/1996","S65E","KJELDAHL NITROGEN, TOTAL","mg/L",1.087
"01/04/1996","S65E","KJELDAHL NITROGEN, TOTAL","mg/L",0.774
"01/05/1996","S65E","KJELDAHL NITROGEN, TOTAL","mg/L",0.765
"01/06/1996","S65E","KJELDAHL NITROGEN, TOTAL","mg/L",0.743
"01/07/1996","S65E","KJELDAHL NITROGEN, TOTAL","mg/L",0.743
"01/08/1996","S65E","KJELDAHL NITROGEN, TOTAL","mg/L",0.747
"01/09/1996","S65E","KJELDAHL NITROGEN, TOTAL","mg/L",0.784
"01/10/1996","S65E","KJELDAHL NITROGEN, TOTAL","mg/L",0.886
"01/11/1996","S65E","KJELDAHL NITROGEN, TOTAL","mg/L",0.73
"01/12/1996","S65E","KJELDAHL NITROGEN, TOTAL","mg/L",0.679
"01/13/1996","S65E","KJELDAHL NITROGEN, TOTAL","mg/L",0.688
"01/14/1996","S65E","KJELDAHL NITROGEN, TOTAL","mg/L",0.822
"01/15/1996","S65E","KJELDAHL NITROGEN, TOTAL","mg/L",0.744
"01/16/1996","S65E","KJELDAHL NITROGEN, TOTAL","mg/L",0.799
"01/17/1996","S65E","KJELDAHL NITROGEN, TOTAL","mg/L",0.799
"01/18/1996","S65E","KJELDAHL NITROGEN, TOTAL","mg/L",0.752
"01/19/1996","S65E","KJELDAHL NITROGEN, TOTAL","mg/L",0.686
"01/20/1996","S65E","KJELDAHL NITROGEN, TOTAL","mg/L",0.856
"01/21/1996","S65E","KJELDAHL NITROGEN, TOTAL","mg/L",0.717
"01/22/1996","S65E","KJELDAHL NITROGEN, TOTAL","mg/L",0.697
"01/23/1996","S65E","KJELDAHL NITROGEN, TOTAL","mg/L",1.008
"01/24/1996","S65E","KJELDAHL NITROGEN, TOTAL","mg/L",0.975
"01/25/1996","S65E","KJELDAHL NITROGEN, TOTAL","mg/L",0.839
"01/26/1996","S65E","KJELDAHL NITROGEN, TOTAL","mg/L",1.228
"01/27/1996","S65E","KJELDAHL NITROGEN, TOTAL","mg/L",1.187
"01/28/1996","S65E","KJELDAHL NITROGEN, TOTAL","mg/L",0.826
"01/29/1996","S65E","KJELDAHL NITROGEN, TOTAL","mg/L",0.912
"01/30/1996","S65E","KJELDAHL NITROGEN, TOTAL","mg/L",0.889
"01/31/1996","S65E","KJELDAHL NITROGEN, TOTAL","mg/L",0.688
"02/01/1996","S65E","KJELDAHL NITROGEN, TOTAL","mg/L",0.709
"02/02/1996","S65E","KJELDAHL NITROGEN, TOTAL","mg/L",0.89
"02/03/1996","S65E","KJELDAHL NITROGEN, TOTAL","mg/L",0.861
"02/04/1996","S65E","KJELDAHL NITROGEN, TOTAL","mg/L",0.982
"02/05/1996","S65E","KJELDAHL NITROGEN, TOTAL","mg/L",1.192
"02/06/1996","S65E","KJELDAHL NITROGEN, TOTAL","mg/L",0.6698
"02/08/1996","S65E","KJELDAHL NITROGEN, TOTAL","mg/L",1.465
"02/09/1996","S65E","KJELDAHL NITROGEN, TOTAL","mg/L",1.696
"02/10/1996","S65E","KJELDAHL NITROGEN, TOTAL","mg/L",1.677
"02/11/1996","S65E","KJELDAHL NITROGEN, TOTAL","mg/L",1.517
"02/12/1996","S65E","KJELDAHL NITROGEN, TOTAL","mg/L",1.628
"02/13/1996","S65E","KJELDAHL NITROGEN, TOTAL","mg/L",1.592
"02/14/1996","S65E","KJELDAHL NITROGEN, TOTAL","mg/L",1.436
"02/15/1996","S65E","KJELDAHL NITROGEN, TOTAL","mg/L",-0.5
"02/16/1996","S65E","KJELDAHL NITROGEN, TOTAL","mg/L",0.8
"02/17/1996","S65E","KJELDAHL NITROGEN, TOTAL","mg/L",0.602
"02/18/1996","S65E","KJELDAHL NITROGEN, TOTAL","mg/L",0.657
"02/19/1996","S65E","KJELDAHL NITROGEN, TOTAL","mg/L",-0.5
"02/20/1996","S65E","KJELDAHL NITROGEN, TOTAL","mg/L",0.7904
"02/21/1996","S65E","KJELDAHL NITROGEN, TOTAL","mg/L",0.83
"02/22/1996","S65E","KJELDAHL NITROGEN, TOTAL","mg/L",1.345
"02/23/1996","S65E","KJELDAHL NITROGEN, TOTAL","mg/L",1.641
"02/24/1996","S65E","KJELDAHL NITROGEN, TOTAL","mg/L",1.25
"02/25/1996","S65E","KJELDAHL NITROGEN, TOTAL","mg/L",1.902
"02/26/1996","S65E","KJELDAHL NITROGEN, TOTAL","mg/L",1.412
"02/27/1996","S65E","KJELDAHL NITROGEN, TOTAL","mg/L",1.731
"02/28/1996","S65E","KJELDAHL NITROGEN, TOTAL","mg/L",1.601
"02/29/1996","S65E","KJELDAHL NITROGEN, TOTAL","mg/L",0.935
"03/01/1996","S65E","KJELDAHL NITROGEN, TOTAL","mg/L",1.068
"03/02/1996","S65E","KJELDAHL NITROGEN, TOTAL","mg/L",1.402
"03/03/1996","S65E","KJELDAHL NITROGEN, TOTAL","mg/L",1.54
"03/04/1996","S65E","KJELDAHL NITROGEN, TOTAL","mg/L",1.078
"03/05/1996","S65E","KJELDAHL NITROGEN, TOTAL","mg/L",0.5446
"03/06/1996","S65E","KJELDAHL NITROGEN, TOTAL","mg/L",1.382
"03/08/1996","S65E","KJELDAHL NITROGEN, TOTAL","mg/L",1.646
"03/09/1996","S65E","KJELDAHL NITROGEN, TOTAL","mg/L",1.325
"03/10/1996","S65E","KJELDAHL NITROGEN, TOTAL","mg/L",1.211
"03/11/1996","S65E","KJELDAHL NITROGEN, TOTAL","mg/L",1.139
"03/12/1996","S65E","KJELDAHL NITROGEN, TOTAL","mg/L",1.1
"03/13/1996","S65E","KJELDAHL NITROGEN, TOTAL","mg/L",0.866
"03/14/1996","S65E","KJELDAHL NITROGEN, TOTAL","mg/L",1.039
"03/15/1996","S65E","KJELDAHL NITROGEN, TOTAL","mg/L",1.326
"03/16/1996","S65E","KJELDAHL NITROGEN, TOTAL","mg/L",1.429
"03/17/1996","S65E","KJELDAHL NITROGEN, TOTAL","mg/L",1.644
"03/18/1996","S65E","KJELDAHL NITROGEN, TOTAL","mg/L",1.243
"03/19/1996","S65E","KJELDAHL NITROGEN, TOTAL","mg/L",0.8422
"03/20/1996","S65E","KJELDAHL NITROGEN, TOTAL","mg/L",1.141
"03/21/1996","S65E","KJELDAHL NITROGEN, TOTAL","mg/L",1.301
"03/22/1996","S65E","KJELDAHL NITROGEN, TOTAL","mg/L",1.362
"03/23/1996","S65E","KJELDAHL NITROGEN, TOTAL","mg/L",1.054
"03/24/1996","S65E","KJELDAHL NITROGEN, TOTAL","mg/L",1.222
"03/25/1996","S65E","KJELDAHL NITROGEN, TOTAL","mg/L",1.1
"03/26/1996","S65E","KJELDAHL NITROGEN, TOTAL","mg/L",0.993
"03/27/1996","S65E","KJELDAHL NITROGEN, TOTAL","mg/L",1.03
"03/28/1996","S65E","KJELDAHL NITROGEN, TOTAL","mg/L",1.003
"03/29/1996","S65E","KJELDAHL NITROGEN, TOTAL","mg/L",1.084
"03/30/1996","S65E","KJELDAHL NITROGEN, TOTAL","mg/L",0.651
"03/31/1996","S65E","KJELDAHL NITROGEN, TOTAL","mg/L",0.683
"04/01/1996","S65E","KJELDAHL NITROGEN, TOTAL","mg/L",0.849
"04/02/1996","S65E","KJELDAHL NITROGEN, TOTAL","mg/L",0.9196
"04/03/1996","S65E","KJELDAHL NITROGEN, TOTAL","mg/L",0.982
"04/04/1996","S65E","KJELDAHL NITROGEN, TOTAL","mg/L",0.59
"04/05/1996","S65E","KJELDAHL NITROGEN, TOTAL","mg/L",1.164
"04/06/1996","S65E","KJELDAHL NITROGEN, TOTAL","mg/L",0.718
"04/07/1996","S65E","KJELDAHL NITROGEN, TOTAL","mg/L",1.18633333333333
"04/08/1996","S65E","KJELDAHL NITROGEN, TOTAL","mg/L",0.686
"04/09/1996","S65E","KJELDAHL NITROGEN, TOTAL","mg/L",1.01133333333333
"04/10/1996","S65E","KJELDAHL NITROGEN, TOTAL","mg/L",0.722
"04/11/1996","S65E","KJELDAHL NITROGEN, TOTAL","mg/L",0.857
"04/12/1996","S65E","KJELDAHL NITROGEN, TOTAL","mg/L",1.14733333333333
"04/13/1996","S65E","KJELDAHL NITROGEN, TOTAL","mg/L",0.823
"04/14/1996","S65E","KJELDAHL NITROGEN, TOTAL","mg/L",1.05166666666667
"04/15/1996","S65E","KJELDAHL NITROGEN, TOTAL","mg/L",0.897
"04/16/1996","S65E","KJELDAHL NITROGEN, TOTAL","mg/L",0.871571428571429
"04/17/1996","S65E","KJELDAHL NITROGEN, TOTAL","mg/L",0.932
"04/18/1996","S65E","KJELDAHL NITROGEN, TOTAL","mg/L",0.917
"04/19/1996","S65E","KJELDAHL NITROGEN, TOTAL","mg/L",0.9365
"04/20/1996","S65E","KJELDAHL NITROGEN, TOTAL","mg/L",0.84
"04/21/1996","S65E","KJELDAHL NITROGEN, TOTAL","mg/L",0.8965
"04/22/1996","S65E","KJELDAHL NITROGEN, TOTAL","mg/L",0.821
"04/23/1996","S65E","KJELDAHL NITROGEN, TOTAL","mg/L",0.9735
"04/24/1996","S65E","KJELDAHL NITROGEN, TOTAL","mg/L",0.859
"04/25/1996","S65E","KJELDAHL NITROGEN, TOTAL","mg/L",0.931
"04/26/1996","S65E","KJELDAHL NITROGEN, TOTAL","mg/L",0.869
"04/27/1996","S65E","KJELDAHL NITROGEN, TOTAL","mg/L",1.036
"04/28/1996","S65E","KJELDAHL NITROGEN, TOTAL","mg/L",0.784
"04/29/1996","S65E","KJELDAHL NITROGEN, TOTAL","mg/L",1.053
"04/30/1996","S65E","KJELDAHL NITROGEN, TOTAL","mg/L",0.780142857142857
"05/01/1996","S65E","KJELDAHL NITROGEN, TOTAL","mg/L",0.867
"05/02/1996","S65E","KJELDAHL NITROGEN, TOTAL","mg/L",0.8595
"05/03/1996","S65E","KJELDAHL NITROGEN, TOTAL","mg/L",0.8635
"05/04/1996","S65E","KJELDAHL NITROGEN, TOTAL","mg/L",0.853
"05/09/1996","S65E","KJELDAHL NITROGEN, TOTAL","mg/L",1.093
"05/10/1996","S65E","KJELDAHL NITROGEN, TOTAL","mg/L",0.924
"05/11/1996","S65E","KJELDAHL NITROGEN, TOTAL","mg/L",0.952
"05/12/1996","S65E","KJELDAHL NITROGEN, TOTAL","mg/L",1.0335
"05/13/1996","S65E","KJELDAHL NITROGEN, TOTAL","mg/L",1.356
"05/14/1996","S65E","KJELDAHL NITROGEN, TOTAL","mg/L",0.635666666666667
"05/15/1996","S65E","KJELDAHL NITROGEN, TOTAL","mg/L",1.188
"05/16/1996","S65E","KJELDAHL NITROGEN, TOTAL","mg/L",1.105
"05/17/1996","S65E","KJELDAHL NITROGEN, TOTAL","mg/L",1.065
"05/18/1996","S65E","KJELDAHL NITROGEN, TOTAL","mg/L",0.9
"05/19/1996","S65E","KJELDAHL NITROGEN, TOTAL","mg/L",0.848
"05/20/1996","S65E","KJELDAHL NITROGEN, TOTAL","mg/L",0.442333333333333
"05/21/1996","S65E","KJELDAHL NITROGEN, TOTAL","mg/L",0.997
"05/22/1996","S65E","KJELDAHL NITROGEN, TOTAL","mg/L",0.808
"05/23/1996","S65E","KJELDAHL NITROGEN, TOTAL","mg/L",0.975
"05/24/1996","S65E","KJELDAHL NITROGEN, TOTAL","mg/L",0.917
"05/25/1996","S65E","KJELDAHL NITROGEN, TOTAL","mg/L",0.859
"05/26/1996","S65E","KJELDAHL NITROGEN, TOTAL","mg/L",0.917
"05/27/1996","S65E","KJELDAHL NITROGEN, TOTAL","mg/L",0.96
"05/28/1996","S65E","KJELDAHL NITROGEN, TOTAL","mg/L",-0.000800000000000001
"05/29/1996","S65E","KJELDAHL NITROGEN, TOTAL","mg/L",0.903
"05/30/1996","S65E","KJELDAHL NITROGEN, TOTAL","mg/L",1.075
"05/31/1996","S65E","KJELDAHL NITROGEN, TOTAL","mg/L",1.105
"06/01/1996","S65E","KJELDAHL NITROGEN, TOTAL","mg/L",1.014
"06/02/1996","S65E","KJELDAHL NITROGEN, TOTAL","mg/L",1.118
"06/03/1996","S65E","KJELDAHL NITROGEN, TOTAL","mg/L",1.187
"06/04/1996","S65E","KJELDAHL NITROGEN, TOTAL","mg/L",1.044
"06/05/1996","S65E","KJELDAHL NITROGEN, TOTAL","mg/L",0.958
"06/06/1996","S65E","KJELDAHL NITROGEN, TOTAL","mg/L",1.117
"06/07/1996","S65E","KJELDAHL NITROGEN, TOTAL","mg/L",1.368
"06/08/1996","S65E","KJELDAHL NITROGEN, TOTAL","mg/L",1.098
"06/09/1996","S65E","KJELDAHL NITROGEN, TOTAL","mg/L",1.052
"06/10/1996","S65E","KJELDAHL NITROGEN, TOTAL","mg/L",0.961
"06/11/1996","S65E","KJELDAHL NITROGEN, TOTAL","mg/L",0.4686
"06/12/1996","S65E","KJELDAHL NITROGEN, TOTAL","mg/L",0.908
"06/13/1996","S65E","KJELDAHL NITROGEN, TOTAL","mg/L",1.117
"06/14/1996","S65E","KJELDAHL NITROGEN, TOTAL","mg/L",1.048
"06/15/1996","S65E","KJELDAHL NITROGEN, TOTAL","mg/L",1.1
"06/16/1996","S65E","KJELDAHL NITROGEN, TOTAL","mg/L",1.126
"06/17/1996","S65E","KJELDAHL NITROGEN, TOTAL","mg/L",1.113
"06/18/1996","S65E","KJELDAHL NITROGEN, TOTAL","mg/L",1.204
"06/19/1996","S65E","KJELDAHL NITROGEN, TOTAL","mg/L",1.171
"06/20/1996","S65E","KJELDAHL NITROGEN, TOTAL","mg/L",1.428
"06/21/1996","S65E","KJELDAHL NITROGEN, TOTAL","mg/L",1.155
"06/22/1996","S65E","KJELDAHL NITROGEN, TOTAL","mg/L",0.966
"06/23/1996","S65E","KJELDAHL NITROGEN, TOTAL","mg/L",0.973
"06/24/1996","S65E","KJELDAHL NITROGEN, TOTAL","mg/L",1.109
"06/25/1996","S65E","KJELDAHL NITROGEN, TOTAL","mg/L",1.2948
"06/26/1996","S65E","KJELDAHL NITROGEN, TOTAL","mg/L",1.008
"06/27/1996","S65E","KJELDAHL NITROGEN, TOTAL","mg/L",0.887
"06/28/1996","S65E","KJELDAHL NITROGEN, TOTAL","mg/L",0.742
"06/29/1996","S65E","KJELDAHL NITROGEN, TOTAL","mg/L",0.561
"06/30/1996","S65E","KJELDAHL NITROGEN, TOTAL","mg/L",0.822
"07/01/1996","S65E","KJELDAHL NITROGEN, TOTAL","mg/L",0.791
"07/02/1996","S65E","KJELDAHL NITROGEN, TOTAL","mg/L",0.887
"07/03/1996","S65E","KJELDAHL NITROGEN, TOTAL","mg/L",0.769
"07/04/1996","S65E","KJELDAHL NITROGEN, TOTAL","mg/L",0.609
"07/05/1996","S65E","KJELDAHL NITROGEN, TOTAL","mg/L",0.687
"07/06/1996","S65E","KJELDAHL NITROGEN, TOTAL","mg/L",0.66
"07/07/1996","S65E","KJELDAHL NITROGEN, TOTAL","mg/L",0.745
"07/08/1996","S65E","KJELDAHL NITROGEN, TOTAL","mg/L",0.62
"07/09/1996","S65E","KJELDAHL NITROGEN, TOTAL","mg/L",0.788
"07/10/1996","S65E","KJELDAHL NITROGEN, TOTAL","mg/L",0.703
"07/11/1996","S65E","KJELDAHL NITROGEN, TOTAL","mg/L",0.647
"07/12/1996","S65E","KJELDAHL NITROGEN, TOTAL","mg/L",0.609
"07/13/1996","S65E","KJELDAHL NITROGEN, TOTAL","mg/L",0.508
"07/14/1996","S65E","KJELDAHL NITROGEN, TOTAL","mg/L",0.768
"07/15/1996","S65E","KJELDAHL NITROGEN, TOTAL","mg/L",0.806
"07/16/1996","S65E","KJELDAHL NITROGEN, TOTAL","mg/L",0.502
"07/17/1996","S65E","KJELDAHL NITROGEN, TOTAL","mg/L",1.097
"07/18/1996","S65E","KJELDAHL NITROGEN, TOTAL","mg/L",1.196
"07/19/1996","S65E","KJELDAHL NITROGEN, TOTAL","mg/L",1.196
"07/20/1996","S65E","KJELDAHL NITROGEN, TOTAL","mg/L",1.165
"07/21/1996","S65E","KJELDAHL NITROGEN, TOTAL","mg/L",1.169
"07/22/1996","S65E","KJELDAHL NITROGEN, TOTAL","mg/L",1.112
"07/23/1996","S65E","KJELDAHL NITROGEN, TOTAL","mg/L",0.63
"07/25/1996","S65E","KJELDAHL NITROGEN, TOTAL","mg/L",0.827
"07/26/1996","S65E","KJELDAHL NITROGEN, TOTAL","mg/L",1.087
"07/27/1996","S65E","KJELDAHL NITROGEN, TOTAL","mg/L",1.112
"07/28/1996","S65E","KJELDAHL NITROGEN, TOTAL","mg/L",1.094
"07/29/1996","S65E","KJELDAHL NITROGEN, TOTAL","mg/L",1.278
"07/30/1996","S65E","KJELDAHL NITROGEN, TOTAL","mg/L",1.059
"07/31/1996","S65E","KJELDAHL NITROGEN, TOTAL","mg/L",1.172
"08/01/1996","S65E","KJELDAHL NITROGEN, TOTAL","mg/L",1.351
"08/02/1996","S65E","KJELDAHL NITROGEN, TOTAL","mg/L",1.331
"08/06/1996","S65E","KJELDAHL NITROGEN, TOTAL","mg/L",0.306
"08/08/1996","S65E","KJELDAHL NITROGEN, TOTAL","mg/L",0.842
"08/09/1996","S65E","KJELDAHL NITROGEN, TOTAL","mg/L",0.79
"08/10/1996","S65E","KJELDAHL NITROGEN, TOTAL","mg/L",0.774
"08/11/1996","S65E","KJELDAHL NITROGEN, TOTAL","mg/L",0.854
"08/12/1996","S65E","KJELDAHL NITROGEN, TOTAL","mg/L",0.854
"08/13/1996","S65E","KJELDAHL NITROGEN, TOTAL","mg/L",0.713
"08/14/1996","S65E","KJELDAHL NITROGEN, TOTAL","mg/L",1.014
"08/15/1996","S65E","KJELDAHL NITROGEN, TOTAL","mg/L",0.873
"08/16/1996","S65E","KJELDAHL NITROGEN, TOTAL","mg/L",0.98
"08/17/1996","S65E","KJELDAHL NITROGEN, TOTAL","mg/L",1.209
"08/18/1996","S65E","KJELDAHL NITROGEN, TOTAL","mg/L",1.022
"08/19/1996","S65E","KJELDAHL NITROGEN, TOTAL","mg/L",0.995
"08/20/1996","S65E","KJELDAHL NITROGEN, TOTAL","mg/L",0.444666666666667
"08/21/1996","S65E","KJELDAHL NITROGEN, TOTAL","mg/L",1.25
"08/22/1996","S65E","KJELDAHL NITROGEN, TOTAL","mg/L",1.512
"08/23/1996","S65E","KJELDAHL NITROGEN, TOTAL","mg/L",1.078
"08/24/1996","S65E","KJELDAHL NITROGEN, TOTAL","mg/L",0.838
"08/25/1996","S65E","KJELDAHL NITROGEN, TOTAL","mg/L",0.974
"08/26/1996","S65E","KJELDAHL NITROGEN, TOTAL","mg/L",1.028
"08/27/1996","S65E","KJELDAHL NITROGEN, TOTAL","mg/L",1.121
"08/28/1996","S65E","KJELDAHL NITROGEN, TOTAL","mg/L",0.869
"08/29/1996","S65E","KJELDAHL NITROGEN, TOTAL","mg/L",1.285
"08/30/1996","S65E","KJELDAHL NITROGEN, TOTAL","mg/L",1.416
"08/31/1996","S65E","KJELDAHL NITROGEN, TOTAL","mg/L",1.149
"09/01/1996","S65E","KJELDAHL NITROGEN, TOTAL","mg/L",1.196
"09/02/1996","S65E","KJELDAHL NITROGEN, TOTAL","mg/L",1.243
"09/03/1996","S65E","KJELDAHL NITROGEN, TOTAL","mg/L",0.621666666666667
"09/04/1996","S65E","KJELDAHL NITROGEN, TOTAL","mg/L",1.392
"09/05/1996","S65E","KJELDAHL NITROGEN, TOTAL","mg/L",1.268
"09/06/1996","S65E","KJELDAHL NITROGEN, TOTAL","mg/L",1.486
"09/07/1996","S65E","KJELDAHL NITROGEN, TOTAL","mg/L",2.057
"09/08/1996","S65E","KJELDAHL NITROGEN, TOTAL","mg/L",1.381
"09/09/1996","S65E","KJELDAHL NITROGEN, TOTAL","mg/L",1.2
"09/10/1996","S65E","KJELDAHL NITROGEN, TOTAL","mg/L",1.354
"09/11/1996","S65E","KJELDAHL NITROGEN, TOTAL","mg/L",1.262
"09/12/1996","S65E","KJELDAHL NITROGEN, TOTAL","mg/L",1.106
"09/13/1996","S65E","KJELDAHL NITROGEN, TOTAL","mg/L",1.216
"09/14/1996","S65E","KJELDAHL NITROGEN, TOTAL","mg/L",1.3
"09/15/1996","S65E","KJELDAHL NITROGEN, TOTAL","mg/L",1.092
"09/16/1996","S65E","KJELDAHL NITROGEN, TOTAL","mg/L",1.106
"09/17/1996","S65E","KJELDAHL NITROGEN, TOTAL","mg/L",0.671333333333333
"09/18/1996","S65E","KJELDAHL NITROGEN, TOTAL","mg/L",1.262
"09/19/1996","S65E","KJELDAHL NITROGEN, TOTAL","mg/L",1.842
"09/20/1996","S65E","KJELDAHL NITROGEN, TOTAL","mg/L",1.335
"09/21/1996","S65E","KJELDAHL NITROGEN, TOTAL","mg/L",1.203
"09/22/1996","S65E","KJELDAHL NITROGEN, TOTAL","mg/L",1.222
"09/23/1996","S65E","KJELDAHL NITROGEN, TOTAL","mg/L",1.442
"09/24/1996","S65E","KJELDAHL NITROGEN, TOTAL","mg/L",1.323
"09/25/1996","S65E","KJELDAHL NITROGEN, TOTAL","mg/L",1.315
"09/26/1996","S65E","KJELDAHL NITROGEN, TOTAL","mg/L",1.379
"09/27/1996","S65E","KJELDAHL NITROGEN, TOTAL","mg/L",1.42
"09/28/1996","S65E","KJELDAHL NITROGEN, TOTAL","mg/L",1.312
"09/29/1996","S65E","KJELDAHL NITROGEN, TOTAL","mg/L",1.339
"09/30/1996","S65E","KJELDAHL NITROGEN, TOTAL","mg/L",1.231
"10/01/1996","S65E","KJELDAHL NITROGEN, TOTAL","mg/L",0.595666666666667
"10/02/1996","S65E","KJELDAHL NITROGEN, TOTAL","mg/L",1.72
"10/03/1996","S65E","KJELDAHL NITROGEN, TOTAL","mg/L",1.147
"10/04/1996","S65E","KJELDAHL NITROGEN, TOTAL","mg/L",0.978
"10/05/1996","S65E","KJELDAHL NITROGEN, TOTAL","mg/L",0.987
"10/06/1996","S65E","KJELDAHL NITROGEN, TOTAL","mg/L",1.115
"10/07/1996","S65E","KJELDAHL NITROGEN, TOTAL","mg/L",1.069
"10/08/1996","S65E","KJELDAHL NITROGEN, TOTAL","mg/L",0.987
"10/09/1996","S65E","KJELDAHL NITROGEN, TOTAL","mg/L",0.959
"10/15/1996","S65E","KJELDAHL NITROGEN, TOTAL","mg/L",0.297
"10/18/1996","S65E","KJELDAHL NITROGEN, TOTAL","mg/L",0.986
"10/19/1996","S65E","KJELDAHL NITROGEN, TOTAL","mg/L",1.015
"10/20/1996","S65E","KJELDAHL NITROGEN, TOTAL","mg/L",0.933
"10/21/1996","S65E","KJELDAHL NITROGEN, TOTAL","mg/L",0.712
"10/22/1996","S65E","KJELDAHL NITROGEN, TOTAL","mg/L",0.7
"10/23/1996","S65E","KJELDAHL NITROGEN, TOTAL","mg/L",0.98
"10/24/1996","S65E","KJELDAHL NITROGEN, TOTAL","mg/L",1.038
"10/25/1996","S65E","KJELDAHL NITROGEN, TOTAL","mg/L",0.993
"10/26/1996","S65E","KJELDAHL NITROGEN, TOTAL","mg/L",0.989
"10/27/1996","S65E","KJELDAHL NITROGEN, TOTAL","mg/L",0.974
"10/28/1996","S65E","KJELDAHL NITROGEN, TOTAL","mg/L",1.196
"10/29/1996","S65E","KJELDAHL NITROGEN, TOTAL","mg/L",0.59
"10/30/1996","S65E","KJELDAHL NITROGEN, TOTAL","mg/L",1.027
"11/01/1996","S65E","KJELDAHL NITROGEN, TOTAL","mg/L",1.276
"11/02/1996","S65E","KJELDAHL NITROGEN, TOTAL","mg/L",1.151
"11/03/1996","S65E","KJELDAHL NITROGEN, TOTAL","mg/L",1.188
"11/04/1996","S65E","KJELDAHL NITROGEN, TOTAL","mg/L",0.9495
"11/05/1996","S65E","KJELDAHL NITROGEN, TOTAL","mg/L",0.973
"11/06/1996","S65E","KJELDAHL NITROGEN, TOTAL","mg/L",0.852
"11/07/1996","S65E","KJELDAHL NITROGEN, TOTAL","mg/L",1.19
"11/08/1996","S65E","KJELDAHL NITROGEN, TOTAL","mg/L",1.871
"11/09/1996","S65E","KJELDAHL NITROGEN, TOTAL","mg/L",1.494
"11/10/1996","S65E","KJELDAHL NITROGEN, TOTAL","mg/L",1.556
"11/11/1996","S65E","KJELDAHL NITROGEN, TOTAL","mg/L",1.296
"11/12/1996","S65E","KJELDAHL NITROGEN, TOTAL","mg/L",0.580333333333333
"11/13/1996","S65E","KJELDAHL NITROGEN, TOTAL","mg/L",1.537
"11/14/1996","S65E","KJELDAHL NITROGEN, TOTAL","mg/L",1.234
"11/15/1996","S65E","KJELDAHL NITROGEN, TOTAL","mg/L",1.315
"11/16/1996","S65E","KJELDAHL NITROGEN, TOTAL","mg/L",1.189
"11/17/1996","S65E","KJELDAHL NITROGEN, TOTAL","mg/L",1.722
"11/18/1996","S65E","KJELDAHL NITROGEN, TOTAL","mg/L",1.437
"11/19/1996","S65E","KJELDAHL NITROGEN, TOTAL","mg/L",1.344
"11/20/1996","S65E","KJELDAHL NITROGEN, TOTAL","mg/L",1.117
"11/21/1996","S65E","KJELDAHL NITROGEN, TOTAL","mg/L",1.4065
"11/22/1996","S65E","KJELDAHL NITROGEN, TOTAL","mg/L",1.398
"11/23/1996","S65E","KJELDAHL NITROGEN, TOTAL","mg/L",1.359
"11/24/1996","S65E","KJELDAHL NITROGEN, TOTAL","mg/L",1.712
"11/25/1996","S65E","KJELDAHL NITROGEN, TOTAL","mg/L",0.995
"11/26/1996","S65E","KJELDAHL NITROGEN, TOTAL","mg/L",0.492166666666667
"11/27/1996","S65E","KJELDAHL NITROGEN, TOTAL","mg/L",1.315
"11/28/1996","S65E","KJELDAHL NITROGEN, TOTAL","mg/L",1.192
"11/29/1996","S65E","KJELDAHL NITROGEN, TOTAL","mg/L",1.329
"11/30/1996","S65E","KJELDAHL NITROGEN, TOTAL","mg/L",1.207
"12/01/1996","S65E","KJELDAHL NITROGEN, TOTAL","mg/L",1.197
"12/02/1996","S65E","KJELDAHL NITROGEN, TOTAL","mg/L",1.174
"12/03/1996","S65E","KJELDAHL NITROGEN, TOTAL","mg/L",1.4
"12/04/1996","S65E","KJELDAHL NITROGEN, TOTAL","mg/L",1.334
"12/05/1996","S65E","KJELDAHL NITROGEN, TOTAL","mg/L",2.403
"12/06/1996","S65E","KJELDAHL NITROGEN, TOTAL","mg/L",2.51
"12/07/1996","S65E","KJELDAHL NITROGEN, TOTAL","mg/L",2.426
"12/08/1996","S65E","KJELDAHL NITROGEN, TOTAL","mg/L",1.559
"12/09/1996","S65E","KJELDAHL NITROGEN, TOTAL","mg/L",2.214
"12/10/1996","S65E","KJELDAHL NITROGEN, TOTAL","mg/L",0.803
"12/11/1996","S65E","KJELDAHL NITROGEN, TOTAL","mg/L",2.445
"12/12/1996","S65E","KJELDAHL NITROGEN, TOTAL","mg/L",1.04
"12/13/1996","S65E","KJELDAHL NITROGEN, TOTAL","mg/L",0.89
"12/14/1996","S65E","KJELDAHL NITROGEN, TOTAL","mg/L",0.9
"12/15/1996","S65E","KJELDAHL NITROGEN, TOTAL","mg/L",0.87
"12/16/1996","S65E","KJELDAHL NITROGEN, TOTAL","mg/L",0.75
"12/17/1996","S65E","KJELDAHL NITROGEN, TOTAL","mg/L",0.78
"12/18/1996","S65E","KJELDAHL NITROGEN, TOTAL","mg/L",0.36
"12/19/1996","S65E","KJELDAHL NITROGEN, TOTAL","mg/L",0.82
"12/20/1996","S65E","KJELDAHL NITROGEN, TOTAL","mg/L",0.88
"12/21/1996","S65E","KJELDAHL NITROGEN, TOTAL","mg/L",0.84
"12/22/1996","S65E","KJELDAHL NITROGEN, TOTAL","mg/L",0.93
"12/23/1996","S65E","KJELDAHL NITROGEN, TOTAL","mg/L",0.86
"12/24/1996","S65E","KJELDAHL NITROGEN, TOTAL","mg/L",1.06
"12/25/1996","S65E","KJELDAHL NITROGEN, TOTAL","mg/L",1.104
"12/26/1996","S65E","KJELDAHL NITROGEN, TOTAL","mg/L",0.701
"12/27/1996","S65E","KJELDAHL NITROGEN, TOTAL","mg/L",1.753
"12/28/1996","S65E","KJELDAHL NITROGEN, TOTAL","mg/L",0.986
"12/29/1996","S65E","KJELDAHL NITROGEN, TOTAL","mg/L",0.972
"12/30/1996","S65E","KJELDAHL NITROGEN, TOTAL","mg/L",1.298
"12/31/1996","S65E","KJELDAHL NITROGEN, TOTAL","mg/L",0.716
"01/01/1997","S65E","KJELDAHL NITROGEN, TOTAL","mg/L",1.082
"01/02/1997","S65E","KJELDAHL NITROGEN, TOTAL","mg/L",0.704
"01/03/1997","S65E","KJELDAHL NITROGEN, TOTAL","mg/L",0.944
"01/04/1997","S65E","KJELDAHL NITROGEN, TOTAL","mg/L",0.621
"01/05/1997","S65E","KJELDAHL NITROGEN, TOTAL","mg/L",0.704
"01/06/1997","S65E","KJELDAHL NITROGEN, TOTAL","mg/L",0.621
"01/07/1997","S65E","KJELDAHL NITROGEN, TOTAL","mg/L",0.43
"01/08/1997","S65E","KJELDAHL NITROGEN, TOTAL","mg/L",0.621
"01/09/1997","S65E","KJELDAHL NITROGEN, TOTAL","mg/L",0.814
"01/10/1997","S65E","KJELDAHL NITROGEN, TOTAL","mg/L",1.338
"01/11/1997","S65E","KJELDAHL NITROGEN, TOTAL","mg/L",0.908
"01/12/1997","S65E","KJELDAHL NITROGEN, TOTAL","mg/L",1.049
"01/13/1997","S65E","KJELDAHL NITROGEN, TOTAL","mg/L",1.024
"01/14/1997","S65E","KJELDAHL NITROGEN, TOTAL","mg/L",0.88
"01/15/1997","S65E","KJELDAHL NITROGEN, TOTAL","mg/L",1.322
"01/16/1997","S65E","KJELDAHL NITROGEN, TOTAL","mg/L",1.021
"01/17/1997","S65E","KJELDAHL NITROGEN, TOTAL","mg/L",1.337
"01/18/1997","S65E","KJELDAHL NITROGEN, TOTAL","mg/L",1.201
"01/19/1997","S65E","KJELDAHL NITROGEN, TOTAL","mg/L",1.018
"01/20/1997","S65E","KJELDAHL NITROGEN, TOTAL","mg/L",0.838
"01/21/1997","S65E","KJELDAHL NITROGEN, TOTAL","mg/L",0.6325
"01/22/1997","S65E","KJELDAHL NITROGEN, TOTAL","mg/L",1.199
"01/23/1997","S65E","KJELDAHL NITROGEN, TOTAL","mg/L",1.095
"01/24/1997","S65E","KJELDAHL NITROGEN, TOTAL","mg/L",0.82
"01/25/1997","S65E","KJELDAHL NITROGEN, TOTAL","mg/L",1.084
"01/26/1997","S65E","KJELDAHL NITROGEN, TOTAL","mg/L",1.296
"01/27/1997","S65E","KJELDAHL NITROGEN, TOTAL","mg/L",1.043
"01/28/1997","S65E","KJELDAHL NITROGEN, TOTAL","mg/L",1.127
"01/29/1997","S65E","KJELDAHL NITROGEN, TOTAL","mg/L",1.021
"01/30/1997","S65E","KJELDAHL NITROGEN, TOTAL","mg/L",1.2315
"01/31/1997","S65E","KJELDAHL NITROGEN, TOTAL","mg/L",1.155
"02/01/1997","S65E","KJELDAHL NITROGEN, TOTAL","mg/L",1.251
"02/02/1997","S65E","KJELDAHL NITROGEN, TOTAL","mg/L",1.321
"02/03/1997","S65E","KJELDAHL NITROGEN, TOTAL","mg/L",1.641
"02/04/1997","S65E","KJELDAHL NITROGEN, TOTAL","mg/L",1.417
"02/05/1997","S65E","KJELDAHL NITROGEN, TOTAL","mg/L",0.70125
"02/06/1997","S65E","KJELDAHL NITROGEN, TOTAL","mg/L",1.612
"02/07/1997","S65E","KJELDAHL NITROGEN, TOTAL","mg/L",0.98
"02/08/1997","S65E","KJELDAHL NITROGEN, TOTAL","mg/L",1.7
"02/09/1997","S65E","KJELDAHL NITROGEN, TOTAL","mg/L",1.321
"02/10/1997","S65E","KJELDAHL NITROGEN, TOTAL","mg/L",1.476
"02/11/1997","S65E","KJELDAHL NITROGEN, TOTAL","mg/L",1.153
"02/12/1997","S65E","KJELDAHL NITROGEN, TOTAL","mg/L",1.292
"02/13/1997","S65E","KJELDAHL NITROGEN, TOTAL","mg/L",1.044
"02/14/1997","S65E","KJELDAHL NITROGEN, TOTAL","mg/L",1.02
"02/15/1997","S65E","KJELDAHL NITROGEN, TOTAL","mg/L",1.062
"02/16/1997","S65E","KJELDAHL NITROGEN, TOTAL","mg/L",1.117
"02/17/1997","S65E","KJELDAHL NITROGEN, TOTAL","mg/L",-0.5
"02/18/1997","S65E","KJELDAHL NITROGEN, TOTAL","mg/L",0.730666666666667
"02/19/1997","S65E","KJELDAHL NITROGEN, TOTAL","mg/L",1.05
"02/20/1997","S65E","KJELDAHL NITROGEN, TOTAL","mg/L",1.143
"02/21/1997","S65E","KJELDAHL NITROGEN, TOTAL","mg/L",0.986
"02/22/1997","S65E","KJELDAHL NITROGEN, TOTAL","mg/L",1.226
"02/23/1997","S65E","KJELDAHL NITROGEN, TOTAL","mg/L",1.272
"02/24/1997","S65E","KJELDAHL NITROGEN, TOTAL","mg/L",1.0535
"02/25/1997","S65E","KJELDAHL NITROGEN, TOTAL","mg/L",1.221
"02/26/1997","S65E","KJELDAHL NITROGEN, TOTAL","mg/L",1.244
"02/27/1997","S65E","KJELDAHL NITROGEN, TOTAL","mg/L",1.19
"02/28/1997","S65E","KJELDAHL NITROGEN, TOTAL","mg/L",0.976
"03/04/1997","S65E","KJELDAHL NITROGEN, TOTAL","mg/L",0.335
"03/06/1997","S65E","KJELDAHL NITROGEN, TOTAL","mg/L",1.521
"03/07/1997","S65E","KJELDAHL NITROGEN, TOTAL","mg/L",1.181
"03/08/1997","S65E","KJELDAHL NITROGEN, TOTAL","mg/L",1.091
"03/09/1997","S65E","KJELDAHL NITROGEN, TOTAL","mg/L",1.069
"03/10/1997","S65E","KJELDAHL NITROGEN, TOTAL","mg/L",0.984
"03/11/1997","S65E","KJELDAHL NITROGEN, TOTAL","mg/L",0.952
"03/12/1997","S65E","KJELDAHL NITROGEN, TOTAL","mg/L",1.037
"03/13/1997","S65E","KJELDAHL NITROGEN, TOTAL","mg/L",0.892
"03/14/1997","S65E","KJELDAHL NITROGEN, TOTAL","mg/L",1.037
"03/15/1997","S65E","KJELDAHL NITROGEN, TOTAL","mg/L",0.784
"03/16/1997","S65E","KJELDAHL NITROGEN, TOTAL","mg/L",1.191
"03/17/1997","S65E","KJELDAHL NITROGEN, TOTAL","mg/L",1.068
"03/18/1997","S65E","KJELDAHL NITROGEN, TOTAL","mg/L",1.407
"03/19/1997","S65E","KJELDAHL NITROGEN, TOTAL","mg/L",1.363
"03/20/1997","S65E","KJELDAHL NITROGEN, TOTAL","mg/L",1.063
"03/21/1997","S65E","KJELDAHL NITROGEN, TOTAL","mg/L",1.252
"04/01/1997","S65E","KJELDAHL NITROGEN, TOTAL","mg/L",0.281
"04/04/1997","S65E","KJELDAHL NITROGEN, TOTAL","mg/L",1.107
"04/05/1997","S65E","KJELDAHL NITROGEN, TOTAL","mg/L",1.154
"04/06/1997","S65E","KJELDAHL NITROGEN, TOTAL","mg/L",1.125
"04/07/1997","S65E","KJELDAHL NITROGEN, TOTAL","mg/L",0.985
"04/08/1997","S65E","KJELDAHL NITROGEN, TOTAL","mg/L",1.031
"04/09/1997","S65E","KJELDAHL NITROGEN, TOTAL","mg/L",0.569666666666667
"04/10/1997","S65E","KJELDAHL NITROGEN, TOTAL","mg/L",1.169
"04/11/1997","S65E","KJELDAHL NITROGEN, TOTAL","mg/L",1.075
"04/12/1997","S65E","KJELDAHL NITROGEN, TOTAL","mg/L",1.002
"04/13/1997","S65E","KJELDAHL NITROGEN, TOTAL","mg/L",1.184
"04/14/1997","S65E","KJELDAHL NITROGEN, TOTAL","mg/L",1.117
"04/15/1997","S65E","KJELDAHL NITROGEN, TOTAL","mg/L",1.068
"04/16/1997","S65E","KJELDAHL NITROGEN, TOTAL","mg/L",0.2725
"04/17/1997","S65E","KJELDAHL NITROGEN, TOTAL","mg/L",1.002
"04/18/1997","S65E","KJELDAHL NITROGEN, TOTAL","mg/L",1.087
"04/19/1997","S65E","KJELDAHL NITROGEN, TOTAL","mg/L",1.112
"04/20/1997","S65E","KJELDAHL NITROGEN, TOTAL","mg/L",1.027
"04/21/1997","S65E","KJELDAHL NITROGEN, TOTAL","mg/L",1.142
"04/22/1997","S65E","KJELDAHL NITROGEN, TOTAL","mg/L",1.112
"04/23/1997","S65E","KJELDAHL NITROGEN, TOTAL","mg/L",0.2845
"04/24/1997","S65E","KJELDAHL NITROGEN, TOTAL","mg/L",1.372
"04/25/1997","S65E","KJELDAHL NITROGEN, TOTAL","mg/L",1.112
"04/26/1997","S65E","KJELDAHL NITROGEN, TOTAL","mg/L",1.054
"04/27/1997","S65E","KJELDAHL NITROGEN, TOTAL","mg/L",2.044
"04/28/1997","S65E","KJELDAHL NITROGEN, TOTAL","mg/L",1.067
"04/29/1997","S65E","KJELDAHL NITROGEN, TOTAL","mg/L",0.9135
"04/30/1997","S65E","KJELDAHL NITROGEN, TOTAL","mg/L",1.17
"05/01/1997","S65E","KJELDAHL NITROGEN, TOTAL","mg/L",1.452
"05/02/1997","S65E","KJELDAHL NITROGEN, TOTAL","mg/L",1.36
"05/03/1997","S65E","KJELDAHL NITROGEN, TOTAL","mg/L",1.353
"05/04/1997","S65E","KJELDAHL NITROGEN, TOTAL","mg/L",1.15
"05/05/1997","S65E","KJELDAHL NITROGEN, TOTAL","mg/L",1.205
"05/06/1997","S65E","KJELDAHL NITROGEN, TOTAL","mg/L",1.27
"05/07/1997","S65E","KJELDAHL NITROGEN, TOTAL","mg/L",1.239
"05/08/1997","S65E","KJELDAHL NITROGEN, TOTAL","mg/L",1.58
"05/09/1997","S65E","KJELDAHL NITROGEN, TOTAL","mg/L",1.326
"05/10/1997","S65E","KJELDAHL NITROGEN, TOTAL","mg/L",1.207
"05/11/1997","S65E","KJELDAHL NITROGEN, TOTAL","mg/L",1.252
"05/12/1997","S65E","KJELDAHL NITROGEN, TOTAL","mg/L",1.313
"05/13/1997","S65E","KJELDAHL NITROGEN, TOTAL","mg/L",1.392
"05/14/1997","S65E","KJELDAHL NITROGEN, TOTAL","mg/L",1.095
"05/15/1997","S65E","KJELDAHL NITROGEN, TOTAL","mg/L",1.292
"05/16/1997","S65E","KJELDAHL NITROGEN, TOTAL","mg/L",1.184
"05/17/1997","S65E","KJELDAHL NITROGEN, TOTAL","mg/L",1.079
"05/18/1997","S65E","KJELDAHL NITROGEN, TOTAL","mg/L",1.067
"05/19/1997","S65E","KJELDAHL NITROGEN, TOTAL","mg/L",1.1885
"05/20/1997","S65E","KJELDAHL NITROGEN, TOTAL","mg/L",1.13
"05/21/1997","S65E","KJELDAHL NITROGEN, TOTAL","mg/L",1.861
"05/22/1997","S65E","KJELDAHL NITROGEN, TOTAL","mg/L",1.277
"05/23/1997","S65E","KJELDAHL NITROGEN, TOTAL","mg/L",1.372
"05/24/1997","S65E","KJELDAHL NITROGEN, TOTAL","mg/L",1.284
"05/25/1997","S65E","KJELDAHL NITROGEN, TOTAL","mg/L",1.812
"05/26/1997","S65E","KJELDAHL NITROGEN, TOTAL","mg/L",1.387
"05/27/1997","S65E","KJELDAHL NITROGEN, TOTAL","mg/L",0.823
"05/28/1997","S65E","KJELDAHL NITROGEN, TOTAL","mg/L",0.4505
"05/29/1997","S65E","KJELDAHL NITROGEN, TOTAL","mg/L",1.43
"05/30/1997","S65E","KJELDAHL NITROGEN, TOTAL","mg/L",1.16
"05/31/1997","S65E","KJELDAHL NITROGEN, TOTAL","mg/L",1.21
"06/01/1997","S65E","KJELDAHL NITROGEN, TOTAL","mg/L",1.18
"06/02/1997","S65E","KJELDAHL NITROGEN, TOTAL","mg/L",1.1
"06/03/1997","S65E","KJELDAHL NITROGEN, TOTAL","mg/L",1.17
"06/04/1997","S65E","KJELDAHL NITROGEN, TOTAL","mg/L",1.18
"06/05/1997","S65E","KJELDAHL NITROGEN, TOTAL","mg/L",1.09
"06/06/1997","S65E","KJELDAHL NITROGEN, TOTAL","mg/L",1.11
"06/07/1997","S65E","KJELDAHL NITROGEN, TOTAL","mg/L",1.1
"06/08/1997","S65E","KJELDAHL NITROGEN, TOTAL","mg/L",0.98
"06/09/1997","S65E","KJELDAHL NITROGEN, TOTAL","mg/L",1.08
"06/10/1997","S65E","KJELDAHL NITROGEN, TOTAL","mg/L",1.108
"06/11/1997","S65E","KJELDAHL NITROGEN, TOTAL","mg/L",1.08
"06/12/1997","S65E","KJELDAHL NITROGEN, TOTAL","mg/L",1.16
"06/13/1997","S65E","KJELDAHL NITROGEN, TOTAL","mg/L",1.19
"06/14/1997","S65E","KJELDAHL NITROGEN, TOTAL","mg/L",1.11
"06/19/1997","S65E","KJELDAHL NITROGEN, TOTAL","mg/L",1.18
"06/20/1997","S65E","KJELDAHL NITROGEN, TOTAL","mg/L",1.38
"06/21/1997","S65E","KJELDAHL NITROGEN, TOTAL","mg/L",1.24
"06/22/1997","S65E","KJELDAHL NITROGEN, TOTAL","mg/L",1.13
"06/23/1997","S65E","KJELDAHL NITROGEN, TOTAL","mg/L",0.86
"06/24/1997","S65E","KJELDAHL NITROGEN, TOTAL","mg/L",0.395
"06/25/1997","S65E","KJELDAHL NITROGEN, TOTAL","mg/L",0.86
"06/26/1997","S65E","KJELDAHL NITROGEN, TOTAL","mg/L",1.03
"06/27/1997","S65E","KJELDAHL NITROGEN, TOTAL","mg/L",1.04
"06/28/1997","S65E","KJELDAHL NITROGEN, TOTAL","mg/L",0.96
"06/29/1997","S65E","KJELDAHL NITROGEN, TOTAL","mg/L",0.97
"06/30/1997","S65E","KJELDAHL NITROGEN, TOTAL","mg/L",0.99
"07/01/1997","S65E","KJELDAHL NITROGEN, TOTAL","mg/L",1.02
"07/02/1997","S65E","KJELDAHL NITROGEN, TOTAL","mg/L",1.18
"07/03/1997","S65E","KJELDAHL NITROGEN, TOTAL","mg/L",1.33
"07/04/1997","S65E","KJELDAHL NITROGEN, TOTAL","mg/L",1.22
"07/05/1997","S65E","KJELDAHL NITROGEN, TOTAL","mg/L",1.22
"07/06/1997","S65E","KJELDAHL NITROGEN, TOTAL","mg/L",1.24
"07/07/1997","S65E","KJELDAHL NITROGEN, TOTAL","mg/L",1.14
"07/08/1997","S65E","KJELDAHL NITROGEN, TOTAL","mg/L",1.195
"07/09/1997","S65E","KJELDAHL NITROGEN, TOTAL","mg/L",1.2
"07/10/1997","S65E","KJELDAHL NITROGEN, TOTAL","mg/L",1.141
"07/11/1997","S65E","KJELDAHL NITROGEN, TOTAL","mg/L",1.31
"07/12/1997","S65E","KJELDAHL NITROGEN, TOTAL","mg/L",1.268
"07/13/1997","S65E","KJELDAHL NITROGEN, TOTAL","mg/L",1.617
"07/14/1997","S65E","KJELDAHL NITROGEN, TOTAL","mg/L",1.263
"07/15/1997","S65E","KJELDAHL NITROGEN, TOTAL","mg/L",1.03
"07/16/1997","S65E","KJELDAHL NITROGEN, TOTAL","mg/L",0.527
"07/17/1997","S65E","KJELDAHL NITROGEN, TOTAL","mg/L",1.962
"07/18/1997","S65E","KJELDAHL NITROGEN, TOTAL","mg/L",2.007
"07/19/1997","S65E","KJELDAHL NITROGEN, TOTAL","mg/L",2.012
"07/20/1997","S65E","KJELDAHL NITROGEN, TOTAL","mg/L",2.017
"07/21/1997","S65E","KJELDAHL NITROGEN, TOTAL","mg/L",1.923
"07/22/1997","S65E","KJELDAHL NITROGEN, TOTAL","mg/L",1.6835
"07/23/1997","S65E","KJELDAHL NITROGEN, TOTAL","mg/L",1.903
"07/24/1997","S65E","KJELDAHL NITROGEN, TOTAL","mg/L",0.974
"07/25/1997","S65E","KJELDAHL NITROGEN, TOTAL","mg/L",1.056
"07/26/1997","S65E","KJELDAHL NITROGEN, TOTAL","mg/L",1.034
"07/27/1997","S65E","KJELDAHL NITROGEN, TOTAL","mg/L",1.029
"07/28/1997","S65E","KJELDAHL NITROGEN, TOTAL","mg/L",1.831
"07/29/1997","S65E","KJELDAHL NITROGEN, TOTAL","mg/L",1.595
"07/30/1997","S65E","KJELDAHL NITROGEN, TOTAL","mg/L",1.59
"07/31/1997","S65E","KJELDAHL NITROGEN, TOTAL","mg/L",1.638
"08/01/1997","S65E","KJELDAHL NITROGEN, TOTAL","mg/L",2.362
"08/02/1997","S65E","KJELDAHL NITROGEN, TOTAL","mg/L",1.539
"08/03/1997","S65E","KJELDAHL NITROGEN, TOTAL","mg/L",1.52
"08/04/1997","S65E","KJELDAHL NITROGEN, TOTAL","mg/L",2.133
"08/05/1997","S65E","KJELDAHL NITROGEN, TOTAL","mg/L",1.6825
"08/06/1997","S65E","KJELDAHL NITROGEN, TOTAL","mg/L",1.352
"08/07/1997","S65E","KJELDAHL NITROGEN, TOTAL","mg/L",1.43
"08/08/1997","S65E","KJELDAHL NITROGEN, TOTAL","mg/L",1.426
"08/09/1997","S65E","KJELDAHL NITROGEN, TOTAL","mg/L",1.689
"08/10/1997","S65E","KJELDAHL NITROGEN, TOTAL","mg/L",1.588
"08/11/1997","S65E","KJELDAHL NITROGEN, TOTAL","mg/L",1.917
"08/12/1997","S65E","KJELDAHL NITROGEN, TOTAL","mg/L",0.736
"08/13/1997","S65E","KJELDAHL NITROGEN, TOTAL","mg/L",2.647
"08/14/1997","S65E","KJELDAHL NITROGEN, TOTAL","mg/L",2.906
"08/15/1997","S65E","KJELDAHL NITROGEN, TOTAL","mg/L",2.796
"08/16/1997","S65E","KJELDAHL NITROGEN, TOTAL","mg/L",2.497
"08/19/1997","S65E","KJELDAHL NITROGEN, TOTAL","mg/L",1.957
"08/21/1997","S65E","KJELDAHL NITROGEN, TOTAL","mg/L",0.783
"08/22/1997","S65E","KJELDAHL NITROGEN, TOTAL","mg/L",1.008
"08/23/1997","S65E","KJELDAHL NITROGEN, TOTAL","mg/L",0.766
"08/24/1997","S65E","KJELDAHL NITROGEN, TOTAL","mg/L",1.502
"08/25/1997","S65E","KJELDAHL NITROGEN, TOTAL","mg/L",0.839
"08/26/1997","S65E","KJELDAHL NITROGEN, TOTAL","mg/L",1.446
"08/27/1997","S65E","KJELDAHL NITROGEN, TOTAL","mg/L",0.915
"08/28/1997","S65E","KJELDAHL NITROGEN, TOTAL","mg/L",1.6
"08/29/1997","S65E","KJELDAHL NITROGEN, TOTAL","mg/L",1.9
"08/30/1997","S65E","KJELDAHL NITROGEN, TOTAL","mg/L",1.7
"09/02/1997","S65E","KJELDAHL NITROGEN, TOTAL","mg/L",0.465
"09/04/1997","S65E","KJELDAHL NITROGEN, TOTAL","mg/L",2.2
"09/05/1997","S65E","KJELDAHL NITROGEN, TOTAL","mg/L",1.8
"09/06/1997","S65E","KJELDAHL NITROGEN, TOTAL","mg/L",1.9
"09/07/1997","S65E","KJELDAHL NITROGEN, TOTAL","mg/L",1.6
"09/08/1997","S65E","KJELDAHL NITROGEN, TOTAL","mg/L",2
"09/09/1997","S65E","KJELDAHL NITROGEN, TOTAL","mg/L",1.7
"09/10/1997","S65E","KJELDAHL NITROGEN, TOTAL","mg/L",1.5
"09/11/1997","S65E","KJELDAHL NITROGEN, TOTAL","mg/L",1.6
"09/12/1997","S65E","KJELDAHL NITROGEN, TOTAL","mg/L",1.8
"09/13/1997","S65E","KJELDAHL NITROGEN, TOTAL","mg/L",1.6
"09/14/1997","S65E","KJELDAHL NITROGEN, TOTAL","mg/L",1.7
"09/15/1997","S65E","KJELDAHL NITROGEN, TOTAL","mg/L",1.5
"09/16/1997","S65E","KJELDAHL NITROGEN, TOTAL","mg/L",1.101
"09/18/1997","S65E","KJELDAHL NITROGEN, TOTAL","mg/L",1.761
"09/19/1997","S65E","KJELDAHL NITROGEN, TOTAL","mg/L",1.514
"09/20/1997","S65E","KJELDAHL NITROGEN, TOTAL","mg/L",1.427
"09/21/1997","S65E","KJELDAHL NITROGEN, TOTAL","mg/L",1.293
"09/22/1997","S65E","KJELDAHL NITROGEN, TOTAL","mg/L",1.319
"09/23/1997","S65E","KJELDAHL NITROGEN, TOTAL","mg/L",1.301
"09/24/1997","S65E","KJELDAHL NITROGEN, TOTAL","mg/L",1.259
"09/25/1997","S65E","KJELDAHL NITROGEN, TOTAL","mg/L",1.632
"09/26/1997","S65E","KJELDAHL NITROGEN, TOTAL","mg/L",1.628
"09/27/1997","S65E","KJELDAHL NITROGEN, TOTAL","mg/L",1.467
"09/28/1997","S65E","KJELDAHL NITROGEN, TOTAL","mg/L",1.478
"09/29/1997","S65E","KJELDAHL NITROGEN, TOTAL","mg/L",1.456
"09/30/1997","S65E","KJELDAHL NITROGEN, TOTAL","mg/L",1.362
"10/01/1997","S65E","KJELDAHL NITROGEN, TOTAL","mg/L",1.929
"10/02/1997","S65E","KJELDAHL NITROGEN, TOTAL","mg/L",1.683
"10/03/1997","S65E","KJELDAHL NITROGEN, TOTAL","mg/L",1.875
"10/04/1997","S65E","KJELDAHL NITROGEN, TOTAL","mg/L",1.442
"10/05/1997","S65E","KJELDAHL NITROGEN, TOTAL","mg/L",1.726
"10/06/1997","S65E","KJELDAHL NITROGEN, TOTAL","mg/L",1.666
"10/07/1997","S65E","KJELDAHL NITROGEN, TOTAL","mg/L",1.927
"10/08/1997","S65E","KJELDAHL NITROGEN, TOTAL","mg/L",1.574
"10/09/1997","S65E","KJELDAHL NITROGEN, TOTAL","mg/L",1.098
"10/10/1997","S65E","KJELDAHL NITROGEN, TOTAL","mg/L",1.179
"10/11/1997","S65E","KJELDAHL NITROGEN, TOTAL","mg/L",1.098
"10/12/1997","S65E","KJELDAHL NITROGEN, TOTAL","mg/L",1.434
"10/13/1997","S65E","KJELDAHL NITROGEN, TOTAL","mg/L",1.077
"10/14/1997","S65E","KJELDAHL NITROGEN, TOTAL","mg/L",1.431
"10/15/1997","S65E","KJELDAHL NITROGEN, TOTAL","mg/L",1.307
"10/16/1997","S65E","KJELDAHL NITROGEN, TOTAL","mg/L",1.949
"10/17/1997","S65E","KJELDAHL NITROGEN, TOTAL","mg/L",1.176
"10/18/1997","S65E","KJELDAHL NITROGEN, TOTAL","mg/L",1.226
"10/19/1997","S65E","KJELDAHL NITROGEN, TOTAL","mg/L",1
"10/20/1997","S65E","KJELDAHL NITROGEN, TOTAL","mg/L",1.293
"10/21/1997","S65E","KJELDAHL NITROGEN, TOTAL","mg/L",1.196
"10/22/1997","S65E","KJELDAHL NITROGEN, TOTAL","mg/L",1.23
"10/23/1997","S65E","KJELDAHL NITROGEN, TOTAL","mg/L",1.078
"10/24/1997","S65E","KJELDAHL NITROGEN, TOTAL","mg/L",1.172
"10/25/1997","S65E","KJELDAHL NITROGEN, TOTAL","mg/L",1.134
"10/26/1997","S65E","KJELDAHL NITROGEN, TOTAL","mg/L",1.116
"10/27/1997","S65E","KJELDAHL NITROGEN, TOTAL","mg/L",1.035
"10/28/1997","S65E","KJELDAHL NITROGEN, TOTAL","mg/L",1.119
"10/29/1997","S65E","KJELDAHL NITROGEN, TOTAL","mg/L",1.155
"10/30/1997","S65E","KJELDAHL NITROGEN, TOTAL","mg/L",1.058
"10/31/1997","S65E","KJELDAHL NITROGEN, TOTAL","mg/L",1.012
"11/01/1997","S65E","KJELDAHL NITROGEN, TOTAL","mg/L",1.058
"11/02/1997","S65E","KJELDAHL NITROGEN, TOTAL","mg/L",1.288
"11/03/1997","S65E","KJELDAHL NITROGEN, TOTAL","mg/L",2.024
"11/04/1997","S65E","KJELDAHL NITROGEN, TOTAL","mg/L",1.032
"11/05/1997","S65E","KJELDAHL NITROGEN, TOTAL","mg/L",1.278
"11/06/1997","S65E","KJELDAHL NITROGEN, TOTAL","mg/L",1.622
"11/07/1997","S65E","KJELDAHL NITROGEN, TOTAL","mg/L",1.411
"11/08/1997","S65E","KJELDAHL NITROGEN, TOTAL","mg/L",1.695
"11/09/1997","S65E","KJELDAHL NITROGEN, TOTAL","mg/L",1.787
"11/10/1997","S65E","KJELDAHL NITROGEN, TOTAL","mg/L",1.126
"11/11/1997","S65E","KJELDAHL NITROGEN, TOTAL","mg/L",0.696
"11/12/1997","S65E","KJELDAHL NITROGEN, TOTAL","mg/L",1.0145
"11/17/1997","S65E","KJELDAHL NITROGEN, TOTAL","mg/L",1.738
"11/25/1997","S65E","KJELDAHL NITROGEN, TOTAL","mg/L",-0.5
"11/27/1997","S65E","KJELDAHL NITROGEN, TOTAL","mg/L",1.191
"11/28/1997","S65E","KJELDAHL NITROGEN, TOTAL","mg/L",0.886
"11/29/1997","S65E","KJELDAHL NITROGEN, TOTAL","mg/L",1.089
"11/30/1997","S65E","KJELDAHL NITROGEN, TOTAL","mg/L",1.089
"12/01/1997","S65E","KJELDAHL NITROGEN, TOTAL","mg/L",1.144
"12/02/1997","S65E","KJELDAHL NITROGEN, TOTAL","mg/L",0.94
"12/03/1997","S65E","KJELDAHL NITROGEN, TOTAL","mg/L",1.089
"12/09/1997","S65E","KJELDAHL NITROGEN, TOTAL","mg/L",1.318
"12/18/1997","S65E","KJELDAHL NITROGEN, TOTAL","mg/L",1.915
"12/19/1997","S65E","KJELDAHL NITROGEN, TOTAL","mg/L",1.872
"12/20/1997","S65E","KJELDAHL NITROGEN, TOTAL","mg/L",2.006
"12/21/1997","S65E","KJELDAHL NITROGEN, TOTAL","mg/L",1.804
"12/22/1997","S65E","KJELDAHL NITROGEN, TOTAL","mg/L",1.621
"12/23/1997","S65E","KJELDAHL NITROGEN, TOTAL","mg/L",1.66
"12/24/1997","S65E","KJELDAHL NITROGEN, TOTAL","mg/L",1.323
"12/25/1997","S65E","KJELDAHL NITROGEN, TOTAL","mg/L",1.599
"12/26/1997","S65E","KJELDAHL NITROGEN, TOTAL","mg/L",1.191
"12/27/1997","S65E","KJELDAHL NITROGEN, TOTAL","mg/L",1.465
"12/28/1997","S65E","KJELDAHL NITROGEN, TOTAL","mg/L",1.477
"12/29/1997","S65E","KJELDAHL NITROGEN, TOTAL","mg/L",1.893
"12/30/1997","S65E","KJELDAHL NITROGEN, TOTAL","mg/L",1.651
"12/31/1997","S65E","KJELDAHL NITROGEN, TOTAL","mg/L",1.403
"01/01/1998","S65E","KJELDAHL NITROGEN, TOTAL","mg/L",1.159
"01/02/1998","S65E","KJELDAHL NITROGEN, TOTAL","mg/L",1.556
"01/03/1998","S65E","KJELDAHL NITROGEN, TOTAL","mg/L",1.295
"01/04/1998","S65E","KJELDAHL NITROGEN, TOTAL","mg/L",1.815
"01/05/1998","S65E","KJELDAHL NITROGEN, TOTAL","mg/L",0.956
"01/06/1998","S65E","KJELDAHL NITROGEN, TOTAL","mg/L",1.2355
"01/07/1998","S65E","KJELDAHL NITROGEN, TOTAL","mg/L",1.262
"01/08/1998","S65E","KJELDAHL NITROGEN, TOTAL","mg/L",1.436
"01/09/1998","S65E","KJELDAHL NITROGEN, TOTAL","mg/L",1.21
"01/10/1998","S65E","KJELDAHL NITROGEN, TOTAL","mg/L",1.323
"01/11/1998","S65E","KJELDAHL NITROGEN, TOTAL","mg/L",1.375
"01/12/1998","S65E","KJELDAHL NITROGEN, TOTAL","mg/L",1.452
"01/13/1998","S65E","KJELDAHL NITROGEN, TOTAL","mg/L",1.472
"01/14/1998","S65E","KJELDAHL NITROGEN, TOTAL","mg/L",1.395
"01/15/1998","S65E","KJELDAHL NITROGEN, TOTAL","mg/L",1.375
"01/16/1998","S65E","KJELDAHL NITROGEN, TOTAL","mg/L",1.393
"01/17/1998","S65E","KJELDAHL NITROGEN, TOTAL","mg/L",1.554
"01/18/1998","S65E","KJELDAHL NITROGEN, TOTAL","mg/L",1.612
"01/19/1998","S65E","KJELDAHL NITROGEN, TOTAL","mg/L",1.407
"01/20/1998","S65E","KJELDAHL NITROGEN, TOTAL","mg/L",1.048
"01/21/1998","S65E","KJELDAHL NITROGEN, TOTAL","mg/L",1.992
"01/22/1998","S65E","KJELDAHL NITROGEN, TOTAL","mg/L",2.108
"01/23/1998","S65E","KJELDAHL NITROGEN, TOTAL","mg/L",1.941
"01/24/1998","S65E","KJELDAHL NITROGEN, TOTAL","mg/L",1.841
"01/25/1998","S65E","KJELDAHL NITROGEN, TOTAL","mg/L",2.112
"01/26/1998","S65E","KJELDAHL NITROGEN, TOTAL","mg/L",2.15
"01/27/1998","S65E","KJELDAHL NITROGEN, TOTAL","mg/L",1.846
"01/28/1998","S65E","KJELDAHL NITROGEN, TOTAL","mg/L",1.851
"01/29/1998","S65E","KJELDAHL NITROGEN, TOTAL","mg/L",1.931
"01/30/1998","S65E","KJELDAHL NITROGEN, TOTAL","mg/L",1.732
"01/31/1998","S65E","KJELDAHL NITROGEN, TOTAL","mg/L",1.557
"02/01/1998","S65E","KJELDAHL NITROGEN, TOTAL","mg/L",1.712
"02/02/1998","S65E","KJELDAHL NITROGEN, TOTAL","mg/L",1.484
"02/03/1998","S65E","KJELDAHL NITROGEN, TOTAL","mg/L",1.2295
"02/04/1998","S65E","KJELDAHL NITROGEN, TOTAL","mg/L",1.441
"02/17/1998","S65E","KJELDAHL NITROGEN, TOTAL","mg/L",0.967
"02/18/1998","S65E","KJELDAHL NITROGEN, TOTAL","mg/L",0.938
"02/19/1998","S65E","KJELDAHL NITROGEN, TOTAL","mg/L",1.642
"02/20/1998","S65E","KJELDAHL NITROGEN, TOTAL","mg/L",1.559
"02/21/1998","S65E","KJELDAHL NITROGEN, TOTAL","mg/L",1.809
"02/22/1998","S65E","KJELDAHL NITROGEN, TOTAL","mg/L",1.915
"02/23/1998","S65E","KJELDAHL NITROGEN, TOTAL","mg/L",1.865
"02/24/1998","S65E","KJELDAHL NITROGEN, TOTAL","mg/L",1.574
"02/25/1998","S65E","KJELDAHL NITROGEN, TOTAL","mg/L",0.899
"03/03/1998","S65E","KJELDAHL NITROGEN, TOTAL","mg/L",0.997
"03/13/1998","S65E","KJELDAHL NITROGEN, TOTAL","mg/L",0.996
"03/14/1998","S65E","KJELDAHL NITROGEN, TOTAL","mg/L",1.021
"03/15/1998","S65E","KJELDAHL NITROGEN, TOTAL","mg/L",1.081
"03/16/1998","S65E","KJELDAHL NITROGEN, TOTAL","mg/L",1.157
"03/17/1998","S65E","KJELDAHL NITROGEN, TOTAL","mg/L",1.118
"03/18/1998","S65E","KJELDAHL NITROGEN, TOTAL","mg/L",1.011
"03/19/1998","S65E","KJELDAHL NITROGEN, TOTAL","mg/L",1.235
"03/20/1998","S65E","KJELDAHL NITROGEN, TOTAL","mg/L",1.212
"03/21/1998","S65E","KJELDAHL NITROGEN, TOTAL","mg/L",1.249
"03/22/1998","S65E","KJELDAHL NITROGEN, TOTAL","mg/L",1.35
"03/23/1998","S65E","KJELDAHL NITROGEN, TOTAL","mg/L",1.23
"03/24/1998","S65E","KJELDAHL NITROGEN, TOTAL","mg/L",1.133
"03/25/1998","S65E","KJELDAHL NITROGEN, TOTAL","mg/L",1.143
"03/26/1998","S65E","KJELDAHL NITROGEN, TOTAL","mg/L",1.128
"03/27/1998","S65E","KJELDAHL NITROGEN, TOTAL","mg/L",1.101
"03/28/1998","S65E","KJELDAHL NITROGEN, TOTAL","mg/L",0.987
"03/29/1998","S65E","KJELDAHL NITROGEN, TOTAL","mg/L",1.023
"03/30/1998","S65E","KJELDAHL NITROGEN, TOTAL","mg/L",1.138
"03/31/1998","S65E","KJELDAHL NITROGEN, TOTAL","mg/L",0.959
"04/01/1998","S65E","KJELDAHL NITROGEN, TOTAL","mg/L",0.964
"04/02/1998","S65E","KJELDAHL NITROGEN, TOTAL","mg/L",1.188
"04/03/1998","S65E","KJELDAHL NITROGEN, TOTAL","mg/L",1.423
"04/04/1998","S65E","KJELDAHL NITROGEN, TOTAL","mg/L",1.273
"04/05/1998","S65E","KJELDAHL NITROGEN, TOTAL","mg/L",1.212
"04/06/1998","S65E","KJELDAHL NITROGEN, TOTAL","mg/L",1.264
"04/07/1998","S65E","KJELDAHL NITROGEN, TOTAL","mg/L",1.273
"04/08/1998","S65E","KJELDAHL NITROGEN, TOTAL","mg/L",1.339
"04/09/1998","S65E","KJELDAHL NITROGEN, TOTAL","mg/L",1.216
"04/10/1998","S65E","KJELDAHL NITROGEN, TOTAL","mg/L",1.107
"04/11/1998","S65E","KJELDAHL NITROGEN, TOTAL","mg/L",1.156
"04/12/1998","S65E","KJELDAHL NITROGEN, TOTAL","mg/L",1.057
"04/13/1998","S65E","KJELDAHL NITROGEN, TOTAL","mg/L",0.992
"04/14/1998","S65E","KJELDAHL NITROGEN, TOTAL","mg/L",1.0145
"04/15/1998","S65E","KJELDAHL NITROGEN, TOTAL","mg/L",1.038
"04/16/1998","S65E","KJELDAHL NITROGEN, TOTAL","mg/L",1.249
"04/17/1998","S65E","KJELDAHL NITROGEN, TOTAL","mg/L",1.267
"04/18/1998","S65E","KJELDAHL NITROGEN, TOTAL","mg/L",1.191
"04/19/1998","S65E","KJELDAHL NITROGEN, TOTAL","mg/L",1.191
"04/20/1998","S65E","KJELDAHL NITROGEN, TOTAL","mg/L",1.104
"04/21/1998","S65E","KJELDAHL NITROGEN, TOTAL","mg/L",1.017
"04/22/1998","S65E","KJELDAHL NITROGEN, TOTAL","mg/L",0.964
"04/23/1998","S65E","KJELDAHL NITROGEN, TOTAL","mg/L",1.136
"04/24/1998","S65E","KJELDAHL NITROGEN, TOTAL","mg/L",1.021
"04/25/1998","S65E","KJELDAHL NITROGEN, TOTAL","mg/L",1.191
"04/26/1998","S65E","KJELDAHL NITROGEN, TOTAL","mg/L",1.276
"04/27/1998","S65E","KJELDAHL NITROGEN, TOTAL","mg/L",1.258
"04/28/1998","S65E","KJELDAHL NITROGEN, TOTAL","mg/L",1.0885
"04/29/1998","S65E","KJELDAHL NITROGEN, TOTAL","mg/L",0.98
"05/07/1998","S65E","KJELDAHL NITROGEN, TOTAL","mg/L",1.023
"05/08/1998","S65E","KJELDAHL NITROGEN, TOTAL","mg/L",1.208
"05/09/1998","S65E","KJELDAHL NITROGEN, TOTAL","mg/L",1.146
"05/10/1998","S65E","KJELDAHL NITROGEN, TOTAL","mg/L",1.05
"05/11/1998","S65E","KJELDAHL NITROGEN, TOTAL","mg/L",0.941
"05/12/1998","S65E","KJELDAHL NITROGEN, TOTAL","mg/L",1.038
"05/13/1998","S65E","KJELDAHL NITROGEN, TOTAL","mg/L",1.256
"05/14/1998","S65E","KJELDAHL NITROGEN, TOTAL","mg/L",1.05
"05/15/1998","S65E","KJELDAHL NITROGEN, TOTAL","mg/L",0.957
"05/16/1998","S65E","KJELDAHL NITROGEN, TOTAL","mg/L",0.963
"05/17/1998","S65E","KJELDAHL NITROGEN, TOTAL","mg/L",1.097
"05/18/1998","S65E","KJELDAHL NITROGEN, TOTAL","mg/L",0.9025
"05/19/1998","S65E","KJELDAHL NITROGEN, TOTAL","mg/L",0.851
"05/20/1998","S65E","KJELDAHL NITROGEN, TOTAL","mg/L",0.868
"05/21/1998","S65E","KJELDAHL NITROGEN, TOTAL","mg/L",0.91
"05/22/1998","S65E","KJELDAHL NITROGEN, TOTAL","mg/L",0.843
"05/23/1998","S65E","KJELDAHL NITROGEN, TOTAL","mg/L",0.849
"05/24/1998","S65E","KJELDAHL NITROGEN, TOTAL","mg/L",0.809
"05/25/1998","S65E","KJELDAHL NITROGEN, TOTAL","mg/L",0.931
"05/26/1998","S65E","KJELDAHL NITROGEN, TOTAL","mg/L",1.005
"05/27/1998","S65E","KJELDAHL NITROGEN, TOTAL","mg/L",0.815
"05/28/1998","S65E","KJELDAHL NITROGEN, TOTAL","mg/L",1.045
"05/29/1998","S65E","KJELDAHL NITROGEN, TOTAL","mg/L",1.01
"05/30/1998","S65E","KJELDAHL NITROGEN, TOTAL","mg/L",1.09
"05/31/1998","S65E","KJELDAHL NITROGEN, TOTAL","mg/L",1.055
"06/01/1998","S65E","KJELDAHL NITROGEN, TOTAL","mg/L",1.095
"06/02/1998","S65E","KJELDAHL NITROGEN, TOTAL","mg/L",1.194
"06/03/1998","S65E","KJELDAHL NITROGEN, TOTAL","mg/L",1.07
"06/04/1998","S65E","KJELDAHL NITROGEN, TOTAL","mg/L",1.079
"06/05/1998","S65E","KJELDAHL NITROGEN, TOTAL","mg/L",0.99
"06/06/1998","S65E","KJELDAHL NITROGEN, TOTAL","mg/L",0.946
"06/07/1998","S65E","KJELDAHL NITROGEN, TOTAL","mg/L",1.073
"06/08/1998","S65E","KJELDAHL NITROGEN, TOTAL","mg/L",0.952
"06/09/1998","S65E","KJELDAHL NITROGEN, TOTAL","mg/L",1.0145
"06/10/1998","S65E","KJELDAHL NITROGEN, TOTAL","mg/L",1.012
"06/11/1998","S65E","KJELDAHL NITROGEN, TOTAL","mg/L",0.947
"06/12/1998","S65E","KJELDAHL NITROGEN, TOTAL","mg/L",0.931
"06/13/1998","S65E","KJELDAHL NITROGEN, TOTAL","mg/L",0.953
"06/14/1998","S65E","KJELDAHL NITROGEN, TOTAL","mg/L",1.082
"06/15/1998","S65E","KJELDAHL NITROGEN, TOTAL","mg/L",1.042
"06/16/1998","S65E","KJELDAHL NITROGEN, TOTAL","mg/L",0.875
"06/17/1998","S65E","KJELDAHL NITROGEN, TOTAL","mg/L",0.936
"06/18/1998","S65E","KJELDAHL NITROGEN, TOTAL","mg/L",0.984
"06/19/1998","S65E","KJELDAHL NITROGEN, TOTAL","mg/L",0.893
"06/20/1998","S65E","KJELDAHL NITROGEN, TOTAL","mg/L",0.844
"06/21/1998","S65E","KJELDAHL NITROGEN, TOTAL","mg/L",0.893
"06/22/1998","S65E","KJELDAHL NITROGEN, TOTAL","mg/L",1.035
"06/23/1998","S65E","KJELDAHL NITROGEN, TOTAL","mg/L",0.9775
"06/24/1998","S65E","KJELDAHL NITROGEN, TOTAL","mg/L",0.951
"06/25/1998","S65E","KJELDAHL NITROGEN, TOTAL","mg/L",1.2655
"06/26/1998","S65E","KJELDAHL NITROGEN, TOTAL","mg/L",1.087
"06/27/1998","S65E","KJELDAHL NITROGEN, TOTAL","mg/L",1.213
"06/28/1998","S65E","KJELDAHL NITROGEN, TOTAL","mg/L",1.265
"06/29/1998","S65E","KJELDAHL NITROGEN, TOTAL","mg/L",1.097
"06/30/1998","S65E","KJELDAHL NITROGEN, TOTAL","mg/L",1.087
"07/01/1998","S65E","KJELDAHL NITROGEN, TOTAL","mg/L",0.4325
"07/02/1998","S65E","KJELDAHL NITROGEN, TOTAL","mg/L",1.174
"07/03/1998","S65E","KJELDAHL NITROGEN, TOTAL","mg/L",1.419
"07/04/1998","S65E","KJELDAHL NITROGEN, TOTAL","mg/L",1.9
"07/05/1998","S65E","KJELDAHL NITROGEN, TOTAL","mg/L",1.918
"07/06/1998","S65E","KJELDAHL NITROGEN, TOTAL","mg/L",1.16
"07/07/1998","S65E","KJELDAHL NITROGEN, TOTAL","mg/L",1.254
"07/08/1998","S65E","KJELDAHL NITROGEN, TOTAL","mg/L",1.084
"07/09/1998","S65E","KJELDAHL NITROGEN, TOTAL","mg/L",1.445
"07/10/1998","S65E","KJELDAHL NITROGEN, TOTAL","mg/L",1.683
"07/11/1998","S65E","KJELDAHL NITROGEN, TOTAL","mg/L",1.973
"07/12/1998","S65E","KJELDAHL NITROGEN, TOTAL","mg/L",2.576
"07/13/1998","S65E","KJELDAHL NITROGEN, TOTAL","mg/L",1.857
"07/14/1998","S65E","KJELDAHL NITROGEN, TOTAL","mg/L",1.405
"07/15/1998","S65E","KJELDAHL NITROGEN, TOTAL","mg/L",1.086
"07/21/1998","S65E","KJELDAHL NITROGEN, TOTAL","mg/L",1.153
"07/23/1998","S65E","KJELDAHL NITROGEN, TOTAL","mg/L",1.597
"07/24/1998","S65E","KJELDAHL NITROGEN, TOTAL","mg/L",1.248
"07/25/1998","S65E","KJELDAHL NITROGEN, TOTAL","mg/L",1.236
"07/26/1998","S65E","KJELDAHL NITROGEN, TOTAL","mg/L",1.282
"07/27/1998","S65E","KJELDAHL NITROGEN, TOTAL","mg/L",1.311
"07/28/1998","S65E","KJELDAHL NITROGEN, TOTAL","mg/L",1.311
"07/29/1998","S65E","KJELDAHL NITROGEN, TOTAL","mg/L",2.04
"08/04/1998","S65E","KJELDAHL NITROGEN, TOTAL","mg/L",1.195
"08/14/1998","S65E","KJELDAHL NITROGEN, TOTAL","mg/L",1.408
"08/15/1998","S65E","KJELDAHL NITROGEN, TOTAL","mg/L",1.39
"08/16/1998","S65E","KJELDAHL NITROGEN, TOTAL","mg/L",1.52
"08/17/1998","S65E","KJELDAHL NITROGEN, TOTAL","mg/L",1.403
"08/18/1998","S65E","KJELDAHL NITROGEN, TOTAL","mg/L",1.5095
"08/19/1998","S65E","KJELDAHL NITROGEN, TOTAL","mg/L",0.747333333333333
"08/24/1998","S65E","KJELDAHL NITROGEN, TOTAL","mg/L",1.456
"08/29/1998","S65E","KJELDAHL NITROGEN, TOTAL","mg/L",1.597
"08/30/1998","S65E","KJELDAHL NITROGEN, TOTAL","mg/L",1.658
"08/31/1998","S65E","KJELDAHL NITROGEN, TOTAL","mg/L",1.547
"09/01/1998","S65E","KJELDAHL NITROGEN, TOTAL","mg/L",1.52
"09/02/1998","S65E","KJELDAHL NITROGEN, TOTAL","mg/L",1.598
"09/03/1998","S65E","KJELDAHL NITROGEN, TOTAL","mg/L",1.531
"09/04/1998","S65E","KJELDAHL NITROGEN, TOTAL","mg/L",1.55
"09/05/1998","S65E","KJELDAHL NITROGEN, TOTAL","mg/L",1.48
"09/06/1998","S65E","KJELDAHL NITROGEN, TOTAL","mg/L",1.371
"09/07/1998","S65E","KJELDAHL NITROGEN, TOTAL","mg/L",1.729
"09/08/1998","S65E","KJELDAHL NITROGEN, TOTAL","mg/L",1.531
"09/09/1998","S65E","KJELDAHL NITROGEN, TOTAL","mg/L",1.691
"09/10/1998","S65E","KJELDAHL NITROGEN, TOTAL","mg/L",2.002
"09/15/1998","S65E","KJELDAHL NITROGEN, TOTAL","mg/L",1.55
"09/24/1998","S65E","KJELDAHL NITROGEN, TOTAL","mg/L",1.428
"09/25/1998","S65E","KJELDAHL NITROGEN, TOTAL","mg/L",1.521
"09/26/1998","S65E","KJELDAHL NITROGEN, TOTAL","mg/L",1.457
"09/27/1998","S65E","KJELDAHL NITROGEN, TOTAL","mg/L",1.405
"09/28/1998","S65E","KJELDAHL NITROGEN, TOTAL","mg/L",1.411
"09/29/1998","S65E","KJELDAHL NITROGEN, TOTAL","mg/L",1.4855
"09/30/1998","S65E","KJELDAHL NITROGEN, TOTAL","mg/L",1.368
"10/01/1998","S65E","KJELDAHL NITROGEN, TOTAL","mg/L",1.361
"10/02/1998","S65E","KJELDAHL NITROGEN, TOTAL","mg/L",1.34
"10/03/1998","S65E","KJELDAHL NITROGEN, TOTAL","mg/L",1.407
"10/04/1998","S65E","KJELDAHL NITROGEN, TOTAL","mg/L",1.454
"10/05/1998","S65E","KJELDAHL NITROGEN, TOTAL","mg/L",1.945
"10/06/1998","S65E","KJELDAHL NITROGEN, TOTAL","mg/L",1.516
"10/07/1998","S65E","KJELDAHL NITROGEN, TOTAL","mg/L",1.593
"10/13/1998","S65E","KJELDAHL NITROGEN, TOTAL","mg/L",1.419
"10/15/1998","S65E","KJELDAHL NITROGEN, TOTAL","mg/L",1.497
"10/16/1998","S65E","KJELDAHL NITROGEN, TOTAL","mg/L",1.431
"10/17/1998","S65E","KJELDAHL NITROGEN, TOTAL","mg/L",1.752
"10/18/1998","S65E","KJELDAHL NITROGEN, TOTAL","mg/L",1.415
"10/19/1998","S65E","KJELDAHL NITROGEN, TOTAL","mg/L",1.638
"10/20/1998","S65E","KJELDAHL NITROGEN, TOTAL","mg/L",1.776
"10/21/1998","S65E","KJELDAHL NITROGEN, TOTAL","mg/L",1.414
"10/22/1998","S65E","KJELDAHL NITROGEN, TOTAL","mg/L",1.815
"10/23/1998","S65E","KJELDAHL NITROGEN, TOTAL","mg/L",1.643
"10/24/1998","S65E","KJELDAHL NITROGEN, TOTAL","mg/L",1.773
"10/25/1998","S65E","KJELDAHL NITROGEN, TOTAL","mg/L",1.726
"10/26/1998","S65E","KJELDAHL NITROGEN, TOTAL","mg/L",1.584
"10/27/1998","S65E","KJELDAHL NITROGEN, TOTAL","mg/L",1.445
"10/28/1998","S65E","KJELDAHL NITROGEN, TOTAL","mg/L",1.392
"10/29/1998","S65E","KJELDAHL NITROGEN, TOTAL","mg/L",1.4275
"10/30/1998","S65E","KJELDAHL NITROGEN, TOTAL","mg/L",1.425
"10/31/1998","S65E","KJELDAHL NITROGEN, TOTAL","mg/L",1.478
"11/01/1998","S65E","KJELDAHL NITROGEN, TOTAL","mg/L",1.323
"11/02/1998","S65E","KJELDAHL NITROGEN, TOTAL","mg/L",1.286
"11/03/1998","S65E","KJELDAHL NITROGEN, TOTAL","mg/L",1.243
"11/04/1998","S65E","KJELDAHL NITROGEN, TOTAL","mg/L",0.374
"11/05/1998","S65E","KJELDAHL NITROGEN, TOTAL","mg/L",1.231
"11/06/1998","S65E","KJELDAHL NITROGEN, TOTAL","mg/L",1.268
"11/07/1998","S65E","KJELDAHL NITROGEN, TOTAL","mg/L",1.218
"11/08/1998","S65E","KJELDAHL NITROGEN, TOTAL","mg/L",1.083
"11/09/1998","S65E","KJELDAHL NITROGEN, TOTAL","mg/L",1.194
"11/10/1998","S65E","KJELDAHL NITROGEN, TOTAL","mg/L",1.178
"11/11/1998","S65E","KJELDAHL NITROGEN, TOTAL","mg/L",1.224
"11/12/1998","S65E","KJELDAHL NITROGEN, TOTAL","mg/L",1.181
"11/13/1998","S65E","KJELDAHL NITROGEN, TOTAL","mg/L",1.109
"11/14/1998","S65E","KJELDAHL NITROGEN, TOTAL","mg/L",1.092
"11/15/1998","S65E","KJELDAHL NITROGEN, TOTAL","mg/L",1.045
"11/16/1998","S65E","KJELDAHL NITROGEN, TOTAL","mg/L",1.186
"11/17/1998","S65E","KJELDAHL NITROGEN, TOTAL","mg/L",1.194
"11/18/1998","S65E","KJELDAHL NITROGEN, TOTAL","mg/L",1.117
"11/19/1998","S65E","KJELDAHL NITROGEN, TOTAL","mg/L",1.025
"11/20/1998","S65E","KJELDAHL NITROGEN, TOTAL","mg/L",1.195
"11/21/1998","S65E","KJELDAHL NITROGEN, TOTAL","mg/L",1.121
"11/22/1998","S65E","KJELDAHL NITROGEN, TOTAL","mg/L",1.012
"11/23/1998","S65E","KJELDAHL NITROGEN, TOTAL","mg/L",0.972
"11/24/1998","S65E","KJELDAHL NITROGEN, TOTAL","mg/L",1.054
"11/25/1998","S65E","KJELDAHL NITROGEN, TOTAL","mg/L",1.025
"11/26/1998","S65E","KJELDAHL NITROGEN, TOTAL","mg/L",1.2
"11/27/1998","S65E","KJELDAHL NITROGEN, TOTAL","mg/L",1.183
"11/28/1998","S65E","KJELDAHL NITROGEN, TOTAL","mg/L",1.175
"11/29/1998","S65E","KJELDAHL NITROGEN, TOTAL","mg/L",1.153
"11/30/1998","S65E","KJELDAHL NITROGEN, TOTAL","mg/L",1.101
"12/01/1998","S65E","KJELDAHL NITROGEN, TOTAL","mg/L",1.238
"12/02/1998","S65E","KJELDAHL NITROGEN, TOTAL","mg/L",1.217
"12/03/1998","S65E","KJELDAHL NITROGEN, TOTAL","mg/L",1.1035
"12/04/1998","S65E","KJELDAHL NITROGEN, TOTAL","mg/L",1.135
"12/05/1998","S65E","KJELDAHL NITROGEN, TOTAL","mg/L",1.013
"12/06/1998","S65E","KJELDAHL NITROGEN, TOTAL","mg/L",1.064
"12/07/1998","S65E","KJELDAHL NITROGEN, TOTAL","mg/L",1.064
"12/08/1998","S65E","KJELDAHL NITROGEN, TOTAL","mg/L",0.543666666666667
"12/10/1998","S65E","KJELDAHL NITROGEN, TOTAL","mg/L",1.145
"12/11/1998","S65E","KJELDAHL NITROGEN, TOTAL","mg/L",1.205
"12/12/1998","S65E","KJELDAHL NITROGEN, TOTAL","mg/L",1.081
"12/13/1998","S65E","KJELDAHL NITROGEN, TOTAL","mg/L",1.021
"12/14/1998","S65E","KJELDAHL NITROGEN, TOTAL","mg/L",1.012
"12/15/1998","S65E","KJELDAHL NITROGEN, TOTAL","mg/L",1.007
"12/16/1998","S65E","KJELDAHL NITROGEN, TOTAL","mg/L",0.874
"12/18/1998","S65E","KJELDAHL NITROGEN, TOTAL","mg/L",0.859
"12/19/1998","S65E","KJELDAHL NITROGEN, TOTAL","mg/L",0.859
"12/20/1998","S65E","KJELDAHL NITROGEN, TOTAL","mg/L",0.863
"12/21/1998","S65E","KJELDAHL NITROGEN, TOTAL","mg/L",0.868
"12/22/1998","S65E","KJELDAHL NITROGEN, TOTAL","mg/L",1.0125
"12/23/1998","S65E","KJELDAHL NITROGEN, TOTAL","mg/L",1.091
"12/24/1998","S65E","KJELDAHL NITROGEN, TOTAL","mg/L",0.958
"12/25/1998","S65E","KJELDAHL NITROGEN, TOTAL","mg/L",1.011
"12/26/1998","S65E","KJELDAHL NITROGEN, TOTAL","mg/L",0.993
"12/27/1998","S65E","KJELDAHL NITROGEN, TOTAL","mg/L",0.873
"12/28/1998","S65E","KJELDAHL NITROGEN, TOTAL","mg/L",0.891
"12/29/1998","S65E","KJELDAHL NITROGEN, TOTAL","mg/L",0.913
"12/30/1998","S65E","KJELDAHL NITROGEN, TOTAL","mg/L",0.891
"12/31/1998","S65E","KJELDAHL NITROGEN, TOTAL","mg/L",1.05
"01/01/1999","S65E","KJELDAHL NITROGEN, TOTAL","mg/L",0.902
"01/02/1999","S65E","KJELDAHL NITROGEN, TOTAL","mg/L",0.906
"01/03/1999","S65E","KJELDAHL NITROGEN, TOTAL","mg/L",0.902
"01/04/1999","S65E","KJELDAHL NITROGEN, TOTAL","mg/L",0.928
"01/05/1999","S65E","KJELDAHL NITROGEN, TOTAL","mg/L",0.9685
"01/06/1999","S65E","KJELDAHL NITROGEN, TOTAL","mg/L",0.976
"01/07/1999","S65E","KJELDAHL NITROGEN, TOTAL","mg/L",0.884
"01/08/1999","S65E","KJELDAHL NITROGEN, TOTAL","mg/L",0.789
"01/09/1999","S65E","KJELDAHL NITROGEN, TOTAL","mg/L",0.896
"01/10/1999","S65E","KJELDAHL NITROGEN, TOTAL","mg/L",0.859
"01/11/1999","S65E","KJELDAHL NITROGEN, TOTAL","mg/L",0.781
"01/12/1999","S65E","KJELDAHL NITROGEN, TOTAL","mg/L",0.764
"01/13/1999","S65E","KJELDAHL NITROGEN, TOTAL","mg/L",0.756
"01/14/1999","S65E","KJELDAHL NITROGEN, TOTAL","mg/L",1.218
"01/15/1999","S65E","KJELDAHL NITROGEN, TOTAL","mg/L",1.002
"01/16/1999","S65E","KJELDAHL NITROGEN, TOTAL","mg/L",1.108
"01/17/1999","S65E","KJELDAHL NITROGEN, TOTAL","mg/L",0.9
"01/18/1999","S65E","KJELDAHL NITROGEN, TOTAL","mg/L",0.931
"01/19/1999","S65E","KJELDAHL NITROGEN, TOTAL","mg/L",0.995
"01/20/1999","S65E","KJELDAHL NITROGEN, TOTAL","mg/L",1.006
"01/21/1999","S65E","KJELDAHL NITROGEN, TOTAL","mg/L",0.946
"01/22/1999","S65E","KJELDAHL NITROGEN, TOTAL","mg/L",0.977
"01/23/1999","S65E","KJELDAHL NITROGEN, TOTAL","mg/L",0.967
"01/24/1999","S65E","KJELDAHL NITROGEN, TOTAL","mg/L",0.855
"01/25/1999","S65E","KJELDAHL NITROGEN, TOTAL","mg/L",0.9185
"01/26/1999","S65E","KJELDAHL NITROGEN, TOTAL","mg/L",0.828
"01/27/1999","S65E","KJELDAHL NITROGEN, TOTAL","mg/L",0.886
"01/28/1999","S65E","KJELDAHL NITROGEN, TOTAL","mg/L",0.895
"01/29/1999","S65E","KJELDAHL NITROGEN, TOTAL","mg/L",0.778
"01/30/1999","S65E","KJELDAHL NITROGEN, TOTAL","mg/L",0.747
"01/31/1999","S65E","KJELDAHL NITROGEN, TOTAL","mg/L",0.769
"02/01/1999","S65E","KJELDAHL NITROGEN, TOTAL","mg/L",0.822
"02/02/1999","S65E","KJELDAHL NITROGEN, TOTAL","mg/L",0.808
"02/03/1999","S65E","KJELDAHL NITROGEN, TOTAL","mg/L",0.1345
"02/04/1999","S65E","KJELDAHL NITROGEN, TOTAL","mg/L",1.003
"02/05/1999","S65E","KJELDAHL NITROGEN, TOTAL","mg/L",0.994
"02/06/1999","S65E","KJELDAHL NITROGEN, TOTAL","mg/L",0.932
"02/07/1999","S65E","KJELDAHL NITROGEN, TOTAL","mg/L",0.91
"02/08/1999","S65E","KJELDAHL NITROGEN, TOTAL","mg/L",0.906
"02/09/1999","S65E","KJELDAHL NITROGEN, TOTAL","mg/L",0.937
"02/10/1999","S65E","KJELDAHL NITROGEN, TOTAL","mg/L",0.976
"02/11/1999","S65E","KJELDAHL NITROGEN, TOTAL","mg/L",1.035
"02/12/1999","S65E","KJELDAHL NITROGEN, TOTAL","mg/L",0.909
"02/13/1999","S65E","KJELDAHL NITROGEN, TOTAL","mg/L",0.871
"02/14/1999","S65E","KJELDAHL NITROGEN, TOTAL","mg/L",0.863
"02/15/1999","S65E","KJELDAHL NITROGEN, TOTAL","mg/L",0.938
"02/16/1999","S65E","KJELDAHL NITROGEN, TOTAL","mg/L",0.8915
"02/17/1999","S65E","KJELDAHL NITROGEN, TOTAL","mg/L",0.835
"02/18/1999","S65E","KJELDAHL NITROGEN, TOTAL","mg/L",0.806
"02/19/1999","S65E","KJELDAHL NITROGEN, TOTAL","mg/L",0.806
"02/20/1999","S65E","KJELDAHL NITROGEN, TOTAL","mg/L",0.879
"02/21/1999","S65E","KJELDAHL NITROGEN, TOTAL","mg/L",0.777
"02/22/1999","S65E","KJELDAHL NITROGEN, TOTAL","mg/L",0.801
"02/23/1999","S65E","KJELDAHL NITROGEN, TOTAL","mg/L",0.787
"02/24/1999","S65E","KJELDAHL NITROGEN, TOTAL","mg/L",0.801
"02/25/1999","S65E","KJELDAHL NITROGEN, TOTAL","mg/L",0.986
"02/26/1999","S65E","KJELDAHL NITROGEN, TOTAL","mg/L",0.938
"02/27/1999","S65E","KJELDAHL NITROGEN, TOTAL","mg/L",0.953
"02/28/1999","S65E","KJELDAHL NITROGEN, TOTAL","mg/L",0.881
"03/01/1999","S65E","KJELDAHL NITROGEN, TOTAL","mg/L",0.967
"03/02/1999","S65E","KJELDAHL NITROGEN, TOTAL","mg/L",0.461
"03/03/1999","S65E","KJELDAHL NITROGEN, TOTAL","mg/L",0.89
"03/04/1999","S65E","KJELDAHL NITROGEN, TOTAL","mg/L",0.946
"03/05/1999","S65E","KJELDAHL NITROGEN, TOTAL","mg/L",0.877
"03/06/1999","S65E","KJELDAHL NITROGEN, TOTAL","mg/L",0.991
"03/07/1999","S65E","KJELDAHL NITROGEN, TOTAL","mg/L",0.946
"03/08/1999","S65E","KJELDAHL NITROGEN, TOTAL","mg/L",0.906
"03/09/1999","S65E","KJELDAHL NITROGEN, TOTAL","mg/L",0.874
"03/10/1999","S65E","KJELDAHL NITROGEN, TOTAL","mg/L",0.938
"03/11/1999","S65E","KJELDAHL NITROGEN, TOTAL","mg/L",0.952
"03/12/1999","S65E","KJELDAHL NITROGEN, TOTAL","mg/L",0.948
"03/13/1999","S65E","KJELDAHL NITROGEN, TOTAL","mg/L",0.924
"03/14/1999","S65E","KJELDAHL NITROGEN, TOTAL","mg/L",0.889
"03/15/1999","S65E","KJELDAHL NITROGEN, TOTAL","mg/L",0.95
"03/16/1999","S65E","KJELDAHL NITROGEN, TOTAL","mg/L",0.425
"03/17/1999","S65E","KJELDAHL NITROGEN, TOTAL","mg/L",0.928
"03/18/1999","S65E","KJELDAHL NITROGEN, TOTAL","mg/L",0.756
"03/19/1999","S65E","KJELDAHL NITROGEN, TOTAL","mg/L",0.9
"03/20/1999","S65E","KJELDAHL NITROGEN, TOTAL","mg/L",0.915
"03/21/1999","S65E","KJELDAHL NITROGEN, TOTAL","mg/L",0.861
"03/22/1999","S65E","KJELDAHL NITROGEN, TOTAL","mg/L",0.945
"03/23/1999","S65E","KJELDAHL NITROGEN, TOTAL","mg/L",0.836
"03/24/1999","S65E","KJELDAHL NITROGEN, TOTAL","mg/L",0.876
"03/25/1999","S65E","KJELDAHL NITROGEN, TOTAL","mg/L",0.894
"03/26/1999","S65E","KJELDAHL NITROGEN, TOTAL","mg/L",0.962
"03/27/1999","S65E","KJELDAHL NITROGEN, TOTAL","mg/L",0.953
"03/28/1999","S65E","KJELDAHL NITROGEN, TOTAL","mg/L",1.017
"03/29/1999","S65E","KJELDAHL NITROGEN, TOTAL","mg/L",0.945
"03/30/1999","S65E","KJELDAHL NITROGEN, TOTAL","mg/L",0.945
"03/31/1999","S65E","KJELDAHL NITROGEN, TOTAL","mg/L",1.02
"04/01/1999","S65E","KJELDAHL NITROGEN, TOTAL","mg/L",1.078
"04/02/1999","S65E","KJELDAHL NITROGEN, TOTAL","mg/L",1.161
"04/03/1999","S65E","KJELDAHL NITROGEN, TOTAL","mg/L",1.135
"04/04/1999","S65E","KJELDAHL NITROGEN, TOTAL","mg/L",1.125
"04/05/1999","S65E","KJELDAHL NITROGEN, TOTAL","mg/L",1.135
"04/06/1999","S65E","KJELDAHL NITROGEN, TOTAL","mg/L",1.405
"04/07/1999","S65E","KJELDAHL NITROGEN, TOTAL","mg/L",1.208
"04/08/1999","S65E","KJELDAHL NITROGEN, TOTAL","mg/L",1.446
"04/09/1999","S65E","KJELDAHL NITROGEN, TOTAL","mg/L",1.472
"04/10/1999","S65E","KJELDAHL NITROGEN, TOTAL","mg/L",1.609
"04/11/1999","S65E","KJELDAHL NITROGEN, TOTAL","mg/L",1.488
"04/12/1999","S65E","KJELDAHL NITROGEN, TOTAL","mg/L",1.651
"04/13/1999","S65E","KJELDAHL NITROGEN, TOTAL","mg/L",1.4435
"04/14/1999","S65E","KJELDAHL NITROGEN, TOTAL","mg/L",1.398
"04/15/1999","S65E","KJELDAHL NITROGEN, TOTAL","mg/L",1.545
"04/16/1999","S65E","KJELDAHL NITROGEN, TOTAL","mg/L",1.002
"04/17/1999","S65E","KJELDAHL NITROGEN, TOTAL","mg/L",1.028
"04/18/1999","S65E","KJELDAHL NITROGEN, TOTAL","mg/L",1.049
"04/19/1999","S65E","KJELDAHL NITROGEN, TOTAL","mg/L",1.02
"04/20/1999","S65E","KJELDAHL NITROGEN, TOTAL","mg/L",0.961
"04/21/1999","S65E","KJELDAHL NITROGEN, TOTAL","mg/L",0.987
"04/22/1999","S65E","KJELDAHL NITROGEN, TOTAL","mg/L",1.114
"04/23/1999","S65E","KJELDAHL NITROGEN, TOTAL","mg/L",1.046
"04/24/1999","S65E","KJELDAHL NITROGEN, TOTAL","mg/L",1.046
"04/25/1999","S65E","KJELDAHL NITROGEN, TOTAL","mg/L",1.109
"04/26/1999","S65E","KJELDAHL NITROGEN, TOTAL","mg/L",1.356
"04/27/1999","S65E","KJELDAHL NITROGEN, TOTAL","mg/L",1.1355
"04/28/1999","S65E","KJELDAHL NITROGEN, TOTAL","mg/L",0.752
"04/29/1999","S65E","KJELDAHL NITROGEN, TOTAL","mg/L",1.122
"04/30/1999","S65E","KJELDAHL NITROGEN, TOTAL","mg/L",1.148
"05/01/1999","S65E","KJELDAHL NITROGEN, TOTAL","mg/L",1.184
"05/02/1999","S65E","KJELDAHL NITROGEN, TOTAL","mg/L",1.004
"05/03/1999","S65E","KJELDAHL NITROGEN, TOTAL","mg/L",1.094
"05/04/1999","S65E","KJELDAHL NITROGEN, TOTAL","mg/L",1.268
"05/05/1999","S65E","KJELDAHL NITROGEN, TOTAL","mg/L",1.085
"05/06/1999","S65E","KJELDAHL NITROGEN, TOTAL","mg/L",1.315
"05/07/1999","S65E","KJELDAHL NITROGEN, TOTAL","mg/L",1.377
"05/08/1999","S65E","KJELDAHL NITROGEN, TOTAL","mg/L",1.037
"05/09/1999","S65E","KJELDAHL NITROGEN, TOTAL","mg/L",1.031
"05/10/1999","S65E","KJELDAHL NITROGEN, TOTAL","mg/L",1.248
"05/11/1999","S65E","KJELDAHL NITROGEN, TOTAL","mg/L",1.135
"05/12/1999","S65E","KJELDAHL NITROGEN, TOTAL","mg/L",1.269
"05/13/1999","S65E","KJELDAHL NITROGEN, TOTAL","mg/L",1.356
"05/14/1999","S65E","KJELDAHL NITROGEN, TOTAL","mg/L",1.314
"05/15/1999","S65E","KJELDAHL NITROGEN, TOTAL","mg/L",1.333
"05/16/1999","S65E","KJELDAHL NITROGEN, TOTAL","mg/L",1.408
"05/17/1999","S65E","KJELDAHL NITROGEN, TOTAL","mg/L",1.479
"05/18/1999","S65E","KJELDAHL NITROGEN, TOTAL","mg/L",1.574
"05/19/1999","S65E","KJELDAHL NITROGEN, TOTAL","mg/L",1.64
"05/21/1999","S65E","KJELDAHL NITROGEN, TOTAL","mg/L",1.634
"05/22/1999","S65E","KJELDAHL NITROGEN, TOTAL","mg/L",1.862
"05/23/1999","S65E","KJELDAHL NITROGEN, TOTAL","mg/L",1.645
"05/24/1999","S65E","KJELDAHL NITROGEN, TOTAL","mg/L",1.812
"05/25/1999","S65E","KJELDAHL NITROGEN, TOTAL","mg/L",1.413
"05/26/1999","S65E","KJELDAHL NITROGEN, TOTAL","mg/L",1.593
"05/27/1999","S65E","KJELDAHL NITROGEN, TOTAL","mg/L",1.526
"05/28/1999","S65E","KJELDAHL NITROGEN, TOTAL","mg/L",1.674
"05/29/1999","S65E","KJELDAHL NITROGEN, TOTAL","mg/L",2.391
"05/30/1999","S65E","KJELDAHL NITROGEN, TOTAL","mg/L",1.412
"05/31/1999","S65E","KJELDAHL NITROGEN, TOTAL","mg/L",1.357
"06/01/1999","S65E","KJELDAHL NITROGEN, TOTAL","mg/L",1.263
"06/02/1999","S65E","KJELDAHL NITROGEN, TOTAL","mg/L",0.318
"06/03/1999","S65E","KJELDAHL NITROGEN, TOTAL","mg/L",1.213
"06/04/1999","S65E","KJELDAHL NITROGEN, TOTAL","mg/L",1.348
"06/05/1999","S65E","KJELDAHL NITROGEN, TOTAL","mg/L",1.23
"06/06/1999","S65E","KJELDAHL NITROGEN, TOTAL","mg/L",1.182
"06/07/1999","S65E","KJELDAHL NITROGEN, TOTAL","mg/L",1.13
"06/08/1999","S65E","KJELDAHL NITROGEN, TOTAL","mg/L",1.058
"06/09/1999","S65E","KJELDAHL NITROGEN, TOTAL","mg/L",1.073
"06/10/1999","S65E","KJELDAHL NITROGEN, TOTAL","mg/L",1.063
"06/11/1999","S65E","KJELDAHL NITROGEN, TOTAL","mg/L",1.134
"06/12/1999","S65E","KJELDAHL NITROGEN, TOTAL","mg/L",1.072
"06/13/1999","S65E","KJELDAHL NITROGEN, TOTAL","mg/L",0.676
"06/14/1999","S65E","KJELDAHL NITROGEN, TOTAL","mg/L",0.667
"06/15/1999","S65E","KJELDAHL NITROGEN, TOTAL","mg/L",0.756
"06/16/1999","S65E","KJELDAHL NITROGEN, TOTAL","mg/L",0.796
"06/17/1999","S65E","KJELDAHL NITROGEN, TOTAL","mg/L",1.153
"06/18/1999","S65E","KJELDAHL NITROGEN, TOTAL","mg/L",1.29
"06/19/1999","S65E","KJELDAHL NITROGEN, TOTAL","mg/L",1.258
"06/20/1999","S65E","KJELDAHL NITROGEN, TOTAL","mg/L",1.263
"06/21/1999","S65E","KJELDAHL NITROGEN, TOTAL","mg/L",1.258
"06/22/1999","S65E","KJELDAHL NITROGEN, TOTAL","mg/L",1.0775
"06/23/1999","S65E","KJELDAHL NITROGEN, TOTAL","mg/L",1.39
"06/25/1999","S65E","KJELDAHL NITROGEN, TOTAL","mg/L",1.288
"06/26/1999","S65E","KJELDAHL NITROGEN, TOTAL","mg/L",1.183
"06/27/1999","S65E","KJELDAHL NITROGEN, TOTAL","mg/L",1.332
"06/28/1999","S65E","KJELDAHL NITROGEN, TOTAL","mg/L",1.19
"06/29/1999","S65E","KJELDAHL NITROGEN, TOTAL","mg/L",1.363
"06/30/1999","S65E","KJELDAHL NITROGEN, TOTAL","mg/L",0.4205
"07/01/1999","S65E","KJELDAHL NITROGEN, TOTAL","mg/L",1.604
"07/02/1999","S65E","KJELDAHL NITROGEN, TOTAL","mg/L",1.461
"07/03/1999","S65E","KJELDAHL NITROGEN, TOTAL","mg/L",1.521
"07/04/1999","S65E","KJELDAHL NITROGEN, TOTAL","mg/L",1.5
"07/05/1999","S65E","KJELDAHL NITROGEN, TOTAL","mg/L",1.473
"07/06/1999","S65E","KJELDAHL NITROGEN, TOTAL","mg/L",0.778333333333333
"07/07/1999","S65E","KJELDAHL NITROGEN, TOTAL","mg/L",1.445
"07/08/1999","S65E","KJELDAHL NITROGEN, TOTAL","mg/L",1.456
"07/09/1999","S65E","KJELDAHL NITROGEN, TOTAL","mg/L",1.709
"07/10/1999","S65E","KJELDAHL NITROGEN, TOTAL","mg/L",1.772
"07/11/1999","S65E","KJELDAHL NITROGEN, TOTAL","mg/L",1.631
"07/12/1999","S65E","KJELDAHL NITROGEN, TOTAL","mg/L",1.758
"07/13/1999","S65E","KJELDAHL NITROGEN, TOTAL","mg/L",1.654
"07/14/1999","S65E","KJELDAHL NITROGEN, TOTAL","mg/L",1.753
"07/15/1999","S65E","KJELDAHL NITROGEN, TOTAL","mg/L",1.825
"07/16/1999","S65E","KJELDAHL NITROGEN, TOTAL","mg/L",1.61
"07/17/1999","S65E","KJELDAHL NITROGEN, TOTAL","mg/L",1.786
"07/18/1999","S65E","KJELDAHL NITROGEN, TOTAL","mg/L",1.672
"07/19/1999","S65E","KJELDAHL NITROGEN, TOTAL","mg/L",1.577
"07/20/1999","S65E","KJELDAHL NITROGEN, TOTAL","mg/L",0.949666666666667
"07/21/1999","S65E","KJELDAHL NITROGEN, TOTAL","mg/L",1.852
"07/22/1999","S65E","KJELDAHL NITROGEN, TOTAL","mg/L",1.69
"07/23/1999","S65E","KJELDAHL NITROGEN, TOTAL","mg/L",1.609
"07/24/1999","S65E","KJELDAHL NITROGEN, TOTAL","mg/L",1.623
"07/25/1999","S65E","KJELDAHL NITROGEN, TOTAL","mg/L",1.621
"07/26/1999","S65E","KJELDAHL NITROGEN, TOTAL","mg/L",1.698
"07/27/1999","S65E","KJELDAHL NITROGEN, TOTAL","mg/L",1.764
"07/28/1999","S65E","KJELDAHL NITROGEN, TOTAL","mg/L",1.819
"07/29/1999","S65E","KJELDAHL NITROGEN, TOTAL","mg/L",2.057
"07/30/1999","S65E","KJELDAHL NITROGEN, TOTAL","mg/L",1.699
"07/31/1999","S65E","KJELDAHL NITROGEN, TOTAL","mg/L",1.603
"08/01/1999","S65E","KJELDAHL NITROGEN, TOTAL","mg/L",1.572
"08/02/1999","S65E","KJELDAHL NITROGEN, TOTAL","mg/L",1.525
"08/03/1999","S65E","KJELDAHL NITROGEN, TOTAL","mg/L",0.92
"08/04/1999","S65E","KJELDAHL NITROGEN, TOTAL","mg/L",1.449
"08/05/1999","S65E","KJELDAHL NITROGEN, TOTAL","mg/L",1.546
"08/06/1999","S65E","KJELDAHL NITROGEN, TOTAL","mg/L",1.585
"08/07/1999","S65E","KJELDAHL NITROGEN, TOTAL","mg/L",1.624
"08/08/1999","S65E","KJELDAHL NITROGEN, TOTAL","mg/L",1.606
"08/09/1999","S65E","KJELDAHL NITROGEN, TOTAL","mg/L",1.726
"08/10/1999","S65E","KJELDAHL NITROGEN, TOTAL","mg/L",1.52
"08/11/1999","S65E","KJELDAHL NITROGEN, TOTAL","mg/L",0.780333333333333
"08/12/1999","S65E","KJELDAHL NITROGEN, TOTAL","mg/L",1.502
"08/13/1999","S65E","KJELDAHL NITROGEN, TOTAL","mg/L",1.437
"08/14/1999","S65E","KJELDAHL NITROGEN, TOTAL","mg/L",1.479
"08/15/1999","S65E","KJELDAHL NITROGEN, TOTAL","mg/L",1.442
"08/16/1999","S65E","KJELDAHL NITROGEN, TOTAL","mg/L",1.484
"08/17/1999","S65E","KJELDAHL NITROGEN, TOTAL","mg/L",1.5245
"08/18/1999","S65E","KJELDAHL NITROGEN, TOTAL","mg/L",1.521
"08/19/1999","S65E","KJELDAHL NITROGEN, TOTAL","mg/L",1.511
"08/20/1999","S65E","KJELDAHL NITROGEN, TOTAL","mg/L",1.437
"08/21/1999","S65E","KJELDAHL NITROGEN, TOTAL","mg/L",1.404
"08/22/1999","S65E","KJELDAHL NITROGEN, TOTAL","mg/L",1.386
"08/23/1999","S65E","KJELDAHL NITROGEN, TOTAL","mg/L",1.491
"08/24/1999","S65E","KJELDAHL NITROGEN, TOTAL","mg/L",1.444
"08/25/1999","S65E","KJELDAHL NITROGEN, TOTAL","mg/L",1.328
"08/26/1999","S65E","KJELDAHL NITROGEN, TOTAL","mg/L",1.383
"08/27/1999","S65E","KJELDAHL NITROGEN, TOTAL","mg/L",1.47
"08/28/1999","S65E","KJELDAHL NITROGEN, TOTAL","mg/L",1.353
"08/29/1999","S65E","KJELDAHL NITROGEN, TOTAL","mg/L",1.368
"08/30/1999","S65E","KJELDAHL NITROGEN, TOTAL","mg/L",1.398
"08/31/1999","S65E","KJELDAHL NITROGEN, TOTAL","mg/L",1.4115
"09/01/1999","S65E","KJELDAHL NITROGEN, TOTAL","mg/L",1.504
"09/02/1999","S65E","KJELDAHL NITROGEN, TOTAL","mg/L",1.567
"09/03/1999","S65E","KJELDAHL NITROGEN, TOTAL","mg/L",1.397
"09/04/1999","S65E","KJELDAHL NITROGEN, TOTAL","mg/L",2.144
"09/05/1999","S65E","KJELDAHL NITROGEN, TOTAL","mg/L",1.465
"09/06/1999","S65E","KJELDAHL NITROGEN, TOTAL","mg/L",1.527
"09/07/1999","S65E","KJELDAHL NITROGEN, TOTAL","mg/L",1.495
"09/08/1999","S65E","KJELDAHL NITROGEN, TOTAL","mg/L",1.594
"09/09/1999","S65E","KJELDAHL NITROGEN, TOTAL","mg/L",1.494
"09/10/1999","S65E","KJELDAHL NITROGEN, TOTAL","mg/L",1.413
"09/11/1999","S65E","KJELDAHL NITROGEN, TOTAL","mg/L",1.337
"09/12/1999","S65E","KJELDAHL NITROGEN, TOTAL","mg/L",1.405
"09/13/1999","S65E","KJELDAHL NITROGEN, TOTAL","mg/L",1.398
"09/14/1999","S65E","KJELDAHL NITROGEN, TOTAL","mg/L",1.287
"09/15/1999","S65E","KJELDAHL NITROGEN, TOTAL","mg/L",1.343
"09/16/1999","S65E","KJELDAHL NITROGEN, TOTAL","mg/L",0.3856
"09/17/1999","S65E","KJELDAHL NITROGEN, TOTAL","mg/L",1.01
"09/18/1999","S65E","KJELDAHL NITROGEN, TOTAL","mg/L",1.164
"09/19/1999","S65E","KJELDAHL NITROGEN, TOTAL","mg/L",1.167
"09/20/1999","S65E","KJELDAHL NITROGEN, TOTAL","mg/L",1.054
"09/21/1999","S65E","KJELDAHL NITROGEN, TOTAL","mg/L",1.102
"09/22/1999","S65E","KJELDAHL NITROGEN, TOTAL","mg/L",1.069
"09/23/1999","S65E","KJELDAHL NITROGEN, TOTAL","mg/L",1.125
"09/24/1999","S65E","KJELDAHL NITROGEN, TOTAL","mg/L",1.335
"09/25/1999","S65E","KJELDAHL NITROGEN, TOTAL","mg/L",1.233
"09/26/1999","S65E","KJELDAHL NITROGEN, TOTAL","mg/L",1.134
"09/27/1999","S65E","KJELDAHL NITROGEN, TOTAL","mg/L",1.149
"09/28/1999","S65E","KJELDAHL NITROGEN, TOTAL","mg/L",0.545333333333333
"09/29/1999","S65E","KJELDAHL NITROGEN, TOTAL","mg/L",1.135
"09/30/1999","S65E","KJELDAHL NITROGEN, TOTAL","mg/L",1.213
"10/01/1999","S65E","KJELDAHL NITROGEN, TOTAL","mg/L",1.279
"10/02/1999","S65E","KJELDAHL NITROGEN, TOTAL","mg/L",1.161
"10/03/1999","S65E","KJELDAHL NITROGEN, TOTAL","mg/L",1.128
"10/04/1999","S65E","KJELDAHL NITROGEN, TOTAL","mg/L",1.104
"10/07/1999","S65E","KJELDAHL NITROGEN, TOTAL","mg/L",1.315
"10/08/1999","S65E","KJELDAHL NITROGEN, TOTAL","mg/L",1.223
"10/09/1999","S65E","KJELDAHL NITROGEN, TOTAL","mg/L",1.232
"10/10/1999","S65E","KJELDAHL NITROGEN, TOTAL","mg/L",1.276
"10/11/1999","S65E","KJELDAHL NITROGEN, TOTAL","mg/L",1.245
"10/12/1999","S65E","KJELDAHL NITROGEN, TOTAL","mg/L",1.178
"10/13/1999","S65E","KJELDAHL NITROGEN, TOTAL","mg/L",1.213
"10/14/1999","S65E","KJELDAHL NITROGEN, TOTAL","mg/L",1.291
"10/15/1999","S65E","KJELDAHL NITROGEN, TOTAL","mg/L",1.189
"10/16/1999","S65E","KJELDAHL NITROGEN, TOTAL","mg/L",1.241
"10/17/1999","S65E","KJELDAHL NITROGEN, TOTAL","mg/L",1.255
"10/18/1999","S65E","KJELDAHL NITROGEN, TOTAL","mg/L",1.351
"10/19/1999","S65E","KJELDAHL NITROGEN, TOTAL","mg/L",1.367
"10/20/1999","S65E","KJELDAHL NITROGEN, TOTAL","mg/L",1.367
"10/21/1999","S65E","KJELDAHL NITROGEN, TOTAL","mg/L",1.352
"10/22/1999","S65E","KJELDAHL NITROGEN, TOTAL","mg/L",1.336
"10/23/1999","S65E","KJELDAHL NITROGEN, TOTAL","mg/L",1.177
"10/24/1999","S65E","KJELDAHL NITROGEN, TOTAL","mg/L",1.159
"10/25/1999","S65E","KJELDAHL NITROGEN, TOTAL","mg/L",1.463
"10/26/1999","S65E","KJELDAHL NITROGEN, TOTAL","mg/L",1.3095
"10/27/1999","S65E","KJELDAHL NITROGEN, TOTAL","mg/L",0.581666666666667
"10/28/1999","S65E","KJELDAHL NITROGEN, TOTAL","mg/L",1
"10/29/1999","S65E","KJELDAHL NITROGEN, TOTAL","mg/L",0.92
"10/30/1999","S65E","KJELDAHL NITROGEN, TOTAL","mg/L",0.56
"10/31/1999","S65E","KJELDAHL NITROGEN, TOTAL","mg/L",0.73
"11/01/1999","S65E","KJELDAHL NITROGEN, TOTAL","mg/L",0.91
"11/02/1999","S65E","KJELDAHL NITROGEN, TOTAL","mg/L",1.5
"11/03/1999","S65E","KJELDAHL NITROGEN, TOTAL","mg/L",0.65
"11/04/1999","S65E","KJELDAHL NITROGEN, TOTAL","mg/L",1.6
"11/05/1999","S65E","KJELDAHL NITROGEN, TOTAL","mg/L",1.6
"11/06/1999","S65E","KJELDAHL NITROGEN, TOTAL","mg/L",1.6
"11/07/1999","S65E","KJELDAHL NITROGEN, TOTAL","mg/L",1.6
"11/08/1999","S65E","KJELDAHL NITROGEN, TOTAL","mg/L",1.7
"11/09/1999","S65E","KJELDAHL NITROGEN, TOTAL","mg/L",1.373
"11/10/1999","S65E","KJELDAHL NITROGEN, TOTAL","mg/L",1.5
"11/23/1999","S65E","KJELDAHL NITROGEN, TOTAL","mg/L",1.055
"12/02/1999","S65E","KJELDAHL NITROGEN, TOTAL","mg/L",0.6
"12/03/1999","S65E","KJELDAHL NITROGEN, TOTAL","mg/L",0.8
"12/04/1999","S65E","KJELDAHL NITROGEN, TOTAL","mg/L",1
"12/05/1999","S65E","KJELDAHL NITROGEN, TOTAL","mg/L",1.1
"12/06/1999","S65E","KJELDAHL NITROGEN, TOTAL","mg/L",0.8
"12/07/1999","S65E","KJELDAHL NITROGEN, TOTAL","mg/L",0.452333333333333
"12/08/1999","S65E","KJELDAHL NITROGEN, TOTAL","mg/L",0.8
"12/09/1999","S65E","KJELDAHL NITROGEN, TOTAL","mg/L",0.5
"12/10/1999","S65E","KJELDAHL NITROGEN, TOTAL","mg/L",0.2
"12/11/1999","S65E","KJELDAHL NITROGEN, TOTAL","mg/L",0.4
"12/12/1999","S65E","KJELDAHL NITROGEN, TOTAL","mg/L",0.3
"12/13/1999","S65E","KJELDAHL NITROGEN, TOTAL","mg/L",0.3
"12/14/1999","S65E","KJELDAHL NITROGEN, TOTAL","mg/L",0.6
"12/15/1999","S65E","KJELDAHL NITROGEN, TOTAL","mg/L",0.3
"12/16/1999","S65E","KJELDAHL NITROGEN, TOTAL","mg/L",0.6
"12/17/1999","S65E","KJELDAHL NITROGEN, TOTAL","mg/L",0.5
"12/18/1999","S65E","KJELDAHL NITROGEN, TOTAL","mg/L",0.6
"12/19/1999","S65E","KJELDAHL NITROGEN, TOTAL","mg/L",0.7
"12/20/1999","S65E","KJELDAHL NITROGEN, TOTAL","mg/L",0.8
"12/21/1999","S65E","KJELDAHL NITROGEN, TOTAL","mg/L",0.360333333333333
"12/22/1999","S65E","KJELDAHL NITROGEN, TOTAL","mg/L",0.6
"12/23/1999","S65E","KJELDAHL NITROGEN, TOTAL","mg/L",0.6
"12/24/1999","S65E","KJELDAHL NITROGEN, TOTAL","mg/L",0.5
"12/25/1999","S65E","KJELDAHL NITROGEN, TOTAL","mg/L",0.5
"12/26/1999","S65E","KJELDAHL NITROGEN, TOTAL","mg/L",0.6
"12/27/1999","S65E","KJELDAHL NITROGEN, TOTAL","mg/L",0.6
"12/28/1999","S65E","KJELDAHL NITROGEN, TOTAL","mg/L",0.4
"12/29/1999","S65E","KJELDAHL NITROGEN, TOTAL","mg/L",0.85
"12/30/1999","S65E","KJELDAHL NITROGEN, TOTAL","mg/L",0.8
"12/31/1999","S65E","KJELDAHL NITROGEN, TOTAL","mg/L",0.6
"01/01/2000","S65E","KJELDAHL NITROGEN, TOTAL","mg/L",0.8
"01/02/2000","S65E","KJELDAHL NITROGEN, TOTAL","mg/L",0.6
"01/03/2000","S65E","KJELDAHL NITROGEN, TOTAL","mg/L",0.7
"01/04/2000","S65E","KJELDAHL NITROGEN, TOTAL","mg/L",0.329333333333333
"01/05/2000","S65E","KJELDAHL NITROGEN, TOTAL","mg/L",0.9
"01/18/2000","S65E","KJELDAHL NITROGEN, TOTAL","mg/L",0.147
"01/24/2000","S65E","KJELDAHL NITROGEN, TOTAL","mg/L",0.633
"02/01/2000","S65E","KJELDAHL NITROGEN, TOTAL","mg/L",0.809
"02/15/2000","S65E","KJELDAHL NITROGEN, TOTAL","mg/L",0.846
"02/29/2000","S65E","KJELDAHL NITROGEN, TOTAL","mg/L",0.164
"03/14/2000","S65E","KJELDAHL NITROGEN, TOTAL","mg/L",0.713
"03/28/2000","S65E","KJELDAHL NITROGEN, TOTAL","mg/L",0.792
"04/11/2000","S65E","KJELDAHL NITROGEN, TOTAL","mg/L",0.619
"04/17/2000","S65E","KJELDAHL NITROGEN, TOTAL","mg/L",0.806
"04/24/2000","S65E","KJELDAHL NITROGEN, TOTAL","mg/L",0.19
"05/09/2000","S65E","KJELDAHL NITROGEN, TOTAL","mg/L",0.841
"05/23/2000","S65E","KJELDAHL NITROGEN, TOTAL","mg/L",1.469
"06/06/2000","S65E","KJELDAHL NITROGEN, TOTAL","mg/L",1.224
"06/20/2000","S65E","KJELDAHL NITROGEN, TOTAL","mg/L",1.051
"07/05/2000","S65E","KJELDAHL NITROGEN, TOTAL","mg/L",0.958
"07/18/2000","S65E","KJELDAHL NITROGEN, TOTAL","mg/L",0.755
"07/25/2000","S65E","KJELDAHL NITROGEN, TOTAL","mg/L",0.864
"08/01/2000","S65E","KJELDAHL NITROGEN, TOTAL","mg/L",0.307
"08/15/2000","S65E","KJELDAHL NITROGEN, TOTAL","mg/L",0.4596
"08/29/2000","S65E","KJELDAHL NITROGEN, TOTAL","mg/L",1.428
"09/12/2000","S65E","KJELDAHL NITROGEN, TOTAL","mg/L",1.436
"09/26/2000","S65E","KJELDAHL NITROGEN, TOTAL","mg/L",1.873
"10/10/2000","S65E","KJELDAHL NITROGEN, TOTAL","mg/L",0.5285
"10/16/2000","S65E","KJELDAHL NITROGEN, TOTAL","mg/L",1.381
"10/24/2000","S65E","KJELDAHL NITROGEN, TOTAL","mg/L",1.274
"11/07/2000","S65E","KJELDAHL NITROGEN, TOTAL","mg/L",1.415
"11/21/2000","S65E","KJELDAHL NITROGEN, TOTAL","mg/L",1.304
"12/05/2000","S65E","KJELDAHL NITROGEN, TOTAL","mg/L",1.265
"12/19/2000","S65E","KJELDAHL NITROGEN, TOTAL","mg/L",1.181
"01/02/2001","S65E","KJELDAHL NITROGEN, TOTAL","mg/L",0.3525
"01/16/2001","S65E","KJELDAHL NITROGEN, TOTAL","mg/L",0.962
"01/22/2001","S65E","KJELDAHL NITROGEN, TOTAL","mg/L",1.152
"01/30/2001","S65E","KJELDAHL NITROGEN, TOTAL","mg/L",1.184
"02/13/2001","S65E","KJELDAHL NITROGEN, TOTAL","mg/L",1.148
"02/27/2001","S65E","KJELDAHL NITROGEN, TOTAL","mg/L",1.185
"03/13/2001","S65E","KJELDAHL NITROGEN, TOTAL","mg/L",1.082
"03/27/2001","S65E","KJELDAHL NITROGEN, TOTAL","mg/L",1.139
"04/10/2001","S65E","KJELDAHL NITROGEN, TOTAL","mg/L",1.157
"04/16/2001","S65E","KJELDAHL NITROGEN, TOTAL","mg/L",0.3595
"04/24/2001","S65E","KJELDAHL NITROGEN, TOTAL","mg/L",0.318
"05/08/2001","S65E","KJELDAHL NITROGEN, TOTAL","mg/L",0.2525
"05/22/2001","S65E","KJELDAHL NITROGEN, TOTAL","mg/L",1.239
"06/05/2001","S65E","KJELDAHL NITROGEN, TOTAL","mg/L",1.123
"06/19/2001","S65E","KJELDAHL NITROGEN, TOTAL","mg/L",0.287
"07/03/2001","S65E","KJELDAHL NITROGEN, TOTAL","mg/L",0.487
"07/16/2001","S65E","KJELDAHL NITROGEN, TOTAL","mg/L",1.2105
"07/17/2001","S65E","KJELDAHL NITROGEN, TOTAL","mg/L",1.314
"07/31/2001","S65E","KJELDAHL NITROGEN, TOTAL","mg/L",1.607
"08/14/2001","S65E","KJELDAHL NITROGEN, TOTAL","mg/L",1.828
"08/28/2001","S65E","KJELDAHL NITROGEN, TOTAL","mg/L",1.45
"09/11/2001","S65E","KJELDAHL NITROGEN, TOTAL","mg/L",0.5922
"09/25/2001","S65E","KJELDAHL NITROGEN, TOTAL","mg/L",1.085
"10/08/2001","S65E","KJELDAHL NITROGEN, TOTAL","mg/L",1.138
"10/09/2001","S65E","KJELDAHL NITROGEN, TOTAL","mg/L",1.228
"11/06/2001","S65E","KJELDAHL NITROGEN, TOTAL","mg/L",0.343
"11/20/2001","S65E","KJELDAHL NITROGEN, TOTAL","mg/L",0.391
"12/04/2001","S65E","KJELDAHL NITROGEN, TOTAL","mg/L",0.2675
"12/18/2001","S65E","KJELDAHL NITROGEN, TOTAL","mg/L",1.16
"01/02/2002","S65E","KJELDAHL NITROGEN, TOTAL","mg/L",0.51
"01/15/2002","S65E","KJELDAHL NITROGEN, TOTAL","mg/L",0.495
"01/29/2002","S65E","KJELDAHL NITROGEN, TOTAL","mg/L",0.48
"02/12/2002","S65E","KJELDAHL NITROGEN, TOTAL","mg/L",0.58
"02/26/2002","S65E","KJELDAHL NITROGEN, TOTAL","mg/L",1.04
"03/12/2002","S65E","KJELDAHL NITROGEN, TOTAL","mg/L",0.98
"03/18/2002","S65E","KJELDAHL NITROGEN, TOTAL","mg/L",0.57
"03/26/2002","S65E","KJELDAHL NITROGEN, TOTAL","mg/L",0.98
"04/09/2002","S65E","KJELDAHL NITROGEN, TOTAL","mg/L",0.475
"04/23/2002","S65E","KJELDAHL NITROGEN, TOTAL","mg/L",1.07
"05/07/2002","S65E","KJELDAHL NITROGEN, TOTAL","mg/L",1.03
"05/21/2002","S65E","KJELDAHL NITROGEN, TOTAL","mg/L",0.99
"06/04/2002","S65E","KJELDAHL NITROGEN, TOTAL","mg/L",1.11
"06/18/2002","S65E","KJELDAHL NITROGEN, TOTAL","mg/L",0.27
"06/24/2002","S65E","KJELDAHL NITROGEN, TOTAL","mg/L",1.125
"07/02/2002","S65E","KJELDAHL NITROGEN, TOTAL","mg/L",2.23
"07/16/2002","S65E","KJELDAHL NITROGEN, TOTAL","mg/L",0.68
"07/30/2002","S65E","KJELDAHL NITROGEN, TOTAL","mg/L",0.615
"08/13/2002","S65E","KJELDAHL NITROGEN, TOTAL","mg/L",1.87
"08/27/2002","S65E","KJELDAHL NITROGEN, TOTAL","mg/L",0.545
"09/10/2002","S65E","KJELDAHL NITROGEN, TOTAL","mg/L",0.505
"09/16/2002","S65E","KJELDAHL NITROGEN, TOTAL","mg/L",1.095
"09/24/2002","S65E","KJELDAHL NITROGEN, TOTAL","mg/L",0.455
"10/08/2002","S65E","KJELDAHL NITROGEN, TOTAL","mg/L",1.09
"10/22/2002","S65E","KJELDAHL NITROGEN, TOTAL","mg/L",1.18
"11/05/2002","S65E","KJELDAHL NITROGEN, TOTAL","mg/L",1.14
"11/19/2002","S65E","KJELDAHL NITROGEN, TOTAL","mg/L",1.14
"12/03/2002","S65E","KJELDAHL NITROGEN, TOTAL","mg/L",1.12
"12/17/2002","S65E","KJELDAHL NITROGEN, TOTAL","mg/L",0.65
"12/30/2002","S65E","KJELDAHL NITROGEN, TOTAL","mg/L",0.96
"12/31/2002","S65E","KJELDAHL NITROGEN, TOTAL","mg/L",1.08
"01/14/2003","S65E","KJELDAHL NITROGEN, TOTAL","mg/L",1.11
"01/28/2003","S65E","KJELDAHL NITROGEN, TOTAL","mg/L",1.09
"02/11/2003","S65E","KJELDAHL NITROGEN, TOTAL","mg/L",1.15
"02/25/2003","S65E","KJELDAHL NITROGEN, TOTAL","mg/L",1.04
"03/11/2003","S65E","KJELDAHL NITROGEN, TOTAL","mg/L",1.09
"03/24/2003","S65E","KJELDAHL NITROGEN, TOTAL","mg/L",1.05
"03/25/2003","S65E","KJELDAHL NITROGEN, TOTAL","mg/L",1.15
"04/08/2003","S65E","KJELDAHL NITROGEN, TOTAL","mg/L",1.03
"04/22/2003","S65E","KJELDAHL NITROGEN, TOTAL","mg/L",1.03
"05/06/2003","S65E","KJELDAHL NITROGEN, TOTAL","mg/L",0.55
"05/20/2003","S65E","KJELDAHL NITROGEN, TOTAL","mg/L",0.98
"06/03/2003","S65E","KJELDAHL NITROGEN, TOTAL","mg/L",0.435
"06/16/2003","S65E","KJELDAHL NITROGEN, TOTAL","mg/L",1.04
"06/17/2003","S65E","KJELDAHL NITROGEN, TOTAL","mg/L",0.53
"07/01/2003","S65E","KJELDAHL NITROGEN, TOTAL","mg/L",1.22
"07/15/2003","S65E","KJELDAHL NITROGEN, TOTAL","mg/L",1.17
"07/29/2003","S65E","KJELDAHL NITROGEN, TOTAL","mg/L",1.14
"08/12/2003","S65E","KJELDAHL NITROGEN, TOTAL","mg/L",1.09
"08/26/2003","S65E","KJELDAHL NITROGEN, TOTAL","mg/L",1.12
"09/09/2003","S65E","KJELDAHL NITROGEN, TOTAL","mg/L",0.515
"09/15/2003","S65E","KJELDAHL NITROGEN, TOTAL","mg/L",0.96
"09/23/2003","S65E","KJELDAHL NITROGEN, TOTAL","mg/L",1.1
"10/07/2003","S65E","KJELDAHL NITROGEN, TOTAL","mg/L",0.495
"10/21/2003","S65E","KJELDAHL NITROGEN, TOTAL","mg/L",1.07
"11/04/2003","S65E","KJELDAHL NITROGEN, TOTAL","mg/L",0.99
"11/18/2003","S65E","KJELDAHL NITROGEN, TOTAL","mg/L",0.94
"12/02/2003","S65E","KJELDAHL NITROGEN, TOTAL","mg/L",0.75
"12/15/2003","S65E","KJELDAHL NITROGEN, TOTAL","mg/L",0.563333333333333
"12/16/2003","S65E","KJELDAHL NITROGEN, TOTAL","mg/L",1.01
"12/30/2003","S65E","KJELDAHL NITROGEN, TOTAL","mg/L",0.365
"01/13/2004","S65E","KJELDAHL NITROGEN, TOTAL","mg/L",0.95
"01/27/2004","S65E","KJELDAHL NITROGEN, TOTAL","mg/L",0.84
"02/10/2004","S65E","KJELDAHL NITROGEN, TOTAL","mg/L",0.51
"02/24/2004","S65E","KJELDAHL NITROGEN, TOTAL","mg/L",0.99
"03/09/2004","S65E","KJELDAHL NITROGEN, TOTAL","mg/L",1.18
"03/15/2004","S65E","KJELDAHL NITROGEN, TOTAL","mg/L",1.04
"03/23/2004","S65E","KJELDAHL NITROGEN, TOTAL","mg/L",1.05
"04/06/2004","S65E","KJELDAHL NITROGEN, TOTAL","mg/L",1.04
"04/20/2004","S65E","KJELDAHL NITROGEN, TOTAL","mg/L",0.94
"05/04/2004","S65E","KJELDAHL NITROGEN, TOTAL","mg/L",0.45
"05/17/2004","S65E","KJELDAHL NITROGEN, TOTAL","mg/L",0.9
"05/18/2004","S65E","KJELDAHL NITROGEN, TOTAL","mg/L",0.92
"06/08/2004","S65E","KJELDAHL NITROGEN, TOTAL","mg/L",0.9
"06/22/2004","S65E","KJELDAHL NITROGEN, TOTAL","mg/L",0.98
"07/06/2004","S65E","KJELDAHL NITROGEN, TOTAL","mg/L",0.435
"07/20/2004","S65E","KJELDAHL NITROGEN, TOTAL","mg/L",0.42
"08/03/2004","S65E","KJELDAHL NITROGEN, TOTAL","mg/L",0.97
"08/17/2004","S65E","KJELDAHL NITROGEN, TOTAL","mg/L",1.06
"08/23/2004","S65E","KJELDAHL NITROGEN, TOTAL","mg/L",0.835
"08/31/2004","S65E","KJELDAHL NITROGEN, TOTAL","mg/L",1.96
"09/14/2004","S65E","KJELDAHL NITROGEN, TOTAL","mg/L",1.27
"09/29/2004","S65E","KJELDAHL NITROGEN, TOTAL","mg/L",1.25
"10/12/2004","S65E","KJELDAHL NITROGEN, TOTAL","mg/L",1.21
"10/26/2004","S65E","KJELDAHL NITROGEN, TOTAL","mg/L",0.306666666666667
"11/09/2004","S65E","KJELDAHL NITROGEN, TOTAL","mg/L",0.99
"11/22/2004","S65E","KJELDAHL NITROGEN, TOTAL","mg/L",0.96
"12/07/2004","S65E","KJELDAHL NITROGEN, TOTAL","mg/L",1.1
"12/21/2004","S65E","KJELDAHL NITROGEN, TOTAL","mg/L",0.46
"01/04/2005","S65E","KJELDAHL NITROGEN, TOTAL","mg/L",0.98
"01/18/2005","S65E","KJELDAHL NITROGEN, TOTAL","mg/L",1.03
"01/20/2005","S65E","KJELDAHL NITROGEN, TOTAL","mg/L",-0.05
"02/01/2005","S65E","KJELDAHL NITROGEN, TOTAL","mg/L",0.97
"02/03/2005","S65E","KJELDAHL NITROGEN, TOTAL","mg/L",1.01
"02/14/2005","S65E","KJELDAHL NITROGEN, TOTAL","mg/L",0.94
"02/15/2005","S65E","KJELDAHL NITROGEN, TOTAL","mg/L",0.99
"03/01/2005","S65E","KJELDAHL NITROGEN, TOTAL","mg/L",0.495
"03/15/2005","S65E","KJELDAHL NITROGEN, TOTAL","mg/L",0.96
"03/29/2005","S65E","KJELDAHL NITROGEN, TOTAL","mg/L",1.04
"04/12/2005","S65E","KJELDAHL NITROGEN, TOTAL","mg/L",1.01
"04/26/2005","S65E","KJELDAHL NITROGEN, TOTAL","mg/L",0.99
"04/28/2005","S65E","KJELDAHL NITROGEN, TOTAL","mg/L",-0.05
"05/10/2005","S65E","KJELDAHL NITROGEN, TOTAL","mg/L",1.04
"05/12/2005","S65E","KJELDAHL NITROGEN, TOTAL","mg/L",-0.05
"05/16/2005","S65E","KJELDAHL NITROGEN, TOTAL","mg/L",0.535
"05/19/2005","S65E","KJELDAHL NITROGEN, TOTAL","mg/L",-0.05
"05/24/2005","S65E","KJELDAHL NITROGEN, TOTAL","mg/L",1.05
"05/26/2005","S65E","KJELDAHL NITROGEN, TOTAL","mg/L",-0.05
"06/02/2005","S65E","KJELDAHL NITROGEN, TOTAL","mg/L",-0.05
"06/07/2005","S65E","KJELDAHL NITROGEN, TOTAL","mg/L",0.343333333333333
"06/09/2005","S65E","KJELDAHL NITROGEN, TOTAL","mg/L",-0.05
"06/16/2005","S65E","KJELDAHL NITROGEN, TOTAL","mg/L",-0.05
"06/21/2005","S65E","KJELDAHL NITROGEN, TOTAL","mg/L",1.24
"06/23/2005","S65E","KJELDAHL NITROGEN, TOTAL","mg/L",-0.05
"07/05/2005","S65E","KJELDAHL NITROGEN, TOTAL","mg/L",0.52
"07/07/2005","S65E","KJELDAHL NITROGEN, TOTAL","mg/L",-0.05
"07/14/2005","S65E","KJELDAHL NITROGEN, TOTAL","mg/L",-0.05
"07/19/2005","S65E","KJELDAHL NITROGEN, TOTAL","mg/L",0.47
"07/21/2005","S65E","KJELDAHL NITROGEN, TOTAL","mg/L",-0.05
"07/28/2005","S65E","KJELDAHL NITROGEN, TOTAL","mg/L",-0.05
"08/02/2005","S65E","KJELDAHL NITROGEN, TOTAL","mg/L",0.43
"08/04/2005","S65E","KJELDAHL NITROGEN, TOTAL","mg/L",-0.05
"08/11/2005","S65E","KJELDAHL NITROGEN, TOTAL","mg/L",-0.05
"08/16/2005","S65E","KJELDAHL NITROGEN, TOTAL","mg/L",1.02
"08/22/2005","S65E","KJELDAHL NITROGEN, TOTAL","mg/L",0.95
"08/30/2005","S65E","KJELDAHL NITROGEN, TOTAL","mg/L",0.91
"09/01/2005","S65E","KJELDAHL NITROGEN, TOTAL","mg/L",-0.05
"09/08/2005","S65E","KJELDAHL NITROGEN, TOTAL","mg/L",-0.05
"09/12/2005","S65E","KJELDAHL NITROGEN, TOTAL","mg/L",0.44
"09/15/2005","S65E","KJELDAHL NITROGEN, TOTAL","mg/L",-0.05
"09/22/2005","S65E","KJELDAHL NITROGEN, TOTAL","mg/L",-0.05
"09/26/2005","S65E","KJELDAHL NITROGEN, TOTAL","mg/L",1.05
"09/29/2005","S65E","KJELDAHL NITROGEN, TOTAL","mg/L",-0.05
"10/11/2005","S65E","KJELDAHL NITROGEN, TOTAL","mg/L",0.95
"10/13/2005","S65E","KJELDAHL NITROGEN, TOTAL","mg/L",-0.05
"10/20/2005","S65E","KJELDAHL NITROGEN, TOTAL","mg/L",-0.05
"11/03/2005","S65E","KJELDAHL NITROGEN, TOTAL","mg/L",-0.05
"11/08/2005","S65E","KJELDAHL NITROGEN, TOTAL","mg/L",0.395
"11/10/2005","S65E","KJELDAHL NITROGEN, TOTAL","mg/L",-0.05
"11/14/2005","S65E","KJELDAHL NITROGEN, TOTAL","mg/L",0.8
"11/16/2005","S65E","KJELDAHL NITROGEN, TOTAL","mg/L",0.83
"11/17/2005","S65E","KJELDAHL NITROGEN, TOTAL","mg/L",-0.05
"11/23/2005","S65E","KJELDAHL NITROGEN, TOTAL","mg/L",-0.05
"12/01/2005","S65E","KJELDAHL NITROGEN, TOTAL","mg/L",-0.05
"12/06/2005","S65E","KJELDAHL NITROGEN, TOTAL","mg/L",0.8
"12/08/2005","S65E","KJELDAHL NITROGEN, TOTAL","mg/L",-0.05
"12/14/2005","S65E","KJELDAHL NITROGEN, TOTAL","mg/L",-0.05
"12/20/2005","S65E","KJELDAHL NITROGEN, TOTAL","mg/L",0.81
"12/22/2005","S65E","KJELDAHL NITROGEN, TOTAL","mg/L",-0.05
"01/03/2006","S65E","KJELDAHL NITROGEN, TOTAL","mg/L",0.85
"01/05/2006","S65E","KJELDAHL NITROGEN, TOTAL","mg/L",-0.05
"01/12/2006","S65E","KJELDAHL NITROGEN, TOTAL","mg/L",-0.05
"01/17/2006","S65E","KJELDAHL NITROGEN, TOTAL","mg/L",0.77
"01/19/2006","S65E","KJELDAHL NITROGEN, TOTAL","mg/L",-0.05
"01/26/2006","S65E","KJELDAHL NITROGEN, TOTAL","mg/L",-0.05
"01/30/2006","S65E","KJELDAHL NITROGEN, TOTAL","mg/L",0.85
"02/02/2006","S65E","KJELDAHL NITROGEN, TOTAL","mg/L",-0.05
"02/13/2006","S65E","KJELDAHL NITROGEN, TOTAL","mg/L",0.415
"02/21/2006","S65E","KJELDAHL NITROGEN, TOTAL","mg/L",0.56
"02/28/2006","S65E","KJELDAHL NITROGEN, TOTAL","mg/L",0.82
"03/13/2006","S65E","KJELDAHL NITROGEN, TOTAL","mg/L",0.43
"03/28/2006","S65E","KJELDAHL NITROGEN, TOTAL","mg/L",0.78
"04/11/2006","S65E","KJELDAHL NITROGEN, TOTAL","mg/L",0.385
"04/24/2006","S65E","KJELDAHL NITROGEN, TOTAL","mg/L",0.75
"05/08/2006","S65E","KJELDAHL NITROGEN, TOTAL","mg/L",0.99
"05/22/2006","S65E","KJELDAHL NITROGEN, TOTAL","mg/L",0.94
"05/23/2006","S65E","KJELDAHL NITROGEN, TOTAL","mg/L",0.65
"06/06/2006","S65E","KJELDAHL NITROGEN, TOTAL","mg/L",0.564
"06/19/2006","S65E","KJELDAHL NITROGEN, TOTAL","mg/L",0.435
"07/18/2006","S65E","KJELDAHL NITROGEN, TOTAL","mg/L",0.9
"07/31/2006","S65E","KJELDAHL NITROGEN, TOTAL","mg/L",0.445
"08/14/2006","S65E","KJELDAHL NITROGEN, TOTAL","mg/L",1.13
"08/21/2006","S65E","KJELDAHL NITROGEN, TOTAL","mg/L",0.92
"08/31/2006","S65E","KJELDAHL NITROGEN, TOTAL","mg/L",1.11
"09/11/2006","S65E","KJELDAHL NITROGEN, TOTAL","mg/L",0.703333333333333
"09/25/2006","S65E","KJELDAHL NITROGEN, TOTAL","mg/L",2.06
"10/10/2006","S65E","KJELDAHL NITROGEN, TOTAL","mg/L",2.01
"10/24/2006","S65E","KJELDAHL NITROGEN, TOTAL","mg/L",1.9
"11/07/2006","S65E","KJELDAHL NITROGEN, TOTAL","mg/L",1.47
"11/21/2006","S65E","KJELDAHL NITROGEN, TOTAL","mg/L",1.5
"11/27/2006","S65E","KJELDAHL NITROGEN, TOTAL","mg/L",1.49
"12/05/2006","S65E","KJELDAHL NITROGEN, TOTAL","mg/L",0.665
"12/19/2006","S65E","KJELDAHL NITROGEN, TOTAL","mg/L",1.005
"01/02/2007","S65E","KJELDAHL NITROGEN, TOTAL","mg/L",0.64
"01/16/2007","S65E","KJELDAHL NITROGEN, TOTAL","mg/L",1.3
"01/30/2007","S65E","KJELDAHL NITROGEN, TOTAL","mg/L",0.645
"02/13/2007","S65E","KJELDAHL NITROGEN, TOTAL","mg/L",1.28
"02/26/2007","S65E","KJELDAHL NITROGEN, TOTAL","mg/L",1.21
"02/27/2007","S65E","KJELDAHL NITROGEN, TOTAL","mg/L",1.17
"03/13/2007","S65E","KJELDAHL NITROGEN, TOTAL","mg/L",0.88
"03/27/2007","S65E","KJELDAHL NITROGEN, TOTAL","mg/L",1.18
"04/10/2007","S65E","KJELDAHL NITROGEN, TOTAL","mg/L",1.24
"04/24/2007","S65E","KJELDAHL NITROGEN, TOTAL","mg/L",1.14
"05/08/2007","S65E","KJELDAHL NITROGEN, TOTAL","mg/L",0.53
"05/21/2007","S65E","KJELDAHL NITROGEN, TOTAL","mg/L",0.94
"05/22/2007","S65E","KJELDAHL NITROGEN, TOTAL","mg/L",1.11
"06/05/2007","S65E","KJELDAHL NITROGEN, TOTAL","mg/L",0.682
"06/19/2007","S65E","KJELDAHL NITROGEN, TOTAL","mg/L",1.12
"07/02/2007","S65E","KJELDAHL NITROGEN, TOTAL","mg/L",1.14
"07/17/2007","S65E","KJELDAHL NITROGEN, TOTAL","mg/L",1.12
"08/06/2007","S65E","KJELDAHL NITROGEN, TOTAL","mg/L",0.93
"08/20/2007","S65E","KJELDAHL NITROGEN, TOTAL","mg/L",1.4625
"08/21/2007","S65E","KJELDAHL NITROGEN, TOTAL","mg/L",1.97
"09/04/2007","S65E","KJELDAHL NITROGEN, TOTAL","mg/L",0.795
"09/17/2007","S65E","KJELDAHL NITROGEN, TOTAL","mg/L",1.1
"10/01/2007","S65E","KJELDAHL NITROGEN, TOTAL","mg/L",1.16
"10/15/2007","S65E","KJELDAHL NITROGEN, TOTAL","mg/L",0.615
"10/29/2007","S65E","KJELDAHL NITROGEN, TOTAL","mg/L",1.32
"11/05/2007","S65E","KJELDAHL NITROGEN, TOTAL","mg/L",1.34
"11/20/2007","S65E","KJELDAHL NITROGEN, TOTAL","mg/L",1.13
"11/26/2007","S65E","KJELDAHL NITROGEN, TOTAL","mg/L",1.2
"12/03/2007","S65E","KJELDAHL NITROGEN, TOTAL","mg/L",0.678
"12/18/2007","S65E","KJELDAHL NITROGEN, TOTAL","mg/L",1.09
"01/17/2008","S65E","KJELDAHL NITROGEN, TOTAL","mg/L",1.06
"01/29/2008","S65E","KJELDAHL NITROGEN, TOTAL","mg/L",0.475
"02/04/2008","S65E","KJELDAHL NITROGEN, TOTAL","mg/L",0.98
"02/19/2008","S65E","KJELDAHL NITROGEN, TOTAL","mg/L",0.98
"02/20/2008","S65E","KJELDAHL NITROGEN, TOTAL","mg/L",1.03
"03/03/2008","S65E","KJELDAHL NITROGEN, TOTAL","mg/L",0.608
"03/17/2008","S65E","KJELDAHL NITROGEN, TOTAL","mg/L",0.51
"04/07/2008","S65E","KJELDAHL NITROGEN, TOTAL","mg/L",1.36
"04/21/2008","S65E","KJELDAHL NITROGEN, TOTAL","mg/L",1.4
"05/06/2008","S65E","KJELDAHL NITROGEN, TOTAL","mg/L",1.32
"05/19/2008","S65E","KJELDAHL NITROGEN, TOTAL","mg/L",0.57
"05/28/2008","S65E","KJELDAHL NITROGEN, TOTAL","mg/L",1.12
"06/03/2008","S65E","KJELDAHL NITROGEN, TOTAL","mg/L",0.672
"06/17/2008","S65E","KJELDAHL NITROGEN, TOTAL","mg/L",1.16
"07/01/2008","S65E","KJELDAHL NITROGEN, TOTAL","mg/L",0.51
"07/16/2008","S65E","KJELDAHL NITROGEN, TOTAL","mg/L",0.87
"08/06/2008","S65E","KJELDAHL NITROGEN, TOTAL","mg/L",1.91
"08/26/2008","S65E","KJELDAHL NITROGEN, TOTAL","mg/L",1.26
"08/28/2008","S65E","KJELDAHL NITROGEN, TOTAL","mg/L",1.3
"09/08/2008","S65E","KJELDAHL NITROGEN, TOTAL","mg/L",0.752
"09/22/2008","S65E","KJELDAHL NITROGEN, TOTAL","mg/L",1.46
"10/06/2008","S65E","KJELDAHL NITROGEN, TOTAL","mg/L",0.585
"10/20/2008","S65E","KJELDAHL NITROGEN, TOTAL","mg/L",0.555
"11/13/2008","S65E","KJELDAHL NITROGEN, TOTAL","mg/L",0.495
"11/19/2008","S65E","KJELDAHL NITROGEN, TOTAL","mg/L",1.07
"11/24/2008","S65E","KJELDAHL NITROGEN, TOTAL","mg/L",1.07
"12/10/2008","S65E","KJELDAHL NITROGEN, TOTAL","mg/L",0.53
"12/23/2008","S65E","KJELDAHL NITROGEN, TOTAL","mg/L",0.525
"01/14/2009","S65E","KJELDAHL NITROGEN, TOTAL","mg/L",0.52
"01/27/2009","S65E","KJELDAHL NITROGEN, TOTAL","mg/L",1
"02/02/2009","S65E","KJELDAHL NITROGEN, TOTAL","mg/L",1.05
"02/17/2009","S65E","KJELDAHL NITROGEN, TOTAL","mg/L",1.16
"02/18/2009","S65E","KJELDAHL NITROGEN, TOTAL","mg/L",1.01
"03/03/2009","S65E","KJELDAHL NITROGEN, TOTAL","mg/L",0.614
"03/17/2009","S65E","KJELDAHL NITROGEN, TOTAL","mg/L",1.06
"03/31/2009","S65E","KJELDAHL NITROGEN, TOTAL","mg/L",0.5
"04/14/2009","S65E","KJELDAHL NITROGEN, TOTAL","mg/L",0.49
"04/29/2009","S65E","KJELDAHL NITROGEN, TOTAL","mg/L",1.1
"05/13/2009","S65E","KJELDAHL NITROGEN, TOTAL","mg/L",0.55
"05/20/2009","S65E","KJELDAHL NITROGEN, TOTAL","mg/L",1.27
"05/27/2009","S65E","KJELDAHL NITROGEN, TOTAL","mg/L",1.3
"06/02/2009","S65E","KJELDAHL NITROGEN, TOTAL","mg/L",0.93
"06/16/2009","S65E","KJELDAHL NITROGEN, TOTAL","mg/L",0.41
"07/07/2009","S65E","KJELDAHL NITROGEN, TOTAL","mg/L",0.685
"07/20/2009","S65E","KJELDAHL NITROGEN, TOTAL","mg/L",1.37
"08/04/2009","S65E","KJELDAHL NITROGEN, TOTAL","mg/L",0.56
"08/18/2009","S65E","KJELDAHL NITROGEN, TOTAL","mg/L",0.575
"08/26/2009","S65E","KJELDAHL NITROGEN, TOTAL","mg/L",1.36
"09/08/2009","S65E","KJELDAHL NITROGEN, TOTAL","mg/L",0.61
"09/22/2009","S65E","KJELDAHL NITROGEN, TOTAL","mg/L",0.636
"10/07/2009","S65E","KJELDAHL NITROGEN, TOTAL","mg/L",0.54
"10/21/2009","S65E","KJELDAHL NITROGEN, TOTAL","mg/L",0.525
"11/09/2009","S65E","KJELDAHL NITROGEN, TOTAL","mg/L",0.5
"11/18/2009","S65E","KJELDAHL NITROGEN, TOTAL","mg/L",0.53
"11/30/2009","S65E","KJELDAHL NITROGEN, TOTAL","mg/L",0.49
"12/16/2009","S65E","KJELDAHL NITROGEN, TOTAL","mg/L",0.44
"12/28/2009","S65E","KJELDAHL NITROGEN, TOTAL","mg/L",0.46
"01/11/2010","S65E","KJELDAHL NITROGEN, TOTAL","mg/L",1.03
"01/25/2010","S65E","KJELDAHL NITROGEN, TOTAL","mg/L",1.02
"02/08/2010","S65E","KJELDAHL NITROGEN, TOTAL","mg/L",1.07
"02/17/2010","S65E","KJELDAHL NITROGEN, TOTAL","mg/L",1.07
"02/24/2010","S65E","KJELDAHL NITROGEN, TOTAL","mg/L",1.13
"03/15/2010","S65E","KJELDAHL NITROGEN, TOTAL","mg/L",0.688
"03/29/2010","S65E","KJELDAHL NITROGEN, TOTAL","mg/L",1.11
"04/12/2010","S65E","KJELDAHL NITROGEN, TOTAL","mg/L",0.5
"04/26/2010","S65E","KJELDAHL NITROGEN, TOTAL","mg/L",1.13
"05/10/2010","S65E","KJELDAHL NITROGEN, TOTAL","mg/L",0.535
"05/24/2010","S65E","KJELDAHL NITROGEN, TOTAL","mg/L",1.07
"05/26/2010","S65E","KJELDAHL NITROGEN, TOTAL","mg/L",1.11
"06/07/2010","S65E","KJELDAHL NITROGEN, TOTAL","mg/L",0.805
"06/21/2010","S65E","KJELDAHL NITROGEN, TOTAL","mg/L",1.12
"07/08/2010","S65E","KJELDAHL NITROGEN, TOTAL","mg/L",0.56
"07/19/2010","S65E","KJELDAHL NITROGEN, TOTAL","mg/L",1.5
"08/02/2010","S65E","KJELDAHL NITROGEN, TOTAL","mg/L",1.39
"08/16/2010","S65E","KJELDAHL NITROGEN, TOTAL","mg/L",1.39
"08/18/2010","S65E","KJELDAHL NITROGEN, TOTAL","mg/L",1.16
"09/14/2010","S65E","KJELDAHL NITROGEN, TOTAL","mg/L",1.15
"09/27/2010","S65E","KJELDAHL NITROGEN, TOTAL","mg/L",1.25
"10/11/2010","S65E","KJELDAHL NITROGEN, TOTAL","mg/L",1.1
"10/26/2010","S65E","KJELDAHL NITROGEN, TOTAL","mg/L",0.93
"11/09/2010","S65E","KJELDAHL NITROGEN, TOTAL","mg/L",0.93
"11/17/2010","S65E","KJELDAHL NITROGEN, TOTAL","mg/L",0.91
"11/29/2010","S65E","KJELDAHL NITROGEN, TOTAL","mg/L",0.88
"12/09/2010","S65E","KJELDAHL NITROGEN, TOTAL","mg/L",0.86
"12/22/2010","S65E","KJELDAHL NITROGEN, TOTAL","mg/L",0.97
"01/10/2011","S65E","KJELDAHL NITROGEN, TOTAL","mg/L",0.93
"01/24/2011","S65E","KJELDAHL NITROGEN, TOTAL","mg/L",0.92
"02/07/2011","S65E","KJELDAHL NITROGEN, TOTAL","mg/L",1.02
"02/17/2011","S65E","KJELDAHL NITROGEN, TOTAL","mg/L",0.88
"02/23/2011","S65E","KJELDAHL NITROGEN, TOTAL","mg/L",1.08
"03/09/2011","S65E","KJELDAHL NITROGEN, TOTAL","mg/L",0.94
"03/23/2011","S65E","KJELDAHL NITROGEN, TOTAL","mg/L",0.94
"04/13/2011","S65E","KJELDAHL NITROGEN, TOTAL","mg/L",1.27
"04/27/2011","S65E","KJELDAHL NITROGEN, TOTAL","mg/L",1.14
"05/11/2011","S65E","KJELDAHL NITROGEN, TOTAL","mg/L",1
"05/18/2011","S65E","KJELDAHL NITROGEN, TOTAL","mg/L",1
"05/25/2011","S65E","KJELDAHL NITROGEN, TOTAL","mg/L",1.01
"06/08/2011","S65E","KJELDAHL NITROGEN, TOTAL","mg/L",0.96
"06/20/2011","S65E","KJELDAHL NITROGEN, TOTAL","mg/L",0.99
"07/06/2011","S65E","KJELDAHL NITROGEN, TOTAL","mg/L",1
"07/20/2011","S65E","KJELDAHL NITROGEN, TOTAL","mg/L",1.76
"08/03/2011","S65E","KJELDAHL NITROGEN, TOTAL","mg/L",2.35
"08/17/2011","S65E","KJELDAHL NITROGEN, TOTAL","mg/L",1.65
"08/24/2011","S65E","KJELDAHL NITROGEN, TOTAL","mg/L",1.52
"08/31/2011","S65E","KJELDAHL NITROGEN, TOTAL","mg/L",1.39
"09/14/2011","S65E","KJELDAHL NITROGEN, TOTAL","mg/L",1.14666666666667
"09/28/2011","S65E","KJELDAHL NITROGEN, TOTAL","mg/L",1.49
"10/12/2011","S65E","KJELDAHL NITROGEN, TOTAL","mg/L",1.34
"10/26/2011","S65E","KJELDAHL NITROGEN, TOTAL","mg/L",0.93
"11/07/2011","S65E","KJELDAHL NITROGEN, TOTAL","mg/L",1.07
"11/16/2011","S65E","KJELDAHL NITROGEN, TOTAL","mg/L",1
"11/22/2011","S65E","KJELDAHL NITROGEN, TOTAL","mg/L",1.12
"12/07/2011","S65E","KJELDAHL NITROGEN, TOTAL","mg/L",1.08
"12/21/2011","S65E","KJELDAHL NITROGEN, TOTAL","mg/L",0.91
"01/04/2012","S65E","KJELDAHL NITROGEN, TOTAL","mg/L",0.99
"01/18/2012","S65E","KJELDAHL NITROGEN, TOTAL","mg/L",0.9
"02/01/2012","S65E","KJELDAHL NITROGEN, TOTAL","mg/L",0.97
"02/15/2012","S65E","KJELDAHL NITROGEN, TOTAL","mg/L",1.35
"02/22/2012","S65E","KJELDAHL NITROGEN, TOTAL","mg/L",0.97
"02/29/2012","S65E","KJELDAHL NITROGEN, TOTAL","mg/L",0.93
"03/14/2012","S65E","KJELDAHL NITROGEN, TOTAL","mg/L",0.91
"03/28/2012","S65E","KJELDAHL NITROGEN, TOTAL","mg/L",0.95
"04/11/2012","S65E","KJELDAHL NITROGEN, TOTAL","mg/L",1
"04/25/2012","S65E","KJELDAHL NITROGEN, TOTAL","mg/L",1.04
"05/09/2012","S65E","KJELDAHL NITROGEN, TOTAL","mg/L",0.98
"05/16/2012","S65E","KJELDAHL NITROGEN, TOTAL","mg/L",1.02
"05/23/2012","S65E","KJELDAHL NITROGEN, TOTAL","mg/L",1.15
"06/06/2012","S65E","KJELDAHL NITROGEN, TOTAL","mg/L",1.08
"06/20/2012","S65E","KJELDAHL NITROGEN, TOTAL","mg/L",1.06
"07/11/2012","S65E","KJELDAHL NITROGEN, TOTAL","mg/L",1.47
"07/25/2012","S65E","KJELDAHL NITROGEN, TOTAL","mg/L",1.42
"08/08/2012","S65E","KJELDAHL NITROGEN, TOTAL","mg/L",1.135
"08/22/2012","S65E","KJELDAHL NITROGEN, TOTAL","mg/L",1.1
"09/05/2012","S65E","KJELDAHL NITROGEN, TOTAL","mg/L",1.81
"09/19/2012","S65E","KJELDAHL NITROGEN, TOTAL","mg/L",1.36
"10/03/2012","S65E","KJELDAHL NITROGEN, TOTAL","mg/L",1.25
"10/17/2012","S65E","KJELDAHL NITROGEN, TOTAL","mg/L",1.16
"10/31/2012","S65E","KJELDAHL NITROGEN, TOTAL","mg/L",1.43
"11/14/2012","S65E","KJELDAHL NITROGEN, TOTAL","mg/L",1.225
"11/28/2012","S65E","KJELDAHL NITROGEN, TOTAL","mg/L",1.04
"12/05/2012","S65E","KJELDAHL NITROGEN, TOTAL","mg/L",1.04
"12/19/2012","S65E","KJELDAHL NITROGEN, TOTAL","mg/L",1.09
"01/02/2013","S65E","KJELDAHL NITROGEN, TOTAL","mg/L",1.05
"01/16/2013","S65E","KJELDAHL NITROGEN, TOTAL","mg/L",1.02
"01/30/2013","S65E","KJELDAHL NITROGEN, TOTAL","mg/L",1.02
"02/06/2013","S65E","KJELDAHL NITROGEN, TOTAL","mg/L",0.99
"02/13/2013","S65E","KJELDAHL NITROGEN, TOTAL","mg/L",1.06
"02/27/2013","S65E","KJELDAHL NITROGEN, TOTAL","mg/L",1.09
"03/13/2013","S65E","KJELDAHL NITROGEN, TOTAL","mg/L",0.95
"03/27/2013","S65E","KJELDAHL NITROGEN, TOTAL","mg/L",0.99
"04/10/2013","S65E","KJELDAHL NITROGEN, TOTAL","mg/L",0.95
"04/24/2013","S65E","KJELDAHL NITROGEN, TOTAL","mg/L",1.08
"05/08/2013","S65E","KJELDAHL NITROGEN, TOTAL","mg/L",0.985
"05/22/2013","S65E","KJELDAHL NITROGEN, TOTAL","mg/L",1.15
"06/05/2013","S65E","KJELDAHL NITROGEN, TOTAL","mg/L",1.08
"06/19/2013","S65E","KJELDAHL NITROGEN, TOTAL","mg/L",1.55
"07/02/2013","S65E","KJELDAHL NITROGEN, TOTAL","mg/L",1.46
"07/17/2013","S65E","KJELDAHL NITROGEN, TOTAL","mg/L",1.27
"07/31/2013","S65E","KJELDAHL NITROGEN, TOTAL","mg/L",1.05
"08/07/2013","S65E","KJELDAHL NITROGEN, TOTAL","mg/L",1.01
"08/14/2013","S65E","KJELDAHL NITROGEN, TOTAL","mg/L",1.08
"08/28/2013","S65E","KJELDAHL NITROGEN, TOTAL","mg/L",1.2
"09/11/2013","S65E","KJELDAHL NITROGEN, TOTAL","mg/L",1.23
"09/25/2013","S65E","KJELDAHL NITROGEN, TOTAL","mg/L",1.26
"10/09/2013","S65E","KJELDAHL NITROGEN, TOTAL","mg/L",1.11
"10/23/2013","S65E","KJELDAHL NITROGEN, TOTAL","mg/L",1.07
"11/04/2013","S65E","KJELDAHL NITROGEN, TOTAL","mg/L",1.05
"11/06/2013","S65E","KJELDAHL NITROGEN, TOTAL","mg/L",0.99
"11/20/2013","S65E","KJELDAHL NITROGEN, TOTAL","mg/L",0.98
"12/04/2013","S65E","KJELDAHL NITROGEN, TOTAL","mg/L",0.91
"12/18/2013","S65E","KJELDAHL NITROGEN, TOTAL","mg/L",1.15
"12/30/2013","S65E","KJELDAHL NITROGEN, TOTAL","mg/L",0.92
"01/15/2014","S65E","KJELDAHL NITROGEN, TOTAL","mg/L",0.94
"01/29/2014","S65E","KJELDAHL NITROGEN, TOTAL","mg/L",0.93
"02/03/2014","S65E","KJELDAHL NITROGEN, TOTAL","mg/L",0.95
"02/12/2014","S65E","KJELDAHL NITROGEN, TOTAL","mg/L",1.03
"02/26/2014","S65E","KJELDAHL NITROGEN, TOTAL","mg/L",1.19
"03/12/2014","S65E","KJELDAHL NITROGEN, TOTAL","mg/L",1.12
"03/26/2014","S65E","KJELDAHL NITROGEN, TOTAL","mg/L",1.13
"04/09/2014","S65E","KJELDAHL NITROGEN, TOTAL","mg/L",1.12
"04/23/2014","S65E","KJELDAHL NITROGEN, TOTAL","mg/L",1.28
"05/05/2014","S65E","KJELDAHL NITROGEN, TOTAL","mg/L",1.16
"05/07/2014","S65E","KJELDAHL NITROGEN, TOTAL","mg/L",1.06
"05/21/2014","S65E","KJELDAHL NITROGEN, TOTAL","mg/L",1.18
"06/04/2014","S65E","KJELDAHL NITROGEN, TOTAL","mg/L",1.19
"06/18/2014","S65E","KJELDAHL NITROGEN, TOTAL","mg/L",1.2
"07/01/2014","S65E","KJELDAHL NITROGEN, TOTAL","mg/L",1.59
"07/16/2014","S65E","KJELDAHL NITROGEN, TOTAL","mg/L",1.4
"07/30/2014","S65E","KJELDAHL NITROGEN, TOTAL","mg/L",1.34
"08/13/2014","S65E","KJELDAHL NITROGEN, TOTAL","mg/L",1.25
"08/18/2014","S65E","KJELDAHL NITROGEN, TOTAL","mg/L",1.27
"08/27/2014","S65E","KJELDAHL NITROGEN, TOTAL","mg/L",1.16
"09/10/2014","S65E","KJELDAHL NITROGEN, TOTAL","mg/L",1.37
"09/24/2014","S65E","KJELDAHL NITROGEN, TOTAL","mg/L",1.29
"10/08/2014","S65E","KJELDAHL NITROGEN, TOTAL","mg/L",0.98
"10/22/2014","S65E","KJELDAHL NITROGEN, TOTAL","mg/L",1.18
"11/03/2014","S65E","KJELDAHL NITROGEN, TOTAL","mg/L",1.05
"11/05/2014","S65E","KJELDAHL NITROGEN, TOTAL","mg/L",1.04
"11/19/2014","S65E","KJELDAHL NITROGEN, TOTAL","mg/L",1
"12/03/2014","S65E","KJELDAHL NITROGEN, TOTAL","mg/L",0.94
"12/17/2014","S65E","KJELDAHL NITROGEN, TOTAL","mg/L",0.98
"12/30/2014","S65E","KJELDAHL NITROGEN, TOTAL","mg/L",0.93
"01/14/2015","S65E","KJELDAHL NITROGEN, TOTAL","mg/L",0.93
"01/28/2015","S65E","KJELDAHL NITROGEN, TOTAL","mg/L",0.91
"02/02/2015","S65E","KJELDAHL NITROGEN, TOTAL","mg/L",0.88
"02/11/2015","S65E","KJELDAHL NITROGEN, TOTAL","mg/L",0.9
"02/25/2015","S65E","KJELDAHL NITROGEN, TOTAL","mg/L",0.88
"03/11/2015","S65E","KJELDAHL NITROGEN, TOTAL","mg/L",0.94
"03/25/2015","S65E","KJELDAHL NITROGEN, TOTAL","mg/L",1.06
"04/08/2015","S65E","KJELDAHL NITROGEN, TOTAL","mg/L",0.98
"04/22/2015","S65E","KJELDAHL NITROGEN, TOTAL","mg/L",1.05
"05/04/2015","S65E","KJELDAHL NITROGEN, TOTAL","mg/L",0.9
"05/06/2015","S65E","KJELDAHL NITROGEN, TOTAL","mg/L",0.96
"05/20/2015","S65E","KJELDAHL NITROGEN, TOTAL","mg/L",1.02
"06/03/2015","S65E","KJELDAHL NITROGEN, TOTAL","mg/L",1.03
"06/17/2015","S65E","KJELDAHL NITROGEN, TOTAL","mg/L",0.94
"07/01/2015","S65E","KJELDAHL NITROGEN, TOTAL","mg/L",0.97
"07/15/2015","S65E","KJELDAHL NITROGEN, TOTAL","mg/L",1.27
"07/29/2015","S65E","KJELDAHL NITROGEN, TOTAL","mg/L",1.13
"08/03/2015","S65E","KJELDAHL NITROGEN, TOTAL","mg/L",1.13
"08/12/2015","S65E","KJELDAHL NITROGEN, TOTAL","mg/L",1.16
"08/26/2015","S65E","KJELDAHL NITROGEN, TOTAL","mg/L",1.21
"09/09/2015","S65E","KJELDAHL NITROGEN, TOTAL","mg/L",1.09
"09/23/2015","S65E","KJELDAHL NITROGEN, TOTAL","mg/L",1.01
"10/07/2015","S65E","KJELDAHL NITROGEN, TOTAL","mg/L",1.05
"10/21/2015","S65E","KJELDAHL NITROGEN, TOTAL","mg/L",0.99
"10/26/2015","S65E","KJELDAHL NITROGEN, TOTAL","mg/L",0.89
"11/04/2015","S65E","KJELDAHL NITROGEN, TOTAL","mg/L",0.91
"11/18/2015","S65E","KJELDAHL NITROGEN, TOTAL","mg/L",1.04
"12/02/2015","S65E","KJELDAHL NITROGEN, TOTAL","mg/L",1.05
"12/21/2015","S65E","KJELDAHL NITROGEN, TOTAL","mg/L",1.18
"01/04/2016","S65E","KJELDAHL NITROGEN, TOTAL","mg/L",1
"01/20/2016","S65E","KJELDAHL NITROGEN, TOTAL","mg/L",1.11
"02/01/2016","S65E","KJELDAHL NITROGEN, TOTAL","mg/L",1.16
"02/15/2016","S65E","KJELDAHL NITROGEN, TOTAL","mg/L",0.9
"02/29/2016","S65E","KJELDAHL NITROGEN, TOTAL","mg/L",0.99
"03/14/2016","S65E","KJELDAHL NITROGEN, TOTAL","mg/L",0.99
"03/28/2016","S65E","KJELDAHL NITROGEN, TOTAL","mg/L",0.98
"04/11/2016","S65E","KJELDAHL NITROGEN, TOTAL","mg/L",1.07
"04/25/2016","S65E","KJELDAHL NITROGEN, TOTAL","mg/L",1.1
"05/09/2016","S65E","KJELDAHL NITROGEN, TOTAL","mg/L",1.07
"05/23/2016","S65E","KJELDAHL NITROGEN, TOTAL","mg/L",1.19
"06/06/2016","S65E","KJELDAHL NITROGEN, TOTAL","mg/L",1.13
"06/20/2016","S65E","KJELDAHL NITROGEN, TOTAL","mg/L",1.01
"07/06/2016","S65E","KJELDAHL NITROGEN, TOTAL","mg/L",1.09
"07/18/2016","S65E","KJELDAHL NITROGEN, TOTAL","mg/L",1.14
"08/01/2016","S65E","KJELDAHL NITROGEN, TOTAL","mg/L",1.24
"08/15/2016","S65E","KJELDAHL NITROGEN, TOTAL","mg/L",1.13
"08/29/2016","S65E","KJELDAHL NITROGEN, TOTAL","mg/L",1.02
"09/12/2016","S65E","KJELDAHL NITROGEN, TOTAL","mg/L",1.23
"09/26/2016","S65E","KJELDAHL NITROGEN, TOTAL","mg/L",0.96
"10/10/2016","S65E","KJELDAHL NITROGEN, TOTAL","mg/L",1.04
"10/24/2016","S65E","KJELDAHL NITROGEN, TOTAL","mg/L",0.92
"11/07/2016","S65E","KJELDAHL NITROGEN, TOTAL","mg/L",1.01
"11/21/2016","S65E","KJELDAHL NITROGEN, TOTAL","mg/L",0.87
"12/19/2016","S65E","KJELDAHL NITROGEN, TOTAL","mg/L",0.87
"01/09/2017","S65E","KJELDAHL NITROGEN, TOTAL","mg/L",0.97
"01/23/2017","S65E","KJELDAHL NITROGEN, TOTAL","mg/L",0.86
"02/06/2017","S65E","KJELDAHL NITROGEN, TOTAL","mg/L",0.89
"02/20/2017","S65E","KJELDAHL NITROGEN, TOTAL","mg/L",0.81
"03/06/2017","S65E","KJELDAHL NITROGEN, TOTAL","mg/L",0.9
"03/13/2017","S65E","KJELDAHL NITROGEN, TOTAL","mg/L",1.02
"03/20/2017","S65E","KJELDAHL NITROGEN, TOTAL","mg/L",1.09
"04/17/2017","S65E","KJELDAHL NITROGEN, TOTAL","mg/L",1.07
"05/01/2017","S65E","KJELDAHL NITROGEN, TOTAL","mg/L",1.09
"06/12/2017","S65E","KJELDAHL NITROGEN, TOTAL","mg/L",1.05
"12/03/1973","S65E","LEAD, DISSOLVED","ug/L",-20
"12/10/1973","S65E","LEAD, DISSOLVED","ug/L",-20
"12/11/1973","S65E","LEAD, DISSOLVED","ug/L",-20
"07/25/1978","S65E","LEAD, DISSOLVED","ug/L",-1
"02/20/1979","S65E","LEAD, DISSOLVED","ug/L",-1
"05/14/1979","S65E","LEAD, DISSOLVED","ug/L",38
"06/11/1979","S65E","LEAD, DISSOLVED","ug/L",-1
"07/09/1979","S65E","LEAD, DISSOLVED","ug/L",11
"07/17/1979","S65E","LEAD, DISSOLVED","ug/L",-1
"08/06/1979","S65E","LEAD, DISSOLVED","ug/L",4
"09/05/1979","S65E","LEAD, DISSOLVED","ug/L",2
"02/19/1980","S65E","LEAD, DISSOLVED","ug/L",2
"08/04/1980","S65E","LEAD, DISSOLVED","ug/L",2
"08/20/1980","S65E","LEAD, DISSOLVED","ug/L",2
"02/11/1981","S65E","LEAD, DISSOLVED","ug/L",-0.4
"07/28/1981","S65E","LEAD, DISSOLVED","ug/L",-0.417
"08/31/1981","S65E","LEAD, DISSOLVED","ug/L",-0.4
"05/13/1980","S65E","LEAD, TOTAL","ug/L",9
"06/09/1980","S65E","LEAD, TOTAL","ug/L",-1
"07/08/1980","S65E","LEAD, TOTAL","ug/L",6
"08/04/1980","S65E","LEAD, TOTAL","ug/L",-1
"09/03/1980","S65E","LEAD, TOTAL","ug/L",2
"02/23/1984","S65E","LEAD, TOTAL","ug/L",-0.597
"02/29/1984","S65E","LEAD, TOTAL","ug/L",0.729
"08/13/1984","S65E","LEAD, TOTAL","ug/L",1.575
"08/22/1984","S65E","LEAD, TOTAL","ug/L",-0.513
"02/20/1985","S65E","LEAD, TOTAL","ug/L",0.97
"02/26/1985","S65E","LEAD, TOTAL","ug/L",-0.8
"09/19/1985","S65E","LEAD, TOTAL","ug/L",-0.2
"09/24/1985","S65E","LEAD, TOTAL","ug/L",1.91
"02/12/1986","S65E","LEAD, TOTAL","ug/L",3.42
"02/18/1986","S65E","LEAD, TOTAL","ug/L",-0.4
"08/14/1986","S65E","LEAD, TOTAL","ug/L",-0.4
"09/23/1986","S65E","LEAD, TOTAL","ug/L",-0.2
"02/18/1987","S65E","LEAD, TOTAL","ug/L",-0.5
"02/19/1987","S65E","LEAD, TOTAL","ug/L",-0.5
"07/30/1987","S65E","LEAD, TOTAL","ug/L",-0.1
"08/18/1987","S65E","LEAD, TOTAL","ug/L",0.81
"02/04/1988","S65E","LEAD, TOTAL","ug/L",-0.3
"02/16/1988","S65E","LEAD, TOTAL","ug/L",-0.2
"05/24/1988","S65E","LEAD, TOTAL","ug/L",0.21
"08/15/1988","S65E","LEAD, TOTAL","ug/L",-0.2
"11/22/1988","S65E","LEAD, TOTAL","ug/L",-0.5
"02/13/1989","S65E","LEAD, TOTAL","ug/L",-0.5
"02/28/1989","S65E","LEAD, TOTAL","ug/L",-0.5
"05/24/1989","S65E","LEAD, TOTAL","ug/L",-0.5
"08/28/1989","S65E","LEAD, TOTAL","ug/L",-0.5
"08/29/1989","S65E","LEAD, TOTAL","ug/L",0.59
"11/20/1989","S65E","LEAD, TOTAL","ug/L",-0.5
"02/20/1990","S65E","LEAD, TOTAL","ug/L",-0.5
"02/28/1990","S65E","LEAD, TOTAL","ug/L",-0.5
"08/27/1990","S65E","LEAD, TOTAL","ug/L",0.63
"11/20/1990","S65E","LEAD, TOTAL","ug/L",-0.5
"02/26/1991","S65E","LEAD, TOTAL","ug/L",0.59
"08/12/1991","S65E","LEAD, TOTAL","ug/L",0.84
"08/28/1991","S65E","LEAD, TOTAL","ug/L",1.07
"11/20/1991","S65E","LEAD, TOTAL","ug/L",-0.5
"02/11/1992","S65E","LEAD, TOTAL","ug/L",0.71
"05/19/1992","S65E","LEAD, TOTAL","ug/L",-0.5
"07/08/1992","S65E","LEAD, TOTAL","ug/L",1.45
"08/26/1992","S65E","LEAD, TOTAL","ug/L",0.96
"11/18/1992","S65E","LEAD, TOTAL","ug/L",-0.5
"02/23/1993","S65E","LEAD, TOTAL","ug/L",-0.5
"05/20/1993","S65E","LEAD, TOTAL","ug/L",0.51
"10/05/1993","S65E","LEAD, TOTAL","ug/L",-0.5
"11/16/1993","S65E","LEAD, TOTAL","ug/L",-0.5
"02/08/1994","S65E","LEAD, TOTAL","ug/L",-0.5
"02/15/1994","S65E","LEAD, TOTAL","ug/L",-0.5
"05/17/1994","S65E","LEAD, TOTAL","ug/L",-0.5
"08/23/1994","S65E","LEAD, TOTAL","ug/L",-0.5
"02/21/1995","S65E","LEAD, TOTAL","ug/L",-0.5
"08/08/1995","S65E","LEAD, TOTAL","ug/L",0.67
"02/06/1996","S65E","LEAD, TOTAL","ug/L",-0.27
"05/20/1996","S65E","LEAD, TOTAL","ug/L",-0.8
"09/17/1996","S65E","LEAD, TOTAL","ug/L",-0.8
"11/04/1996","S65E","LEAD, TOTAL","ug/L",-0.8
"02/24/1997","S65E","LEAD, TOTAL","ug/L",-0.8
"03/18/1997","S65E","LEAD, TOTAL","ug/L",-0.8
"05/19/1997","S65E","LEAD, TOTAL","ug/L",-0.8
"08/28/1997","S65E","LEAD, TOTAL","ug/L",-0.8
"09/16/1997","S65E","LEAD, TOTAL","ug/L",-0.8
"11/17/1997","S65E","LEAD, TOTAL","ug/L",1.96
"12/23/1997","S65E","LEAD, TOTAL","ug/L",-0.8
"02/18/1998","S65E","LEAD, TOTAL","ug/L",-0.8
"03/17/1998","S65E","LEAD, TOTAL","ug/L",-0.8
"05/18/1998","S65E","LEAD, TOTAL","ug/L",-0.8
"06/23/1998","S65E","LEAD, TOTAL","ug/L",-0.8
"08/24/1998","S65E","LEAD, TOTAL","ug/L",-0.8
"09/15/1998","S65E","LEAD, TOTAL","ug/L",-0.8
"09/29/1998","S65E","LEAD, TOTAL","ug/L",-0.8
"12/08/1998","S65E","LEAD, TOTAL","ug/L",-0.8
"01/25/1999","S65E","LEAD, TOTAL","ug/L",-0.8
"03/30/1999","S65E","LEAD, TOTAL","ug/L",-0.8
"04/19/1999","S65E","LEAD, TOTAL","ug/L",-0.8
"07/26/1999","S65E","LEAD, TOTAL","ug/L",-0.8
"10/18/1999","S65E","LEAD, TOTAL","ug/L",-0.8
"01/24/2000","S65E","LEAD, TOTAL","ug/L",-0.8
"04/17/2000","S65E","LEAD, TOTAL","ug/L",-0.8
"07/25/2000","S65E","LEAD, TOTAL","ug/L",-0.8
"10/16/2000","S65E","LEAD, TOTAL","ug/L",-0.8
"04/09/1973","S65E","MAGNESIUM","mg/L",22.4
"04/16/1973","S65E","MAGNESIUM","mg/L",2.6
"04/23/1973","S65E","MAGNESIUM","mg/L",4
"04/30/1973","S65E","MAGNESIUM","mg/L",3.4
"05/07/1973","S65E","MAGNESIUM","mg/L",3.7
"05/14/1973","S65E","MAGNESIUM","mg/L",4.7
"05/21/1973","S65E","MAGNESIUM","mg/L",3.5
"05/29/1973","S65E","MAGNESIUM","mg/L",4
"06/04/1973","S65E","MAGNESIUM","mg/L",3.8
"06/11/1973","S65E","MAGNESIUM","mg/L",4.8
"06/18/1973","S65E","MAGNESIUM","mg/L",4.5
"06/25/1973","S65E","MAGNESIUM","mg/L",4.5
"07/09/1973","S65E","MAGNESIUM","mg/L",4
"07/16/1973","S65E","MAGNESIUM","mg/L",3.9
"07/23/1973","S65E","MAGNESIUM","mg/L",3
"07/30/1973","S65E","MAGNESIUM","mg/L",3.4
"08/06/1973","S65E","MAGNESIUM","mg/L",2.4
"08/13/1973","S65E","MAGNESIUM","mg/L",4.2
"08/20/1973","S65E","MAGNESIUM","mg/L",2.9
"08/27/1973","S65E","MAGNESIUM","mg/L",5
"09/04/1973","S65E","MAGNESIUM","mg/L",2.5
"09/10/1973","S65E","MAGNESIUM","mg/L",2.4
"09/17/1973","S65E","MAGNESIUM","mg/L",2.2
"09/24/1973","S65E","MAGNESIUM","mg/L",2.6
"10/01/1973","S65E","MAGNESIUM","mg/L",3.5
"10/02/1973","S65E","MAGNESIUM","mg/L",2.35
"10/08/1973","S65E","MAGNESIUM","mg/L",2.9
"10/15/1973","S65E","MAGNESIUM","mg/L",2.8
"10/23/1973","S65E","MAGNESIUM","mg/L",2.9
"10/29/1973","S65E","MAGNESIUM","mg/L",3
"11/07/1973","S65E","MAGNESIUM","mg/L",3.8
"11/12/1973","S65E","MAGNESIUM","mg/L",3.3
"11/13/1973","S65E","MAGNESIUM","mg/L",6.5
"11/26/1973","S65E","MAGNESIUM","mg/L",4.4
"12/03/1973","S65E","MAGNESIUM","mg/L",5
"12/05/1973","S65E","MAGNESIUM","mg/L",4.4
"12/10/1973","S65E","MAGNESIUM","mg/L",3.4
"12/11/1973","S65E","MAGNESIUM","mg/L",12
"12/17/1973","S65E","MAGNESIUM","mg/L",5
"01/02/1974","S65E","MAGNESIUM","mg/L",5
"01/14/1974","S65E","MAGNESIUM","mg/L",4.8
"01/28/1974","S65E","MAGNESIUM","mg/L",5.1
"02/11/1974","S65E","MAGNESIUM","mg/L",5
"02/12/1974","S65E","MAGNESIUM","mg/L",4.4
"02/25/1974","S65E","MAGNESIUM","mg/L",5.2
"03/05/1974","S65E","MAGNESIUM","mg/L",3.7
"03/11/1974","S65E","MAGNESIUM","mg/L",3.4
"03/25/1974","S65E","MAGNESIUM","mg/L",4.4
"04/02/1974","S65E","MAGNESIUM","mg/L",4
"04/08/1974","S65E","MAGNESIUM","mg/L",9.8
"04/22/1974","S65E","MAGNESIUM","mg/L",5.2
"05/07/1974","S65E","MAGNESIUM","mg/L",3.5
"05/13/1974","S65E","MAGNESIUM","mg/L",3.9
"05/28/1974","S65E","MAGNESIUM","mg/L",4.4
"06/10/1974","S65E","MAGNESIUM","mg/L",12.2
"06/11/1974","S65E","MAGNESIUM","mg/L",4.1
"06/24/1974","S65E","MAGNESIUM","mg/L",5.2
"07/09/1974","S65E","MAGNESIUM","mg/L",2.2
"07/22/1974","S65E","MAGNESIUM","mg/L",3.8
"08/05/1974","S65E","MAGNESIUM","mg/L",3
"08/13/1974","S65E","MAGNESIUM","mg/L",3
"08/19/1974","S65E","MAGNESIUM","mg/L",2.6
"09/03/1974","S65E","MAGNESIUM","mg/L",2.8
"09/10/1974","S65E","MAGNESIUM","mg/L",2.5
"09/16/1974","S65E","MAGNESIUM","mg/L",2.9
"09/30/1974","S65E","MAGNESIUM","mg/L",2.4
"10/08/1974","S65E","MAGNESIUM","mg/L",2.5
"10/14/1974","S65E","MAGNESIUM","mg/L",2.2
"10/28/1974","S65E","MAGNESIUM","mg/L",2.7
"11/12/1974","S65E","MAGNESIUM","mg/L",3.7
"10/27/1975","S65E","MAGNESIUM","mg/L",3.56
"06/22/1976","S65E","MAGNESIUM","mg/L",3.33
"06/25/1976","S65E","MAGNESIUM","mg/L",3.25
"07/20/1976","S65E","MAGNESIUM","mg/L",2.835
"08/24/1976","S65E","MAGNESIUM","mg/L",1.97
"09/21/1976","S65E","MAGNESIUM","mg/L",2.52
"10/19/1976","S65E","MAGNESIUM","mg/L",2.85
"12/06/1976","S65E","MAGNESIUM","mg/L",3.165
"01/25/1977","S65E","MAGNESIUM","mg/L",2.805
"03/21/1977","S65E","MAGNESIUM","mg/L",2.995
"05/23/1977","S65E","MAGNESIUM","mg/L",5.84
"07/25/1977","S65E","MAGNESIUM","mg/L",8.18
"09/20/1977","S65E","MAGNESIUM","mg/L",5.195
"12/01/1977","S65E","MAGNESIUM","mg/L",5.265
"01/24/1978","S65E","MAGNESIUM","mg/L",3.1
"03/21/1978","S65E","MAGNESIUM","mg/L",3.245
"05/30/1978","S65E","MAGNESIUM","mg/L",4.215
"06/21/1978","S65E","MAGNESIUM","mg/L",3.965
"07/25/1978","S65E","MAGNESIUM","mg/L",2.215
"08/22/1978","S65E","MAGNESIUM","mg/L",2.19
"09/18/1978","S65E","MAGNESIUM","mg/L",2.785
"02/20/1979","S65E","MAGNESIUM","mg/L",3.2
"07/17/1979","S65E","MAGNESIUM","mg/L",3.69
"02/19/1980","S65E","MAGNESIUM","mg/L",3.9
"08/04/1980","S65E","MAGNESIUM","mg/L",4.165
"08/20/1980","S65E","MAGNESIUM","mg/L",3.97
"02/11/1981","S65E","MAGNESIUM","mg/L",6.3
"07/28/1981","S65E","MAGNESIUM","mg/L",6.95
"02/16/1982","S65E","MAGNESIUM","mg/L",6.1
"02/24/1982","S65E","MAGNESIUM","mg/L",8.6
"07/01/1982","S65E","MAGNESIUM","mg/L",3.4
"08/02/1982","S65E","MAGNESIUM","mg/L",3.18
"08/25/1982","S65E","MAGNESIUM","mg/L",2.53333333333333
"10/20/1982","S65E","MAGNESIUM","mg/L",3.03333333333333
"12/22/1982","S65E","MAGNESIUM","mg/L",3.05
"02/15/1983","S65E","MAGNESIUM","mg/L",3
"04/15/1983","S65E","MAGNESIUM","mg/L",2.7
"08/03/1983","S65E","MAGNESIUM","mg/L",2.59
"09/12/1983","S65E","MAGNESIUM","mg/L",2.98
"01/04/1984","S65E","MAGNESIUM","mg/L",3.5
"02/23/1984","S65E","MAGNESIUM","mg/L",2.9
"02/29/1984","S65E","MAGNESIUM","mg/L",3.7
"08/13/1984","S65E","MAGNESIUM","mg/L",3
"08/22/1984","S65E","MAGNESIUM","mg/L",3.3
"02/20/1985","S65E","MAGNESIUM","mg/L",4.47
"02/26/1985","S65E","MAGNESIUM","mg/L",4.48
"05/20/1985","S65E","MAGNESIUM","mg/L",3.57
"08/27/1985","S65E","MAGNESIUM","mg/L",3.42
"09/19/1985","S65E","MAGNESIUM","mg/L",3.32
"02/12/1986","S65E","MAGNESIUM","mg/L",3.86
"02/18/1986","S65E","MAGNESIUM","mg/L",3.68
"05/20/1986","S65E","MAGNESIUM","mg/L",4.22
"08/14/1986","S65E","MAGNESIUM","mg/L",3.2
"09/23/1986","S65E","MAGNESIUM","mg/L",2.62
"11/18/1986","S65E","MAGNESIUM","mg/L",3.18
"02/18/1987","S65E","MAGNESIUM","mg/L",4.2
"02/19/1987","S65E","MAGNESIUM","mg/L",3.68
"05/26/1987","S65E","MAGNESIUM","mg/L",3.44
"07/30/1987","S65E","MAGNESIUM","mg/L",3.27
"08/18/1987","S65E","MAGNESIUM","mg/L",3.45
"11/24/1987","S65E","MAGNESIUM","mg/L",2.71
"02/04/1988","S65E","MAGNESIUM","mg/L",3.3
"02/16/1988","S65E","MAGNESIUM","mg/L",3.36
"05/24/1988","S65E","MAGNESIUM","mg/L",3.25
"08/15/1988","S65E","MAGNESIUM","mg/L",3.67
"11/22/1988","S65E","MAGNESIUM","mg/L",4.95
"02/13/1989","S65E","MAGNESIUM","mg/L",4
"02/28/1989","S65E","MAGNESIUM","mg/L",4.07
"05/24/1989","S65E","MAGNESIUM","mg/L",3.78
"08/28/1989","S65E","MAGNESIUM","mg/L",4.12
"08/29/1989","S65E","MAGNESIUM","mg/L",4.1
"11/20/1989","S65E","MAGNESIUM","mg/L",3.55
"02/20/1990","S65E","MAGNESIUM","mg/L",4.13
"02/28/1990","S65E","MAGNESIUM","mg/L",4.14
"08/27/1990","S65E","MAGNESIUM","mg/L",2.63
"11/20/1990","S65E","MAGNESIUM","mg/L",3.28
"02/26/1991","S65E","MAGNESIUM","mg/L",3.87
"08/12/1991","S65E","MAGNESIUM","mg/L",3.6
"08/28/1991","S65E","MAGNESIUM","mg/L",3.31
"11/20/1991","S65E","MAGNESIUM","mg/L",6.49
"02/11/1992","S65E","MAGNESIUM","mg/L",3.94
"05/19/1992","S65E","MAGNESIUM","mg/L",3.46
"07/08/1992","S65E","MAGNESIUM","mg/L",4.16
"08/26/1992","S65E","MAGNESIUM","mg/L",3.81
"11/18/1992","S65E","MAGNESIUM","mg/L",3.32
"02/23/1993","S65E","MAGNESIUM","mg/L",4.26
"05/20/1993","S65E","MAGNESIUM","mg/L",3.63
"08/10/1993","S65E","MAGNESIUM","mg/L",4.93
"10/05/1993","S65E","MAGNESIUM","mg/L",4.33
"11/16/1993","S65E","MAGNESIUM","mg/L",4.22
"02/08/1994","S65E","MAGNESIUM","mg/L",5.32
"02/15/1994","S65E","MAGNESIUM","mg/L",5.13
"05/17/1994","S65E","MAGNESIUM","mg/L",3.5225
"08/23/1994","S65E","MAGNESIUM","mg/L",2.78
"02/21/1995","S65E","MAGNESIUM","mg/L",3.03
"08/08/1995","S65E","MAGNESIUM","mg/L",2.6
"02/06/1996","S65E","MAGNESIUM","mg/L",2.7425
"05/20/1996","S65E","MAGNESIUM","mg/L",3.53
"09/17/1996","S65E","MAGNESIUM","mg/L",1.47
"11/04/1996","S65E","MAGNESIUM","mg/L",3.98
"02/24/1997","S65E","MAGNESIUM","mg/L",3.72
"03/18/1997","S65E","MAGNESIUM","mg/L",4.23
"05/19/1997","S65E","MAGNESIUM","mg/L",4.05
"09/16/1997","S65E","MAGNESIUM","mg/L",3.5
"12/23/1997","S65E","MAGNESIUM","mg/L",2.76
"02/18/1998","S65E","MAGNESIUM","mg/L",2.82
"03/17/1998","S65E","MAGNESIUM","mg/L",2.29
"05/18/1998","S65E","MAGNESIUM","mg/L",3.07
"06/23/1998","S65E","MAGNESIUM","mg/L",3.78
"08/24/1998","S65E","MAGNESIUM","mg/L",3.15
"09/15/1998","S65E","MAGNESIUM","mg/L",3.25
"09/29/1998","S65E","MAGNESIUM","mg/L",2.17
"12/08/1998","S65E","MAGNESIUM","mg/L",3.13
"01/25/1999","S65E","MAGNESIUM","mg/L",3.53
"03/30/1999","S65E","MAGNESIUM","mg/L",3.34
"04/19/1999","S65E","MAGNESIUM","mg/L",3.67
"06/22/1999","S65E","MAGNESIUM","mg/L",3.971
"07/26/1999","S65E","MAGNESIUM","mg/L",3.289
"09/16/1999","S65E","MAGNESIUM","mg/L",1.7982
"10/18/1999","S65E","MAGNESIUM","mg/L",4.224
"12/07/1999","S65E","MAGNESIUM","mg/L",1.5685
"01/24/2000","S65E","MAGNESIUM","mg/L",3.249
"03/14/2000","S65E","MAGNESIUM","mg/L",4.038
"04/17/2000","S65E","MAGNESIUM","mg/L",3.709
"06/06/2000","S65E","MAGNESIUM","mg/L",4.467
"07/25/2000","S65E","MAGNESIUM","mg/L",4.775
"09/12/2000","S65E","MAGNESIUM","mg/L",5.009
"10/16/2000","S65E","MAGNESIUM","mg/L",4.489
"12/05/2000","S65E","MAGNESIUM","mg/L",6.22
"01/22/2001","S65E","MAGNESIUM","mg/L",5.367
"03/27/2001","S65E","MAGNESIUM","mg/L",6.117
"04/16/2001","S65E","MAGNESIUM","mg/L",3.276
"06/19/2001","S65E","MAGNESIUM","mg/L",3.352
"07/16/2001","S65E","MAGNESIUM","mg/L",7.282
"09/11/2001","S65E","MAGNESIUM","mg/L",2.7848
"10/08/2001","S65E","MAGNESIUM","mg/L",4.08
"12/04/2001","S65E","MAGNESIUM","mg/L",2.021
"03/12/2002","S65E","MAGNESIUM","mg/L",4.476
"03/18/2002","S65E","MAGNESIUM","mg/L",2.226
"06/18/2002","S65E","MAGNESIUM","mg/L",1.469
"06/24/2002","S65E","MAGNESIUM","mg/L",5.009
"08/13/2002","S65E","MAGNESIUM","mg/L",3.746
"09/16/2002","S65E","MAGNESIUM","mg/L",3.184
"09/24/2002","S65E","MAGNESIUM","mg/L",1.6405
"12/17/2002","S65E","MAGNESIUM","mg/L",1.645
"12/30/2002","S65E","MAGNESIUM","mg/L",3.2455
"03/11/2003","S65E","MAGNESIUM","mg/L",3.946
"03/24/2003","S65E","MAGNESIUM","mg/L",4.062
"06/16/2003","S65E","MAGNESIUM","mg/L",3.7865
"06/17/2003","S65E","MAGNESIUM","mg/L",1.862
"09/09/2003","S65E","MAGNESIUM","mg/L",1.2
"09/15/2003","S65E","MAGNESIUM","mg/L",2.5
"12/02/2003","S65E","MAGNESIUM","mg/L",3
"12/15/2003","S65E","MAGNESIUM","mg/L",1.9
"03/09/2004","S65E","MAGNESIUM","mg/L",3.4
"03/15/2004","S65E","MAGNESIUM","mg/L",3.3
"05/17/2004","S65E","MAGNESIUM","mg/L",3.95
"07/06/2004","S65E","MAGNESIUM","mg/L",2.05
"08/23/2004","S65E","MAGNESIUM","mg/L",1.85
"10/26/2004","S65E","MAGNESIUM","mg/L",0.7
"12/21/2004","S65E","MAGNESIUM","mg/L",1.25
"02/14/2005","S65E","MAGNESIUM","mg/L",3
"05/16/2005","S65E","MAGNESIUM","mg/L",1.45
"06/07/2005","S65E","MAGNESIUM","mg/L",0.9
"08/22/2005","S65E","MAGNESIUM","mg/L",2.6
"09/12/2005","S65E","MAGNESIUM","mg/L",1.15
"11/14/2005","S65E","MAGNESIUM","mg/L",2.1
"02/21/2006","S65E","MAGNESIUM","mg/L",1.45
"03/13/2006","S65E","MAGNESIUM","mg/L",1.45
"05/22/2006","S65E","MAGNESIUM","mg/L",3.1
"06/06/2006","S65E","MAGNESIUM","mg/L",1.74
"08/21/2006","S65E","MAGNESIUM","mg/L",3.9
"09/11/2006","S65E","MAGNESIUM","mg/L",0.933333333333333
"11/27/2006","S65E","MAGNESIUM","mg/L",3.6
"12/19/2006","S65E","MAGNESIUM","mg/L",2.85
"02/26/2007","S65E","MAGNESIUM","mg/L",4.1
"03/13/2007","S65E","MAGNESIUM","mg/L",3.35
"05/21/2007","S65E","MAGNESIUM","mg/L",6.2
"06/05/2007","S65E","MAGNESIUM","mg/L",3.74
"08/20/2007","S65E","MAGNESIUM","mg/L",3.25
"09/04/2007","S65E","MAGNESIUM","mg/L",2.2
"11/26/2007","S65E","MAGNESIUM","mg/L",4.7
"12/03/2007","S65E","MAGNESIUM","mg/L",2.88
"02/20/2008","S65E","MAGNESIUM","mg/L",5.4
"03/03/2008","S65E","MAGNESIUM","mg/L",3.34
"05/28/2008","S65E","MAGNESIUM","mg/L",5.2
"06/03/2008","S65E","MAGNESIUM","mg/L",3.18
"08/28/2008","S65E","MAGNESIUM","mg/L",2.6
"09/08/2008","S65E","MAGNESIUM","mg/L",2.06
"11/19/2008","S65E","MAGNESIUM","mg/L",4.8
"12/10/2008","S65E","MAGNESIUM","mg/L",2.35
"02/18/2009","S65E","MAGNESIUM","mg/L",4.7
"03/03/2009","S65E","MAGNESIUM","mg/L",3.22
"05/20/2009","S65E","MAGNESIUM","mg/L",4.8
"06/16/2009","S65E","MAGNESIUM","mg/L",1.53333333333333
"08/26/2009","S65E","MAGNESIUM","mg/L",3.9
"09/22/2009","S65E","MAGNESIUM","mg/L",2
"11/18/2009","S65E","MAGNESIUM","mg/L",1.8
"12/16/2009","S65E","MAGNESIUM","mg/L",1.95
"02/24/2010","S65E","MAGNESIUM","mg/L",3.7
"03/15/2010","S65E","MAGNESIUM","mg/L",2.48
"05/26/2010","S65E","MAGNESIUM","mg/L",3.2
"06/07/2010","S65E","MAGNESIUM","mg/L",2.425
"08/18/2010","S65E","MAGNESIUM","mg/L",4.5
"09/14/2010","S65E","MAGNESIUM","mg/L",3.8
"11/17/2010","S65E","MAGNESIUM","mg/L",4
"12/09/2010","S65E","MAGNESIUM","mg/L",4.1
"02/17/2011","S65E","MAGNESIUM","mg/L",5.1
"03/09/2011","S65E","MAGNESIUM","mg/L",4.96666666666667
"05/18/2011","S65E","MAGNESIUM","mg/L",3.8
"06/08/2011","S65E","MAGNESIUM","mg/L",4.1
"08/24/2011","S65E","MAGNESIUM","mg/L",4.9
"09/14/2011","S65E","MAGNESIUM","mg/L",3.96666666666667
"11/16/2011","S65E","MAGNESIUM","mg/L",3.2
"12/07/2011","S65E","MAGNESIUM","mg/L",3.7
"02/22/2012","S65E","MAGNESIUM","mg/L",3.3
"03/14/2012","S65E","MAGNESIUM","mg/L",3.6
"05/16/2012","S65E","MAGNESIUM","mg/L",4
"06/06/2012","S65E","MAGNESIUM","mg/L",3.9
"08/08/2012","S65E","MAGNESIUM","mg/L",5.4
"09/05/2012","S65E","MAGNESIUM","mg/L",2.9
"11/14/2012","S65E","MAGNESIUM","mg/L",3.9
"12/05/2012","S65E","MAGNESIUM","mg/L",4.2
"02/06/2013","S65E","MAGNESIUM","mg/L",4.5
"02/13/2013","S65E","MAGNESIUM","mg/L",4.5
"05/08/2013","S65E","MAGNESIUM","mg/L",4.65
"08/07/2013","S65E","MAGNESIUM","mg/L",3.5
"08/14/2013","S65E","MAGNESIUM","mg/L",3.2
"11/04/2013","S65E","MAGNESIUM","mg/L",3.6
"11/06/2013","S65E","MAGNESIUM","mg/L",3.9
"02/03/2014","S65E","MAGNESIUM","mg/L",4.2
"02/12/2014","S65E","MAGNESIUM","mg/L",5.1
"04/23/2014","S65E","MAGNESIUM","mg/L",3.8
"05/05/2014","S65E","MAGNESIUM","mg/L",3.7
"08/13/2014","S65E","MAGNESIUM","mg/L",3.3
"08/18/2014","S65E","MAGNESIUM","mg/L",3
"11/03/2014","S65E","MAGNESIUM","mg/L",3.6
"11/05/2014","S65E","MAGNESIUM","mg/L",3.5
"02/02/2015","S65E","MAGNESIUM","mg/L",2.8
"02/11/2015","S65E","MAGNESIUM","mg/L",3
"05/04/2015","S65E","MAGNESIUM","mg/L",2.9
"05/06/2015","S65E","MAGNESIUM","mg/L",3
"08/03/2015","S65E","MAGNESIUM","mg/L",3.5
"08/12/2015","S65E","MAGNESIUM","mg/L",3.46666666666667
"10/26/2015","S65E","MAGNESIUM","mg/L",2.6
"11/04/2015","S65E","MAGNESIUM","mg/L",2.9
"01/20/2016","S65E","MAGNESIUM","mg/L",3.8
"04/11/2016","S65E","MAGNESIUM","mg/L",3
"07/06/2016","S65E","MAGNESIUM","mg/L",2.8
"09/26/2016","S65E","MAGNESIUM","mg/L",2.7
"12/19/2016","S65E","MAGNESIUM","mg/L",2.9
"03/13/2017","S65E","MAGNESIUM","mg/L",3.1
"03/20/2017","S65E","MAGNESIUM","mg/L",2.96666666666667
"06/12/2017","S65E","MAGNESIUM","mg/L",3.8
"12/18/2017","S65E","MAGNESIUM","mg/L",3.6
"04/09/2018","S65E","MAGNESIUM","mg/L",3.6
"06/04/2018","S65E","MAGNESIUM","mg/L",4.9
"08/06/2018","S65E","MAGNESIUM","mg/L",3.2
"11/26/2018","S65E","MAGNESIUM","mg/L",3.56666666666667
"03/04/2019","S65E","MAGNESIUM","mg/L",3.36666666666667
"03/06/2019","S65E","MAGNESIUM","mg/L",3.4
"04/08/2019","S65E","MAGNESIUM","mg/L",3.9
"07/01/2019","S65E","MAGNESIUM","mg/L",3
"10/21/2019","S65E","MAGNESIUM","mg/L",3.9
"01/13/2020","S65E","MAGNESIUM","mg/L",5.3
"04/06/2020","S65E","MAGNESIUM","mg/L",3.5
"07/13/2020","S65E","MAGNESIUM","mg/L",4
"11/16/2020","S65E","MAGNESIUM","mg/L",3.8
"01/11/2021","S65E","MAGNESIUM","mg/L",3.5
"04/19/2021","S65E","MAGNESIUM","mg/L",3.6
"07/12/2021","S65E","MAGNESIUM","mg/L",4.8
"10/18/2021","S65E","MAGNESIUM","mg/L",3.6
"01/10/2022","S65E","MAGNESIUM","mg/L",4.1
"03/07/2022","S65E","MAGNESIUM","mg/L",4
"05/02/2022","S65E","MAGNESIUM","mg/L",4.1
"07/25/2022","S65E","MAGNESIUM","mg/L",5.6
"10/03/2022","S65E","MAGNESIUM","mg/L",3.3
"01/09/2023","S65E","MAGNESIUM","mg/L",3.1
"12/10/1973","S65E","MANGANESE, DISSOLVED","ug/L",10
"12/11/1973","S65E","MANGANESE, DISSOLVED","ug/L",10
"07/25/1978","S65E","MANGANESE, DISSOLVED","ug/L",12
"02/20/1979","S65E","MANGANESE, DISSOLVED","ug/L",1.5
"07/17/1979","S65E","MANGANESE, DISSOLVED","ug/L",16.5
"02/19/1980","S65E","MANGANESE, DISSOLVED","ug/L",4
"08/04/1980","S65E","MANGANESE, DISSOLVED","ug/L",20
"08/20/1980","S65E","MANGANESE, DISSOLVED","ug/L",9
"02/11/1981","S65E","MANGANESE, DISSOLVED","ug/L",6
"05/14/1979","S65E","MERCURY, TOTAL","ug/L",-0.001
"06/11/1979","S65E","MERCURY, TOTAL","ug/L",0.18
"08/06/1979","S65E","MERCURY, TOTAL","ug/L",-0.001
"09/05/1979","S65E","MERCURY, TOTAL","ug/L",-0.001
"07/08/1980","S65E","MERCURY, TOTAL","ug/L",-0.107
"08/04/1980","S65E","MERCURY, TOTAL","ug/L",-0.01
"09/03/1980","S65E","MERCURY, TOTAL","ug/L",0.299
"02/23/1984","S65E","MERCURY, TOTAL","ug/L",0.15
"02/29/1984","S65E","MERCURY, TOTAL","ug/L",0.148
"08/13/1984","S65E","MERCURY, TOTAL","ug/L",-0.148
"08/22/1984","S65E","MERCURY, TOTAL","ug/L",0.242
"02/20/1985","S65E","MERCURY, TOTAL","ug/L",-0.158
"02/26/1985","S65E","MERCURY, TOTAL","ug/L",-0.158
"09/19/1985","S65E","MERCURY, TOTAL","ug/L",-0.2
"09/24/1985","S65E","MERCURY, TOTAL","ug/L",-0.2
"02/12/1986","S65E","MERCURY, TOTAL","ug/L",0.32
"02/18/1986","S65E","MERCURY, TOTAL","ug/L",-0.2
"08/14/1986","S65E","MERCURY, TOTAL","ug/L",-0.5
"02/18/1987","S65E","MERCURY, TOTAL","ug/L",0.269
"02/19/1987","S65E","MERCURY, TOTAL","ug/L",-0.2
"07/30/1987","S65E","MERCURY, TOTAL","ug/L",-0.2
"08/18/1987","S65E","MERCURY, TOTAL","ug/L",0.174
"02/04/1988","S65E","MERCURY, TOTAL","ug/L",-0.2
"02/16/1988","S65E","MERCURY, TOTAL","ug/L",-0.2
"05/24/1988","S65E","MERCURY, TOTAL","ug/L",-0.2
"08/15/1988","S65E","MERCURY, TOTAL","ug/L",-0.2
"11/22/1988","S65E","MERCURY, TOTAL","ug/L",-0.2
"02/13/1989","S65E","MERCURY, TOTAL","ug/L",-0.2
"02/28/1989","S65E","MERCURY, TOTAL","ug/L",-0.2
"05/24/1989","S65E","MERCURY, TOTAL","ug/L",-0.2
"08/28/1989","S65E","MERCURY, TOTAL","ug/L",-0.2
"08/29/1989","S65E","MERCURY, TOTAL","ug/L",-0.2
"11/20/1989","S65E","MERCURY, TOTAL","ug/L",-0.2
"02/20/1990","S65E","MERCURY, TOTAL","ug/L",-0.2
"02/28/1990","S65E","MERCURY, TOTAL","ug/L",-0.2
"08/27/1990","S65E","MERCURY, TOTAL","ug/L",-0.2
"11/20/1990","S65E","MERCURY, TOTAL","ug/L",-0.2
"02/26/1991","S65E","MERCURY, TOTAL","ug/L",-0.2
"08/12/1991","S65E","MERCURY, TOTAL","ug/L",-0.2
"08/28/1991","S65E","MERCURY, TOTAL","ug/L",-0.2
"11/20/1991","S65E","MERCURY, TOTAL","ug/L",-0.2
"02/11/1992","S65E","MERCURY, TOTAL","ug/L",-0.2
"05/19/1992","S65E","MERCURY, TOTAL","ug/L",-0.2
"07/08/1992","S65E","MERCURY, TOTAL","ug/L",-0.2
"08/26/1992","S65E","MERCURY, TOTAL","ug/L",-0.2
"11/18/1992","S65E","MERCURY, TOTAL","ug/L",-0.2
"02/23/1993","S65E","MERCURY, TOTAL","ug/L",-0.2
"05/20/1993","S65E","MERCURY, TOTAL","ug/L",-0.2
"10/05/1993","S65E","MERCURY, TOTAL","ug/L",-0.2
"11/16/1993","S65E","MERCURY, TOTAL","ug/L",-0.2
"02/08/1994","S65E","MERCURY, TOTAL","ug/L",-0.2
"02/15/1994","S65E","MERCURY, TOTAL","ug/L",-0.2
"05/17/1994","S65E","MERCURY, TOTAL","ug/L",-0.2
"08/23/1994","S65E","MERCURY, TOTAL","ug/L",0.2
"02/21/1995","S65E","MERCURY, TOTAL","ug/L",-0.2
"08/08/1995","S65E","MERCURY, TOTAL","ug/L",3.9
"02/06/1996","S65E","MERCURY, TOTAL","ug/L",-0.2
"05/20/1996","S65E","MERCURY, TOTAL","ug/L",-0.2
"09/17/1996","S65E","MERCURY, TOTAL","ug/L",-0.2
"11/04/1996","S65E","MERCURY, TOTAL","ug/L",-0.2
"02/24/1997","S65E","MERCURY, TOTAL","ug/L",-0.2
"03/18/1997","S65E","MERCURY, TOTAL","ug/L",-0.2
"05/19/1997","S65E","MERCURY, TOTAL","ug/L",-0.2
"08/28/1997","S65E","MERCURY, TOTAL","ug/L",-0.2
"09/16/1997","S65E","MERCURY, TOTAL","ug/L",-0.2
"11/17/1997","S65E","MERCURY, TOTAL","ug/L",-0.2
"12/23/1997","S65E","MERCURY, TOTAL","ug/L",-0.2
"02/18/1998","S65E","MERCURY, TOTAL","ug/L",-0.2
"03/17/1998","S65E","MERCURY, TOTAL","ug/L",-0.2
"05/18/1998","S65E","MERCURY, TOTAL","ug/L",-0.2
"06/23/1998","S65E","MERCURY, TOTAL","ug/L",-0.2
"08/24/1998","S65E","MERCURY, TOTAL","ug/L",-0.2
"09/15/1998","S65E","MERCURY, TOTAL","ug/L",-0.2
"09/29/1998","S65E","MERCURY, TOTAL","ug/L",-0.2
"12/08/1998","S65E","MERCURY, TOTAL","ug/L",-0.2
"01/25/1999","S65E","MERCURY, TOTAL","ug/L",-0.2
"03/30/1999","S65E","MERCURY, TOTAL","ug/L",-0.2
"04/19/1999","S65E","MERCURY, TOTAL","ug/L",-0.2
"07/26/1999","S65E","MERCURY, TOTAL","ug/L",-0.2
"10/18/1999","S65E","MERCURY, TOTAL","ug/L",-0.2
"01/24/2000","S65E","MERCURY, TOTAL","ug/L",-0.1
"04/17/2000","S65E","MERCURY, TOTAL","ug/L",-0.0885
"07/24/2000","S65E","MERCURY, TOTAL","ug/L",-0.1
"10/16/2000","S65E","MERCURY, TOTAL","ug/L",-0.1
"06/13/1973","S65E","NICKEL, DISSOLVED","ug/L",15.3333333333333
"07/16/1973","S65E","NICKEL, DISSOLVED","ug/L",15
"08/29/1973","S65E","NICKEL, DISSOLVED","ug/L",10
"07/25/1978","S65E","NICKEL, DISSOLVED","ug/L",-1
"07/28/1981","S65E","NICKEL, DISSOLVED","ug/L",6.125
"08/31/1981","S65E","NICKEL, DISSOLVED","ug/L",3.805
"02/16/1982","S65E","NICKEL, DISSOLVED","ug/L",6.3
"04/16/1973","S65E","NITRATE-N","mg/L",0.025
"04/23/1973","S65E","NITRATE-N","mg/L",-0.004
"04/30/1973","S65E","NITRATE-N","mg/L",0.007
"05/07/1973","S65E","NITRATE-N","mg/L",0.014
"05/14/1973","S65E","NITRATE-N","mg/L",0.022
"05/21/1973","S65E","NITRATE-N","mg/L",-0.004
"05/29/1973","S65E","NITRATE-N","mg/L",-0.004
"06/04/1973","S65E","NITRATE-N","mg/L",-0.004
"06/11/1973","S65E","NITRATE-N","mg/L",0.016
"06/13/1973","S65E","NITRATE-N","mg/L",-0.004
"06/18/1973","S65E","NITRATE-N","mg/L",-0.004
"06/25/1973","S65E","NITRATE-N","mg/L",0.03
"07/02/1973","S65E","NITRATE-N","mg/L",0.012
"07/09/1973","S65E","NITRATE-N","mg/L",0.029
"07/16/1973","S65E","NITRATE-N","mg/L",0.017
"07/23/1973","S65E","NITRATE-N","mg/L",0.131
"07/30/1973","S65E","NITRATE-N","mg/L",0.012
"08/06/1973","S65E","NITRATE-N","mg/L",0.017
"08/13/1973","S65E","NITRATE-N","mg/L",-0.004
"08/20/1973","S65E","NITRATE-N","mg/L",-0.004
"08/27/1973","S65E","NITRATE-N","mg/L",0.046
"08/29/1973","S65E","NITRATE-N","mg/L",-0.004
"09/04/1973","S65E","NITRATE-N","mg/L",-0.004
"09/10/1973","S65E","NITRATE-N","mg/L",0.025
"09/17/1973","S65E","NITRATE-N","mg/L",0.007
"09/24/1973","S65E","NITRATE-N","mg/L",0.01
"10/01/1973","S65E","NITRATE-N","mg/L",0.04
"10/02/1973","S65E","NITRATE-N","mg/L",0.033
"10/08/1973","S65E","NITRATE-N","mg/L",0.007
"10/15/1973","S65E","NITRATE-N","mg/L",0.024
"10/23/1973","S65E","NITRATE-N","mg/L",0.057
"10/29/1973","S65E","NITRATE-N","mg/L",0.146
"11/07/1973","S65E","NITRATE-N","mg/L",0.304
"11/12/1973","S65E","NITRATE-N","mg/L",0.08
"11/13/1973","S65E","NITRATE-N","mg/L",0.3
"11/26/1973","S65E","NITRATE-N","mg/L",0.252
"12/03/1973","S65E","NITRATE-N","mg/L",0.164
"12/05/1973","S65E","NITRATE-N","mg/L",0.362
"12/10/1973","S65E","NITRATE-N","mg/L",0.13
"12/11/1973","S65E","NITRATE-N","mg/L",0.24
"12/17/1973","S65E","NITRATE-N","mg/L",0.261
"01/02/1974","S65E","NITRATE-N","mg/L",0.192
"01/08/1974","S65E","NITRATE-N","mg/L",0.2385
"01/14/1974","S65E","NITRATE-N","mg/L",0.191
"01/28/1974","S65E","NITRATE-N","mg/L",0.188
"02/11/1974","S65E","NITRATE-N","mg/L",0.14
"02/12/1974","S65E","NITRATE-N","mg/L",0.252
"02/25/1974","S65E","NITRATE-N","mg/L",0.198
"03/05/1974","S65E","NITRATE-N","mg/L",0.1115
"03/11/1974","S65E","NITRATE-N","mg/L",-0.004
"03/25/1974","S65E","NITRATE-N","mg/L",0.018
"04/02/1974","S65E","NITRATE-N","mg/L",0.0255
"04/08/1974","S65E","NITRATE-N","mg/L",0.082
"04/22/1974","S65E","NITRATE-N","mg/L",0.181
"05/07/1974","S65E","NITRATE-N","mg/L",5e-04
"05/13/1974","S65E","NITRATE-N","mg/L",0.044
"05/28/1974","S65E","NITRATE-N","mg/L",0.005
"06/10/1974","S65E","NITRATE-N","mg/L",0.176
"06/11/1974","S65E","NITRATE-N","mg/L",0.018
"06/24/1974","S65E","NITRATE-N","mg/L",0.03
"07/08/1974","S65E","NITRATE-N","mg/L",0.008
"07/09/1974","S65E","NITRATE-N","mg/L",0.0155
"07/22/1974","S65E","NITRATE-N","mg/L",0.011
"08/05/1974","S65E","NITRATE-N","mg/L",0.146
"08/13/1974","S65E","NITRATE-N","mg/L",0.059
"08/19/1974","S65E","NITRATE-N","mg/L",0.067
"09/03/1974","S65E","NITRATE-N","mg/L",0.106
"09/10/1974","S65E","NITRATE-N","mg/L",0.0855
"09/16/1974","S65E","NITRATE-N","mg/L",0.085
"09/30/1974","S65E","NITRATE-N","mg/L",0.112
"10/08/1974","S65E","NITRATE-N","mg/L",0.1195
"10/14/1974","S65E","NITRATE-N","mg/L",0.131
"10/28/1974","S65E","NITRATE-N","mg/L",0.163
"11/05/1974","S65E","NITRATE-N","mg/L",0.2155
"11/12/1974","S65E","NITRATE-N","mg/L",0.007
"12/10/1974","S65E","NITRATE-N","mg/L",0.3045
"01/07/1975","S65E","NITRATE-N","mg/L",0.423
"02/04/1975","S65E","NITRATE-N","mg/L",0.348
"03/05/1975","S65E","NITRATE-N","mg/L",0.2565
"04/08/1975","S65E","NITRATE-N","mg/L",0.115
"05/06/1975","S65E","NITRATE-N","mg/L",0.0115
"06/03/1975","S65E","NITRATE-N","mg/L",-0.004
"07/15/1975","S65E","NITRATE-N","mg/L",0.059
"08/12/1975","S65E","NITRATE-N","mg/L",0.327
"09/12/1975","S65E","NITRATE-N","mg/L",0.0635
"10/27/1975","S65E","NITRATE-N","mg/L",0.316
"10/28/1975","S65E","NITRATE-N","mg/L",0.227
"11/18/1975","S65E","NITRATE-N","mg/L",0.066
"02/12/1976","S65E","NITRATE-N","mg/L",0.1015
"05/11/1976","S65E","NITRATE-N","mg/L",0.007
"06/22/1976","S65E","NITRATE-N","mg/L",0.02
"06/25/1976","S65E","NITRATE-N","mg/L",0.017
"07/20/1976","S65E","NITRATE-N","mg/L",0.026
"08/24/1976","S65E","NITRATE-N","mg/L",0.007
"09/21/1976","S65E","NITRATE-N","mg/L",0.018
"10/19/1976","S65E","NITRATE-N","mg/L",0.0695
"12/06/1976","S65E","NITRATE-N","mg/L",0.3
"01/25/1977","S65E","NITRATE-N","mg/L",5e-04
"03/21/1977","S65E","NITRATE-N","mg/L",0.012
"05/23/1977","S65E","NITRATE-N","mg/L",0.115
"07/25/1977","S65E","NITRATE-N","mg/L",-0.004
"09/20/1977","S65E","NITRATE-N","mg/L",0.0125
"12/01/1977","S65E","NITRATE-N","mg/L",0.4065
"01/24/1978","S65E","NITRATE-N","mg/L",0.251
"03/21/1978","S65E","NITRATE-N","mg/L",0.006
"05/30/1978","S65E","NITRATE-N","mg/L",5e-04
"06/21/1978","S65E","NITRATE-N","mg/L",0.0035
"07/25/1978","S65E","NITRATE-N","mg/L",0.015
"08/22/1978","S65E","NITRATE-N","mg/L",-0.004
"09/18/1978","S65E","NITRATE-N","mg/L",0.0215
"10/09/1978","S65E","NITRATE-N","mg/L",0.0205
"10/17/1978","S65E","NITRATE-N","mg/L",0.0565
"10/23/1978","S65E","NITRATE-N","mg/L",0.063
"11/14/1978","S65E","NITRATE-N","mg/L",0.282
"11/20/1978","S65E","NITRATE-N","mg/L",0.259
"12/04/1978","S65E","NITRATE-N","mg/L",0.202
"12/12/1978","S65E","NITRATE-N","mg/L",0.39
"12/19/1978","S65E","NITRATE-N","mg/L",0.369
"01/08/1979","S65E","NITRATE-N","mg/L",0.181
"01/22/1979","S65E","NITRATE-N","mg/L",-0.004
"01/23/1979","S65E","NITRATE-N","mg/L",-0.004
"02/05/1979","S65E","NITRATE-N","mg/L",-0.004
"02/20/1979","S65E","NITRATE-N","mg/L",-0.004
"03/05/1979","S65E","NITRATE-N","mg/L",-0.004
"03/19/1979","S65E","NITRATE-N","mg/L",0.003
"04/02/1979","S65E","NITRATE-N","mg/L",0.007
"04/16/1979","S65E","NITRATE-N","mg/L",-0.004
"04/24/1979","S65E","NITRATE-N","mg/L",0.133
"04/30/1979","S65E","NITRATE-N","mg/L",0.119666666666667
"05/14/1979","S65E","NITRATE-N","mg/L",0.034
"05/22/1979","S65E","NITRATE-N","mg/L",5e-04
"05/29/1979","S65E","NITRATE-N","mg/L",-0.004
"06/11/1979","S65E","NITRATE-N","mg/L",0.007
"06/18/1979","S65E","NITRATE-N","mg/L",0.004
"07/09/1979","S65E","NITRATE-N","mg/L",-0.004
"07/17/1979","S65E","NITRATE-N","mg/L",0.0045
"07/23/1979","S65E","NITRATE-N","mg/L",-0.004
"08/06/1979","S65E","NITRATE-N","mg/L",-0.004
"08/20/1979","S65E","NITRATE-N","mg/L",0.037
"08/21/1979","S65E","NITRATE-N","mg/L",0.026
"09/05/1979","S65E","NITRATE-N","mg/L",0.015
"09/18/1979","S65E","NITRATE-N","mg/L",0.00933333333333333
"10/01/1979","S65E","NITRATE-N","mg/L",0.026
"10/02/1979","S65E","NITRATE-N","mg/L",0.021
"10/15/1979","S65E","NITRATE-N","mg/L",0.022
"10/29/1979","S65E","NITRATE-N","mg/L",0.049
"11/13/1979","S65E","NITRATE-N","mg/L",0.208
"12/11/1979","S65E","NITRATE-N","mg/L",0.199
"01/08/1980","S65E","NITRATE-N","mg/L",0.075
"01/22/1980","S65E","NITRATE-N","mg/L",0.098
"02/19/1980","S65E","NITRATE-N","mg/L",0.103
"03/04/1980","S65E","NITRATE-N","mg/L",0.058
"03/18/1980","S65E","NITRATE-N","mg/L",0.02
"04/02/1980","S65E","NITRATE-N","mg/L",0.052
"04/16/1980","S65E","NITRATE-N","mg/L",0.049
"04/30/1980","S65E","NITRATE-N","mg/L",0.061
"05/12/1980","S65E","NITRATE-N","mg/L",0.002
"05/13/1980","S65E","NITRATE-N","mg/L",-0.004
"05/28/1980","S65E","NITRATE-N","mg/L",-0.004
"06/09/1980","S65E","NITRATE-N","mg/L",-0.004
"06/25/1980","S65E","NITRATE-N","mg/L",-0.004
"07/07/1980","S65E","NITRATE-N","mg/L",0.013
"07/08/1980","S65E","NITRATE-N","mg/L",0.015
"07/24/1980","S65E","NITRATE-N","mg/L",-0.004
"08/04/1980","S65E","NITRATE-N","mg/L",-0.004
"09/03/1980","S65E","NITRATE-N","mg/L",0.373
"09/17/1980","S65E","NITRATE-N","mg/L",0.036
"09/30/1980","S65E","NITRATE-N","mg/L",0.412
"10/01/1980","S65E","NITRATE-N","mg/L",0.154
"10/14/1980","S65E","NITRATE-N","mg/L",0.383
"10/28/1980","S65E","NITRATE-N","mg/L",0.300666666666667
"10/29/1980","S65E","NITRATE-N","mg/L",0.255
"11/12/1980","S65E","NITRATE-N","mg/L",0.284
"11/25/1980","S65E","NITRATE-N","mg/L",0.377
"12/02/1980","S65E","NITRATE-N","mg/L",0.365
"12/23/1980","S65E","NITRATE-N","mg/L",0.415
"12/31/1980","S65E","NITRATE-N","mg/L",0.421
"01/14/1981","S65E","NITRATE-N","mg/L",0.483
"01/20/1981","S65E","NITRATE-N","mg/L",0.439
"01/27/1981","S65E","NITRATE-N","mg/L",0.443
"02/11/1981","S65E","NITRATE-N","mg/L",0.413
"02/17/1981","S65E","NITRATE-N","mg/L",0.412
"02/24/1981","S65E","NITRATE-N","mg/L",0.452
"03/11/1981","S65E","NITRATE-N","mg/L",0.377
"03/16/1981","S65E","NITRATE-N","mg/L",0.348
"03/24/1981","S65E","NITRATE-N","mg/L",0.352
"04/08/1981","S65E","NITRATE-N","mg/L",0.277
"04/13/1981","S65E","NITRATE-N","mg/L",0.255
"04/21/1981","S65E","NITRATE-N","mg/L",0.081
"05/06/1981","S65E","NITRATE-N","mg/L",0.168
"05/11/1981","S65E","NITRATE-N","mg/L",0.163
"05/19/1981","S65E","NITRATE-N","mg/L",0.118
"06/02/1981","S65E","NITRATE-N","mg/L",0.023
"06/08/1981","S65E","NITRATE-N","mg/L",-0.004
"06/17/1981","S65E","NITRATE-N","mg/L",-0.004
"06/30/1981","S65E","NITRATE-N","mg/L",-0.004
"07/06/1981","S65E","NITRATE-N","mg/L",-0.004
"07/16/1981","S65E","NITRATE-N","mg/L",-0.004
"07/28/1981","S65E","NITRATE-N","mg/L",-0.004
"08/03/1981","S65E","NITRATE-N","mg/L",-0.004
"08/12/1981","S65E","NITRATE-N","mg/L",-0.004
"08/25/1981","S65E","NITRATE-N","mg/L",-0.004
"08/31/1981","S65E","NITRATE-N","mg/L",0.011
"09/10/1981","S65E","NITRATE-N","mg/L",0.039
"09/23/1981","S65E","NITRATE-N","mg/L",0.008
"09/28/1981","S65E","NITRATE-N","mg/L",0.00633333333333333
"10/06/1981","S65E","NITRATE-N","mg/L",0.022
"10/20/1981","S65E","NITRATE-N","mg/L",0.255333333333333
"10/26/1981","S65E","NITRATE-N","mg/L",0.366
"11/04/1981","S65E","NITRATE-N","mg/L",0.377
"11/23/1981","S65E","NITRATE-N","mg/L",0.426333333333333
"12/02/1981","S65E","NITRATE-N","mg/L",0.427
"12/21/1981","S65E","NITRATE-N","mg/L",0.352
"12/29/1981","S65E","NITRATE-N","mg/L",0.355
"01/18/1982","S65E","NITRATE-N","mg/L",0.358
"02/16/1982","S65E","NITRATE-N","mg/L",0.351
"02/24/1982","S65E","NITRATE-N","mg/L",0.324
"03/09/1982","S65E","NITRATE-N","mg/L",0.339
"03/15/1982","S65E","NITRATE-N","mg/L",0.471
"04/05/1982","S65E","NITRATE-N","mg/L",0.327
"04/12/1982","S65E","NITRATE-N","mg/L",0.313
"04/19/1982","S65E","NITRATE-N","mg/L",0.241
"05/04/1982","S65E","NITRATE-N","mg/L",-0.004
"05/10/1982","S65E","NITRATE-N","mg/L",-0.004
"05/18/1982","S65E","NITRATE-N","mg/L",-0.004
"06/01/1982","S65E","NITRATE-N","mg/L",-0.004
"06/07/1982","S65E","NITRATE-N","mg/L",0.011
"06/14/1982","S65E","NITRATE-N","mg/L",-0.004
"07/01/1982","S65E","NITRATE-N","mg/L",-0.004
"07/07/1982","S65E","NITRATE-N","mg/L",0.005
"07/12/1982","S65E","NITRATE-N","mg/L",0.007
"07/27/1982","S65E","NITRATE-N","mg/L",0.023
"08/02/1982","S65E","NITRATE-N","mg/L",0.022
"08/09/1982","S65E","NITRATE-N","mg/L",0.045
"08/25/1982","S65E","NITRATE-N","mg/L",0.0353333333333333
"09/01/1982","S65E","NITRATE-N","mg/L",0.024
"09/09/1982","S65E","NITRATE-N","mg/L",0.049
"09/21/1982","S65E","NITRATE-N","mg/L",0.048
"09/27/1982","S65E","NITRATE-N","mg/L",0.052
"10/05/1982","S65E","NITRATE-N","mg/L",0.057
"10/20/1982","S65E","NITRATE-N","mg/L",0.0603333333333333
"10/26/1982","S65E","NITRATE-N","mg/L",0.0623333333333333
"11/01/1982","S65E","NITRATE-N","mg/L",0.079
"11/22/1982","S65E","NITRATE-N","mg/L",0.1675
"12/06/1982","S65E","NITRATE-N","mg/L",0.22
"12/20/1982","S65E","NITRATE-N","mg/L",0.258
"12/22/1982","S65E","NITRATE-N","mg/L",0.231
"01/04/1983","S65E","NITRATE-N","mg/L",0.188
"01/18/1983","S65E","NITRATE-N","mg/L",0.208
"01/19/1983","S65E","NITRATE-N","mg/L",0.214
"02/01/1983","S65E","NITRATE-N","mg/L",0.166
"02/15/1983","S65E","NITRATE-N","mg/L",0.083
"02/17/1983","S65E","NITRATE-N","mg/L",0.067
"03/02/1983","S65E","NITRATE-N","mg/L",0.098
"03/15/1983","S65E","NITRATE-N","mg/L",0.093
"03/17/1983","S65E","NITRATE-N","mg/L",0.09
"03/29/1983","S65E","NITRATE-N","mg/L",0.032
"04/14/1983","S65E","NITRATE-N","mg/L",0.0826666666666667
"04/15/1983","S65E","NITRATE-N","mg/L",0.083
"04/26/1983","S65E","NITRATE-N","mg/L",0.051
"05/11/1983","S65E","NITRATE-N","mg/L",0.048
"05/12/1983","S65E","NITRATE-N","mg/L",0.037
"05/24/1983","S65E","NITRATE-N","mg/L",0.018
"06/07/1983","S65E","NITRATE-N","mg/L",0.034
"06/09/1983","S65E","NITRATE-N","mg/L",0.122
"06/21/1983","S65E","NITRATE-N","mg/L",0.03
"07/06/1983","S65E","NITRATE-N","mg/L",-0.004
"07/07/1983","S65E","NITRATE-N","mg/L",-0.004
"07/19/1983","S65E","NITRATE-N","mg/L",-0.004
"08/02/1983","S65E","NITRATE-N","mg/L",0.011
"08/03/1983","S65E","NITRATE-N","mg/L",0.011
"08/16/1983","S65E","NITRATE-N","mg/L",-0.004
"08/30/1983","S65E","NITRATE-N","mg/L",-0.004
"09/01/1983","S65E","NITRATE-N","mg/L",0.019
"09/12/1983","S65E","NITRATE-N","mg/L",0.007
"09/27/1983","S65E","NITRATE-N","mg/L",-0.004
"09/28/1983","S65E","NITRATE-N","mg/L",-0.004
"10/10/1983","S65E","NITRATE-N","mg/L",-0.004
"10/25/1983","S65E","NITRATE-N","mg/L",0.057
"10/28/1983","S65E","NITRATE-N","mg/L",0.155
"11/08/1983","S65E","NITRATE-N","mg/L",0.317
"11/16/1983","S65E","NITRATE-N","mg/L",0.291
"11/21/1983","S65E","NITRATE-N","mg/L",0.239
"12/20/1983","S65E","NITRATE-N","mg/L",0.231
"12/29/1983","S65E","NITRATE-N","mg/L",-0.004
"01/04/1984","S65E","NITRATE-N","mg/L",-0.004
"01/17/1984","S65E","NITRATE-N","mg/L",0.006
"01/25/1984","S65E","NITRATE-N","mg/L",0.027
"01/31/1984","S65E","NITRATE-N","mg/L",0.011
"02/14/1984","S65E","NITRATE-N","mg/L",0.013
"02/23/1984","S65E","NITRATE-N","mg/L",0.028
"02/29/1984","S65E","NITRATE-N","mg/L",0.04
"03/13/1984","S65E","NITRATE-N","mg/L",0.019
"03/21/1984","S65E","NITRATE-N","mg/L",0.00933333333333333
"03/27/1984","S65E","NITRATE-N","mg/L",0.032
"04/09/1984","S65E","NITRATE-N","mg/L",0.007
"04/18/1984","S65E","NITRATE-N","mg/L",0.013
"05/31/1984","S65E","NITRATE-N","mg/L",-0.004
"06/04/1984","S65E","NITRATE-N","mg/L",-0.004
"06/19/1984","S65E","NITRATE-N","mg/L",0.01
"06/27/1984","S65E","NITRATE-N","mg/L",0.02
"07/31/1984","S65E","NITRATE-N","mg/L",0.024
"08/22/1984","S65E","NITRATE-N","mg/L",0.018
"08/27/1984","S65E","NITRATE-N","mg/L",0.01
"09/10/1984","S65E","NITRATE-N","mg/L",0.012
"09/21/1984","S65E","NITRATE-N","mg/L",0.014
"09/25/1984","S65E","NITRATE-N","mg/L",0.043
"10/09/1984","S65E","NITRATE-N","mg/L",0.217
"10/23/1984","S65E","NITRATE-N","mg/L",0.207
"10/30/1984","S65E","NITRATE-N","mg/L",0.16
"11/06/1984","S65E","NITRATE-N","mg/L",0.119
"11/14/1984","S65E","NITRATE-N","mg/L",0.236
"12/04/1984","S65E","NITRATE-N","mg/L",0.217
"12/18/1984","S65E","NITRATE-N","mg/L",0.193
"12/27/1984","S65E","NITRATE-N","mg/L",0.157
"01/15/1985","S65E","NITRATE-N","mg/L",0.117
"01/24/1985","S65E","NITRATE-N","mg/L",0.142
"02/20/1985","S65E","NITRATE-N","mg/L",0.058
"02/26/1985","S65E","NITRATE-N","mg/L",0.047
"03/20/1985","S65E","NITRATE-N","mg/L",0.02
"03/26/1985","S65E","NITRATE-N","mg/L",0.048
"04/17/1985","S65E","NITRATE-N","mg/L",0.00466666666666667
"04/23/1985","S65E","NITRATE-N","mg/L",0.039
"05/06/1985","S65E","NITRATE-N","mg/L",-0.004
"05/16/1985","S65E","NITRATE-N","mg/L",-0.004
"05/20/1985","S65E","NITRATE-N","mg/L",0.007
"06/19/1985","S65E","NITRATE-N","mg/L",-0.004
"06/26/1985","S65E","NITRATE-N","mg/L",-0.004
"07/02/1985","S65E","NITRATE-N","mg/L",-0.004
"07/23/1985","S65E","NITRATE-N","mg/L",0.042
"07/30/1985","S65E","NITRATE-N","mg/L",0.111
"08/21/1985","S65E","NITRATE-N","mg/L",0.01
"08/27/1985","S65E","NITRATE-N","mg/L",0.032
"09/09/1985","S65E","NITRATE-N","mg/L",0.029
"09/19/1985","S65E","NITRATE-N","mg/L",0.047
"09/24/1985","S65E","NITRATE-N","mg/L",0.077
"10/08/1985","S65E","NITRATE-N","mg/L",0.093
"10/17/1985","S65E","NITRATE-N","mg/L",0.0763333333333333
"10/22/1985","S65E","NITRATE-N","mg/L",0.08
"11/05/1985","S65E","NITRATE-N","mg/L",0.244
"11/14/1985","S65E","NITRATE-N","mg/L",0.22
"12/03/1985","S65E","NITRATE-N","mg/L",0.235
"12/12/1985","S65E","NITRATE-N","mg/L",0.22
"01/14/1986","S65E","NITRATE-N","mg/L",0.16
"01/16/1986","S65E","NITRATE-N","mg/L",0.151
"01/28/1986","S65E","NITRATE-N","mg/L",-0.004
"02/12/1986","S65E","NITRATE-N","mg/L",-0.004
"02/18/1986","S65E","NITRATE-N","mg/L",-0.004
"02/25/1986","S65E","NITRATE-N","mg/L",-0.004
"03/18/1986","S65E","NITRATE-N","mg/L",0.027
"03/25/1986","S65E","NITRATE-N","mg/L",0.061
"04/08/1986","S65E","NITRATE-N","mg/L",-0.004
"04/15/1986","S65E","NITRATE-N","mg/L",-0.004
"04/22/1986","S65E","NITRATE-N","mg/L",-0.004
"05/06/1986","S65E","NITRATE-N","mg/L",0.009
"05/14/1986","S65E","NITRATE-N","mg/L",0.017
"05/20/1986","S65E","NITRATE-N","mg/L",0.012
"06/04/1986","S65E","NITRATE-N","mg/L",-0.004
"06/19/1986","S65E","NITRATE-N","mg/L",-0.004
"07/01/1986","S65E","NITRATE-N","mg/L",-0.004
"07/15/1986","S65E","NITRATE-N","mg/L",0.008
"07/29/1986","S65E","NITRATE-N","mg/L",0.012
"08/14/1986","S65E","NITRATE-N","mg/L",0.0165
"08/26/1986","S65E","NITRATE-N","mg/L",0.044
"09/09/1986","S65E","NITRATE-N","mg/L",0.005
"09/10/1986","S65E","NITRATE-N","mg/L",0.019
"09/23/1986","S65E","NITRATE-N","mg/L",0.028
"10/07/1986","S65E","NITRATE-N","mg/L",0.035
"10/09/1986","S65E","NITRATE-N","mg/L",0.04
"10/21/1986","S65E","NITRATE-N","mg/L",0.069
"11/04/1986","S65E","NITRATE-N","mg/L",0.204
"11/06/1986","S65E","NITRATE-N","mg/L",0.257
"11/18/1986","S65E","NITRATE-N","mg/L",0.201
"12/03/1986","S65E","NITRATE-N","mg/L",0.187
"12/04/1986","S65E","NITRATE-N","mg/L",0.202
"12/18/1986","S65E","NITRATE-N","mg/L",0.202
"01/07/1987","S65E","NITRATE-N","mg/L",0.089
"01/08/1987","S65E","NITRATE-N","mg/L",0.092
"01/15/1987","S65E","NITRATE-N","mg/L",0.006
"01/22/1987","S65E","NITRATE-N","mg/L",-0.004
"01/29/1987","S65E","NITRATE-N","mg/L",0.015
"02/03/1987","S65E","NITRATE-N","mg/L",-0.004
"02/05/1987","S65E","NITRATE-N","mg/L",0.012
"02/12/1987","S65E","NITRATE-N","mg/L",0.033
"02/18/1987","S65E","NITRATE-N","mg/L",0.032
"02/19/1987","S65E","NITRATE-N","mg/L",0.04
"02/26/1987","S65E","NITRATE-N","mg/L",0.074
"03/03/1987","S65E","NITRATE-N","mg/L",0.03
"03/05/1987","S65E","NITRATE-N","mg/L",0.038
"03/12/1987","S65E","NITRATE-N","mg/L",0.05
"03/17/1987","S65E","NITRATE-N","mg/L",0.015
"03/19/1987","S65E","NITRATE-N","mg/L",-0.004
"03/26/1987","S65E","NITRATE-N","mg/L",0.007
"03/31/1987","S65E","NITRATE-N","mg/L",0.042
"04/14/1987","S65E","NITRATE-N","mg/L",0.017
"04/22/1987","S65E","NITRATE-N","mg/L",0.01
"04/28/1987","S65E","NITRATE-N","mg/L",0.016
"05/11/1987","S65E","NITRATE-N","mg/L",0.024
"05/13/1987","S65E","NITRATE-N","mg/L",0.035
"05/20/1987","S65E","NITRATE-N","mg/L",0.061
"05/26/1987","S65E","NITRATE-N","mg/L",0.056
"06/01/1987","S65E","NITRATE-N","mg/L",0.026
"06/24/1987","S65E","NITRATE-N","mg/L",-0.004
"07/01/1987","S65E","NITRATE-N","mg/L",-0.004
"07/08/1987","S65E","NITRATE-N","mg/L",-0.004
"07/16/1987","S65E","NITRATE-N","mg/L",-0.004
"07/21/1987","S65E","NITRATE-N","mg/L",0.007
"08/04/1987","S65E","NITRATE-N","mg/L",-0.004
"08/12/1987","S65E","NITRATE-N","mg/L",-0.004
"08/18/1987","S65E","NITRATE-N","mg/L",0.024
"08/28/1987","S65E","NITRATE-N","mg/L",0.016
"09/09/1987","S65E","NITRATE-N","mg/L",-0.004
"09/29/1987","S65E","NITRATE-N","mg/L",0.005
"10/07/1987","S65E","NITRATE-N","mg/L",0.039
"10/13/1987","S65E","NITRATE-N","mg/L",0.115
"10/21/1987","S65E","NITRATE-N","mg/L",0.041
"10/28/1987","S65E","NITRATE-N","mg/L",0.051
"11/04/1987","S65E","NITRATE-N","mg/L",0.039
"11/10/1987","S65E","NITRATE-N","mg/L",0.041
"11/18/1987","S65E","NITRATE-N","mg/L",0.054
"11/24/1987","S65E","NITRATE-N","mg/L",0.041
"12/03/1987","S65E","NITRATE-N","mg/L",0.011
"12/08/1987","S65E","NITRATE-N","mg/L",0.022
"12/17/1987","S65E","NITRATE-N","mg/L",0.037
"12/22/1987","S65E","NITRATE-N","mg/L",0.039
"01/05/1988","S65E","NITRATE-N","mg/L",0.0615
"01/06/1988","S65E","NITRATE-N","mg/L",0.071
"01/12/1988","S65E","NITRATE-N","mg/L",0.056
"01/19/1988","S65E","NITRATE-N","mg/L",0.123
"01/21/1988","S65E","NITRATE-N","mg/L",0.113
"01/25/1988","S65E","NITRATE-N","mg/L",0.116
"02/01/1988","S65E","NITRATE-N","mg/L",0.084
"02/02/1988","S65E","NITRATE-N","mg/L",0.084
"02/04/1988","S65E","NITRATE-N","mg/L",0.079
"02/08/1988","S65E","NITRATE-N","mg/L",0.053
"02/16/1988","S65E","NITRATE-N","mg/L",0.064
"02/17/1988","S65E","NITRATE-N","mg/L",0.072
"02/18/1988","S65E","NITRATE-N","mg/L",0.077
"02/22/1988","S65E","NITRATE-N","mg/L",0.1
"02/25/1988","S65E","NITRATE-N","mg/L",0.066
"02/29/1988","S65E","NITRATE-N","mg/L",0.1
"03/01/1988","S65E","NITRATE-N","mg/L",0.094
"03/03/1988","S65E","NITRATE-N","mg/L",0.089
"03/07/1988","S65E","NITRATE-N","mg/L",0.081
"03/14/1988","S65E","NITRATE-N","mg/L",0.0855
"03/15/1988","S65E","NITRATE-N","mg/L",0.045
"03/21/1988","S65E","NITRATE-N","mg/L",0.133
"03/29/1988","S65E","NITRATE-N","mg/L",0.0085
"04/04/1988","S65E","NITRATE-N","mg/L",0.05
"04/11/1988","S65E","NITRATE-N","mg/L",0.044
"04/12/1988","S65E","NITRATE-N","mg/L",0.068
"04/18/1988","S65E","NITRATE-N","mg/L",0.065
"04/25/1988","S65E","NITRATE-N","mg/L",0.042
"04/26/1988","S65E","NITRATE-N","mg/L",0.035
"05/02/1988","S65E","NITRATE-N","mg/L",0.09
"05/09/1988","S65E","NITRATE-N","mg/L",0.0965
"05/10/1988","S65E","NITRATE-N","mg/L",0.091
"05/17/1988","S65E","NITRATE-N","mg/L",0.055
"05/23/1988","S65E","NITRATE-N","mg/L",0.006
"05/24/1988","S65E","NITRATE-N","mg/L",0.01
"06/01/1988","S65E","NITRATE-N","mg/L",0.042
"06/07/1988","S65E","NITRATE-N","mg/L",0.0655
"06/14/1988","S65E","NITRATE-N","mg/L",0.019
"06/20/1988","S65E","NITRATE-N","mg/L",0.065
"06/21/1988","S65E","NITRATE-N","mg/L",0.0155
"06/28/1988","S65E","NITRATE-N","mg/L",-0.004
"07/05/1988","S65E","NITRATE-N","mg/L",-0.004
"07/06/1988","S65E","NITRATE-N","mg/L",0.005
"07/12/1988","S65E","NITRATE-N","mg/L",-0.004
"07/18/1988","S65E","NITRATE-N","mg/L",0.006
"07/19/1988","S65E","NITRATE-N","mg/L",0
"07/25/1988","S65E","NITRATE-N","mg/L",-0.004
"08/02/1988","S65E","NITRATE-N","mg/L",0.01
"08/03/1988","S65E","NITRATE-N","mg/L",-0.004
"08/15/1988","S65E","NITRATE-N","mg/L",-0.004
"08/16/1988","S65E","NITRATE-N","mg/L",0.011
"08/17/1988","S65E","NITRATE-N","mg/L",0.009
"08/23/1988","S65E","NITRATE-N","mg/L",0.009
"08/29/1988","S65E","NITRATE-N","mg/L",0.021
"08/30/1988","S65E","NITRATE-N","mg/L",0.016
"09/07/1988","S65E","NITRATE-N","mg/L",0.019
"09/12/1988","S65E","NITRATE-N","mg/L",0.0285
"09/13/1988","S65E","NITRATE-N","mg/L",0.017
"09/19/1988","S65E","NITRATE-N","mg/L",-0.004
"09/26/1988","S65E","NITRATE-N","mg/L",-0.004
"09/27/1988","S65E","NITRATE-N","mg/L",-0.004
"10/03/1988","S65E","NITRATE-N","mg/L",0.004
"10/10/1988","S65E","NITRATE-N","mg/L",0.0255
"10/11/1988","S65E","NITRATE-N","mg/L",0.03
"10/17/1988","S65E","NITRATE-N","mg/L",0.049
"10/24/1988","S65E","NITRATE-N","mg/L",0.203
"10/25/1988","S65E","NITRATE-N","mg/L",0.1775
"10/31/1988","S65E","NITRATE-N","mg/L",0.184
"11/07/1988","S65E","NITRATE-N","mg/L",0.154
"11/21/1988","S65E","NITRATE-N","mg/L",0.202
"11/22/1988","S65E","NITRATE-N","mg/L",0.24
"12/05/1988","S65E","NITRATE-N","mg/L",0.402
"12/19/1988","S65E","NITRATE-N","mg/L",0.325
"01/03/1989","S65E","NITRATE-N","mg/L",0.2
"01/17/1989","S65E","NITRATE-N","mg/L",0.2415
"01/23/1989","S65E","NITRATE-N","mg/L",0.26
"01/30/1989","S65E","NITRATE-N","mg/L",0.2105
"01/31/1989","S65E","NITRATE-N","mg/L",0.182
"02/06/1989","S65E","NITRATE-N","mg/L",0.006
"02/13/1989","S65E","NITRATE-N","mg/L",0.0155
"02/14/1989","S65E","NITRATE-N","mg/L",0.004
"02/22/1989","S65E","NITRATE-N","mg/L",0.006
"02/27/1989","S65E","NITRATE-N","mg/L",0.019
"02/28/1989","S65E","NITRATE-N","mg/L",0.028
"03/09/1989","S65E","NITRATE-N","mg/L",0.06
"03/13/1989","S65E","NITRATE-N","mg/L",0.016
"03/15/1989","S65E","NITRATE-N","mg/L",0.026
"03/16/1989","S65E","NITRATE-N","mg/L",0.016
"03/21/1989","S65E","NITRATE-N","mg/L",-0.004
"03/27/1989","S65E","NITRATE-N","mg/L",-0.004
"03/28/1989","S65E","NITRATE-N","mg/L",0.005
"04/10/1989","S65E","NITRATE-N","mg/L",-0.004
"04/11/1989","S65E","NITRATE-N","mg/L",-0.004
"04/17/1989","S65E","NITRATE-N","mg/L",-0.004
"04/24/1989","S65E","NITRATE-N","mg/L",-0.004
"04/25/1989","S65E","NITRATE-N","mg/L",0.006
"04/26/1989","S65E","NITRATE-N","mg/L",-0.004
"05/01/1989","S65E","NITRATE-N","mg/L",-0.004
"05/08/1989","S65E","NITRATE-N","mg/L",0.0775
"05/10/1989","S65E","NITRATE-N","mg/L",0.027
"05/16/1989","S65E","NITRATE-N","mg/L",-0.004
"05/22/1989","S65E","NITRATE-N","mg/L",-0.004
"05/24/1989","S65E","NITRATE-N","mg/L",0.013
"05/30/1989","S65E","NITRATE-N","mg/L",-0.004
"06/05/1989","S65E","NITRATE-N","mg/L",0.0045
"06/12/1989","S65E","NITRATE-N","mg/L",-0.004
"06/19/1989","S65E","NITRATE-N","mg/L",0
"06/21/1989","S65E","NITRATE-N","mg/L",0.004
"06/26/1989","S65E","NITRATE-N","mg/L",-0.004
"07/03/1989","S65E","NITRATE-N","mg/L",-0.004
"07/05/1989","S65E","NITRATE-N","mg/L",-0.004
"07/11/1989","S65E","NITRATE-N","mg/L",-0.004
"07/17/1989","S65E","NITRATE-N","mg/L",-0.004
"07/18/1989","S65E","NITRATE-N","mg/L",-0.004
"07/19/1989","S65E","NITRATE-N","mg/L",-0.004
"07/25/1989","S65E","NITRATE-N","mg/L",0.005
"07/31/1989","S65E","NITRATE-N","mg/L",-0.004
"08/02/1989","S65E","NITRATE-N","mg/L",0.005
"08/08/1989","S65E","NITRATE-N","mg/L",-0.004
"08/14/1989","S65E","NITRATE-N","mg/L",-0.004
"08/15/1989","S65E","NITRATE-N","mg/L",-0.004
"08/22/1989","S65E","NITRATE-N","mg/L",0.009
"08/28/1989","S65E","NITRATE-N","mg/L",0.007
"08/29/1989","S65E","NITRATE-N","mg/L",0.0015
"09/05/1989","S65E","NITRATE-N","mg/L",0.007
"09/12/1989","S65E","NITRATE-N","mg/L",-0.004
"09/13/1989","S65E","NITRATE-N","mg/L",0.008
"09/19/1989","S65E","NITRATE-N","mg/L",0.013
"09/25/1989","S65E","NITRATE-N","mg/L",0.058
"09/27/1989","S65E","NITRATE-N","mg/L",0.052
"10/03/1989","S65E","NITRATE-N","mg/L",0.067
"10/09/1989","S65E","NITRATE-N","mg/L",0.0685
"10/11/1989","S65E","NITRATE-N","mg/L",0.055
"10/17/1989","S65E","NITRATE-N","mg/L",0.044
"10/23/1989","S65E","NITRATE-N","mg/L",0.0465
"10/24/1989","S65E","NITRATE-N","mg/L",0.058
"10/30/1989","S65E","NITRATE-N","mg/L",0.059
"11/06/1989","S65E","NITRATE-N","mg/L",0.0825
"11/08/1989","S65E","NITRATE-N","mg/L",0.075
"11/13/1989","S65E","NITRATE-N","mg/L",0.096
"11/20/1989","S65E","NITRATE-N","mg/L",0.148
"11/22/1989","S65E","NITRATE-N","mg/L",0.183
"11/27/1989","S65E","NITRATE-N","mg/L",0.255
"12/04/1989","S65E","NITRATE-N","mg/L",0.2355
"12/11/1989","S65E","NITRATE-N","mg/L",0.243
"12/18/1989","S65E","NITRATE-N","mg/L",0.235
"12/19/1989","S65E","NITRATE-N","mg/L",0.229
"12/26/1989","S65E","NITRATE-N","mg/L",0.23
"01/02/1990","S65E","NITRATE-N","mg/L",0.254
"01/03/1990","S65E","NITRATE-N","mg/L",0.243
"01/09/1990","S65E","NITRATE-N","mg/L",0.219
"01/16/1990","S65E","NITRATE-N","mg/L",0.2145
"01/23/1990","S65E","NITRATE-N","mg/L",0.006
"01/30/1990","S65E","NITRATE-N","mg/L",-0.004
"02/06/1990","S65E","NITRATE-N","mg/L",-0.004
"02/13/1990","S65E","NITRATE-N","mg/L",-0.004
"02/20/1990","S65E","NITRATE-N","mg/L",0.008
"02/27/1990","S65E","NITRATE-N","mg/L",0.028
"02/28/1990","S65E","NITRATE-N","mg/L",0.043
"03/16/1990","S65E","NITRATE-N","mg/L",-0.004
"03/26/1990","S65E","NITRATE-N","mg/L",0.014
"03/27/1990","S65E","NITRATE-N","mg/L",0.014
"04/03/1990","S65E","NITRATE-N","mg/L",0.009
"04/10/1990","S65E","NITRATE-N","mg/L",0.109
"04/11/1990","S65E","NITRATE-N","mg/L",0.118
"04/17/1990","S65E","NITRATE-N","mg/L",0.059
"04/23/1990","S65E","NITRATE-N","mg/L",-0.004
"04/24/1990","S65E","NITRATE-N","mg/L",-0.004
"04/30/1990","S65E","NITRATE-N","mg/L",0.011
"05/07/1990","S65E","NITRATE-N","mg/L",-0.004
"05/14/1990","S65E","NITRATE-N","mg/L",-0.004
"05/21/1990","S65E","NITRATE-N","mg/L",0.002
"05/29/1990","S65E","NITRATE-N","mg/L",-0.004
"06/05/1990","S65E","NITRATE-N","mg/L",-0.004
"06/12/1990","S65E","NITRATE-N","mg/L",-0.004
"06/18/1990","S65E","NITRATE-N","mg/L",-0.004
"06/25/1990","S65E","NITRATE-N","mg/L",-0.004
"07/02/1990","S65E","NITRATE-N","mg/L",-0.004
"07/03/1990","S65E","NITRATE-N","mg/L",-0.004
"07/09/1990","S65E","NITRATE-N","mg/L",-0.004
"07/16/1990","S65E","NITRATE-N","mg/L",0.0135
"07/23/1990","S65E","NITRATE-N","mg/L",0.037
"07/30/1990","S65E","NITRATE-N","mg/L",0.033
"08/06/1990","S65E","NITRATE-N","mg/L",0.029
"08/13/1990","S65E","NITRATE-N","mg/L",0.023
"08/20/1990","S65E","NITRATE-N","mg/L",0.025
"08/27/1990","S65E","NITRATE-N","mg/L",0.111
"09/04/1990","S65E","NITRATE-N","mg/L",0.031
"09/10/1990","S65E","NITRATE-N","mg/L",0.007
"09/17/1990","S65E","NITRATE-N","mg/L",0.05
"09/24/1990","S65E","NITRATE-N","mg/L",0.0595
"10/01/1990","S65E","NITRATE-N","mg/L",0.037
"10/08/1990","S65E","NITRATE-N","mg/L",0.056
"10/09/1990","S65E","NITRATE-N","mg/L",0.035
"10/16/1990","S65E","NITRATE-N","mg/L",0.048
"10/22/1990","S65E","NITRATE-N","mg/L",0.03
"10/31/1990","S65E","NITRATE-N","mg/L",0.053
"11/05/1990","S65E","NITRATE-N","mg/L",0.07
"11/06/1990","S65E","NITRATE-N","mg/L",0.089
"11/13/1990","S65E","NITRATE-N","mg/L",0.077
"11/19/1990","S65E","NITRATE-N","mg/L",0.096
"11/20/1990","S65E","NITRATE-N","mg/L",0.111
"11/26/1990","S65E","NITRATE-N","mg/L",0.239
"12/03/1990","S65E","NITRATE-N","mg/L",0.223
"12/10/1990","S65E","NITRATE-N","mg/L",0.228
"12/17/1990","S65E","NITRATE-N","mg/L",0.204
"12/18/1990","S65E","NITRATE-N","mg/L",0.213
"12/26/1990","S65E","NITRATE-N","mg/L",0.251
"12/31/1990","S65E","NITRATE-N","mg/L",0.248
"01/07/1991","S65E","NITRATE-N","mg/L",0.251
"01/14/1991","S65E","NITRATE-N","mg/L",0.227
"01/17/1991","S65E","NITRATE-N","mg/L",0.257
"01/22/1991","S65E","NITRATE-N","mg/L",0.289
"01/28/1991","S65E","NITRATE-N","mg/L",0.2835
"02/04/1991","S65E","NITRATE-N","mg/L",0.246
"02/11/1991","S65E","NITRATE-N","mg/L",0.209
"02/19/1991","S65E","NITRATE-N","mg/L",0.235
"02/25/1991","S65E","NITRATE-N","mg/L",0.218
"02/26/1991","S65E","NITRATE-N","mg/L",0.214
"03/04/1991","S65E","NITRATE-N","mg/L",0.228
"03/11/1991","S65E","NITRATE-N","mg/L",0.2365
"03/18/1991","S65E","NITRATE-N","mg/L",0.158
"03/25/1991","S65E","NITRATE-N","mg/L",0.1405
"04/01/1991","S65E","NITRATE-N","mg/L",0.169
"04/08/1991","S65E","NITRATE-N","mg/L",0.22
"04/15/1991","S65E","NITRATE-N","mg/L",0.17
"04/22/1991","S65E","NITRATE-N","mg/L",0.1415
"04/29/1991","S65E","NITRATE-N","mg/L",0.004
"05/06/1991","S65E","NITRATE-N","mg/L",0.0055
"05/13/1991","S65E","NITRATE-N","mg/L",-0.004
"05/20/1991","S65E","NITRATE-N","mg/L",0
"05/28/1991","S65E","NITRATE-N","mg/L",0.005
"06/03/1991","S65E","NITRATE-N","mg/L",0.009
"06/10/1991","S65E","NITRATE-N","mg/L",0.023
"06/17/1991","S65E","NITRATE-N","mg/L",0.015
"06/18/1991","S65E","NITRATE-N","mg/L",0.007
"06/24/1991","S65E","NITRATE-N","mg/L",0.007
"07/01/1991","S65E","NITRATE-N","mg/L",0.0015
"07/08/1991","S65E","NITRATE-N","mg/L",-0.004
"07/15/1991","S65E","NITRATE-N","mg/L",0.023
"07/22/1991","S65E","NITRATE-N","mg/L",0.019
"07/29/1991","S65E","NITRATE-N","mg/L",0.005
"08/05/1991","S65E","NITRATE-N","mg/L",0.022
"08/12/1991","S65E","NITRATE-N","mg/L",0.029
"08/19/1991","S65E","NITRATE-N","mg/L",0.023
"08/26/1991","S65E","NITRATE-N","mg/L",0.0545
"08/28/1991","S65E","NITRATE-N","mg/L",0.048
"09/03/1991","S65E","NITRATE-N","mg/L",0.045
"09/09/1991","S65E","NITRATE-N","mg/L",0.063
"09/17/1991","S65E","NITRATE-N","mg/L",0.026
"09/23/1991","S65E","NITRATE-N","mg/L",0.027
"09/30/1991","S65E","NITRATE-N","mg/L",-0.004
"10/07/1991","S65E","NITRATE-N","mg/L",0.05
"10/14/1991","S65E","NITRATE-N","mg/L",0.041
"10/21/1991","S65E","NITRATE-N","mg/L",0.069
"10/28/1991","S65E","NITRATE-N","mg/L",0.078
"11/04/1991","S65E","NITRATE-N","mg/L",0.156
"11/18/1991","S65E","NITRATE-N","mg/L",0.187
"11/20/1991","S65E","NITRATE-N","mg/L",0.906
"11/25/1991","S65E","NITRATE-N","mg/L",0.182
"12/02/1991","S65E","NITRATE-N","mg/L",0.2025
"12/09/1991","S65E","NITRATE-N","mg/L",0.211
"12/16/1991","S65E","NITRATE-N","mg/L",0.7805
"12/23/1991","S65E","NITRATE-N","mg/L",0.205
"12/30/1991","S65E","NITRATE-N","mg/L",0.1835
"01/06/1992","S65E","NITRATE-N","mg/L",0.169
"01/13/1992","S65E","NITRATE-N","mg/L",0.1755
"01/21/1992","S65E","NITRATE-N","mg/L",0.145
"01/27/1992","S65E","NITRATE-N","mg/L",0.1155
"02/03/1992","S65E","NITRATE-N","mg/L",0.125
"02/10/1992","S65E","NITRATE-N","mg/L",0.088
"02/11/1992","S65E","NITRATE-N","mg/L",0.182
"02/19/1992","S65E","NITRATE-N","mg/L",0.149
"02/24/1992","S65E","NITRATE-N","mg/L",0.098
"02/27/1992","S65E","NITRATE-N","mg/L",0.142
"03/02/1992","S65E","NITRATE-N","mg/L",0.128
"03/09/1992","S65E","NITRATE-N","mg/L",0.052
"03/11/1992","S65E","NITRATE-N","mg/L",0.046
"03/16/1992","S65E","NITRATE-N","mg/L",0.068
"03/23/1992","S65E","NITRATE-N","mg/L",0.068
"03/26/1992","S65E","NITRATE-N","mg/L",0.029
"03/30/1992","S65E","NITRATE-N","mg/L",0.057
"04/06/1992","S65E","NITRATE-N","mg/L",0.033
"04/07/1992","S65E","NITRATE-N","mg/L",0.011
"04/13/1992","S65E","NITRATE-N","mg/L",0.05
"04/20/1992","S65E","NITRATE-N","mg/L",-0.004
"04/21/1992","S65E","NITRATE-N","mg/L",0.675
"04/27/1992","S65E","NITRATE-N","mg/L",-0.004
"05/04/1992","S65E","NITRATE-N","mg/L",-0.004
"05/05/1992","S65E","NITRATE-N","mg/L",-0.004
"05/11/1992","S65E","NITRATE-N","mg/L",-0.004
"05/18/1992","S65E","NITRATE-N","mg/L",-0.004
"05/19/1992","S65E","NITRATE-N","mg/L",-0.004
"05/26/1992","S65E","NITRATE-N","mg/L",-0.004
"06/01/1992","S65E","NITRATE-N","mg/L",-0.004
"06/02/1992","S65E","NITRATE-N","mg/L",0.007
"06/08/1992","S65E","NITRATE-N","mg/L",-0.004
"06/15/1992","S65E","NITRATE-N","mg/L",-0.004
"06/16/1992","S65E","NITRATE-N","mg/L",0.242
"06/22/1992","S65E","NITRATE-N","mg/L",-0.004
"06/29/1992","S65E","NITRATE-N","mg/L",0.019
"06/30/1992","S65E","NITRATE-N","mg/L",0.034
"07/08/1992","S65E","NITRATE-N","mg/L",-0.004
"07/13/1992","S65E","NITRATE-N","mg/L",0.017
"07/14/1992","S65E","NITRATE-N","mg/L",-0.004
"07/21/1992","S65E","NITRATE-N","mg/L",-0.004
"07/27/1992","S65E","NITRATE-N","mg/L",-0.004
"07/28/1992","S65E","NITRATE-N","mg/L",0.013
"08/11/1992","S65E","NITRATE-N","mg/L",-0.004
"08/17/1992","S65E","NITRATE-N","mg/L",0.03
"08/25/1992","S65E","NITRATE-N","mg/L",0.009
"08/26/1992","S65E","NITRATE-N","mg/L",0.021
"08/31/1992","S65E","NITRATE-N","mg/L",-0.004
"09/10/1992","S65E","NITRATE-N","mg/L",-0.004
"09/15/1992","S65E","NITRATE-N","mg/L",0.008
"09/21/1992","S65E","NITRATE-N","mg/L",0.004
"09/22/1992","S65E","NITRATE-N","mg/L",0.006
"09/28/1992","S65E","NITRATE-N","mg/L",-0.004
"10/06/1992","S65E","NITRATE-N","mg/L",0.0788571428571429
"10/13/1992","S65E","NITRATE-N","mg/L",0.055
"10/20/1992","S65E","NITRATE-N","mg/L",0.0864285714285714
"10/27/1992","S65E","NITRATE-N","mg/L",0.054
"11/03/1992","S65E","NITRATE-N","mg/L",0.103714285714286
"11/10/1992","S65E","NITRATE-N","mg/L",0.084
"11/17/1992","S65E","NITRATE-N","mg/L",0.155
"11/18/1992","S65E","NITRATE-N","mg/L",0.1275
"11/23/1992","S65E","NITRATE-N","mg/L",0.237
"12/02/1992","S65E","NITRATE-N","mg/L",0.228
"12/03/1992","S65E","NITRATE-N","mg/L",0.228
"12/08/1992","S65E","NITRATE-N","mg/L",0.17
"12/15/1992","S65E","NITRATE-N","mg/L",0.063
"12/22/1992","S65E","NITRATE-N","mg/L",-0.004
"12/29/1992","S65E","NITRATE-N","mg/L",-0.004
"12/30/1992","S65E","NITRATE-N","mg/L",-0.004
"01/06/1993","S65E","NITRATE-N","mg/L",0.041
"01/11/1993","S65E","NITRATE-N","mg/L",0.0065
"01/13/1993","S65E","NITRATE-N","mg/L",-0.004
"01/21/1993","S65E","NITRATE-N","mg/L",0.023
"01/27/1993","S65E","NITRATE-N","mg/L",0.0255
"02/03/1993","S65E","NITRATE-N","mg/L",0.029
"02/08/1993","S65E","NITRATE-N","mg/L",0.021
"02/10/1993","S65E","NITRATE-N","mg/L",0.031
"02/18/1993","S65E","NITRATE-N","mg/L",0.120833333333333
"02/23/1993","S65E","NITRATE-N","mg/L",0.012
"02/24/1993","S65E","NITRATE-N","mg/L",0.01
"03/03/1993","S65E","NITRATE-N","mg/L",0.028
"03/08/1993","S65E","NITRATE-N","mg/L",0.0481666666666667
"03/10/1993","S65E","NITRATE-N","mg/L",-0.004
"03/17/1993","S65E","NITRATE-N","mg/L",0.043
"03/23/1993","S65E","NITRATE-N","mg/L",0.0455
"03/25/1993","S65E","NITRATE-N","mg/L",0.039
"03/30/1993","S65E","NITRATE-N","mg/L",0.013
"04/06/1993","S65E","NITRATE-N","mg/L",0.0648333333333333
"04/20/1993","S65E","NITRATE-N","mg/L",0.035
"05/04/1993","S65E","NITRATE-N","mg/L",0.05025
"05/18/1993","S65E","NITRATE-N","mg/L",-0.004
"05/20/1993","S65E","NITRATE-N","mg/L",0.01
"06/01/1993","S65E","NITRATE-N","mg/L",0.005
"06/02/1993","S65E","NITRATE-N","mg/L",0.071
"06/15/1993","S65E","NITRATE-N","mg/L",0.02
"06/26/1993","S65E","NITRATE-N","mg/L",-0.004
"06/29/1993","S65E","NITRATE-N","mg/L",-0.004
"07/13/1993","S65E","NITRATE-N","mg/L",0.004
"07/27/1993","S65E","NITRATE-N","mg/L",-0.004
"08/10/1993","S65E","NITRATE-N","mg/L",-0.004
"08/17/1993","S65E","NITRATE-N","mg/L",-0.004
"08/24/1993","S65E","NITRATE-N","mg/L",-0.004
"09/07/1993","S65E","NITRATE-N","mg/L",0.004
"09/21/1993","S65E","NITRATE-N","mg/L",-0.004
"10/05/1993","S65E","NITRATE-N","mg/L",0.009
"10/19/1993","S65E","NITRATE-N","mg/L",0.04
"11/02/1993","S65E","NITRATE-N","mg/L",0.046
"11/16/1993","S65E","NITRATE-N","mg/L",0.1235
"12/01/1993","S65E","NITRATE-N","mg/L",0.144
"12/14/1993","S65E","NITRATE-N","mg/L",0.2182
"12/28/1993","S65E","NITRATE-N","mg/L",0.275
"01/11/1994","S65E","NITRATE-N","mg/L",0.299
"01/19/1994","S65E","NITRATE-N","mg/L",0.309
"01/25/1994","S65E","NITRATE-N","mg/L",0.31
"02/08/1994","S65E","NITRATE-N","mg/L",0.299
"02/15/1994","S65E","NITRATE-N","mg/L",0.263
"02/22/1994","S65E","NITRATE-N","mg/L",0.241
"03/08/1994","S65E","NITRATE-N","mg/L",0.137
"03/15/1994","S65E","NITRATE-N","mg/L",0.168
"03/22/1994","S65E","NITRATE-N","mg/L",-0.004
"04/05/1994","S65E","NITRATE-N","mg/L",-0.004
"04/12/1994","S65E","NITRATE-N","mg/L",-0.004
"04/19/1994","S65E","NITRATE-N","mg/L",0.004
"05/03/1994","S65E","NITRATE-N","mg/L",-0.004
"05/17/1994","S65E","NITRATE-N","mg/L",0.0368
"05/31/1994","S65E","NITRATE-N","mg/L",-0.004
"06/14/1994","S65E","NITRATE-N","mg/L",0.006
"06/28/1994","S65E","NITRATE-N","mg/L",0.003
"07/12/1994","S65E","NITRATE-N","mg/L",0.029
"07/19/1994","S65E","NITRATE-N","mg/L",0.013
"07/26/1994","S65E","NITRATE-N","mg/L",0.01
"08/03/1994","S65E","NITRATE-N","mg/L",0.017
"08/09/1994","S65E","NITRATE-N","mg/L",0.016
"08/23/1994","S65E","NITRATE-N","mg/L",0.038
"09/20/1994","S65E","NITRATE-N","mg/L",0.035
"10/04/1994","S65E","NITRATE-N","mg/L",0.028
"10/18/1994","S65E","NITRATE-N","mg/L",0.054
"11/01/1994","S65E","NITRATE-N","mg/L",0.047
"11/15/1994","S65E","NITRATE-N","mg/L",0.051
"11/29/1994","S65E","NITRATE-N","mg/L",0.102
"12/13/1994","S65E","NITRATE-N","mg/L",0.106
"12/27/1994","S65E","NITRATE-N","mg/L",0.171
"01/10/1995","S65E","NITRATE-N","mg/L",0.138
"01/24/1995","S65E","NITRATE-N","mg/L",0.125
"02/21/1995","S65E","NITRATE-N","mg/L",0.092
"03/07/1995","S65E","NITRATE-N","mg/L",0.151
"03/21/1995","S65E","NITRATE-N","mg/L",0.088
"04/04/1995","S65E","NITRATE-N","mg/L",0.03
"04/18/1995","S65E","NITRATE-N","mg/L",0.021
"05/02/1995","S65E","NITRATE-N","mg/L",0.022
"05/16/1995","S65E","NITRATE-N","mg/L",-0.004
"05/30/1995","S65E","NITRATE-N","mg/L",0.006
"06/13/1995","S65E","NITRATE-N","mg/L",-0.004
"06/27/1995","S65E","NITRATE-N","mg/L",-0.004
"07/11/1995","S65E","NITRATE-N","mg/L",-0.004
"07/25/1995","S65E","NITRATE-N","mg/L",0.016
"08/08/1995","S65E","NITRATE-N","mg/L",0.007
"08/22/1995","S65E","NITRATE-N","mg/L",0.015
"09/05/1995","S65E","NITRATE-N","mg/L",0.033
"09/19/1995","S65E","NITRATE-N","mg/L",0.05
"10/03/1995","S65E","NITRATE-N","mg/L",0.08
"10/17/1995","S65E","NITRATE-N","mg/L",0.06
"10/31/1995","S65E","NITRATE-N","mg/L",0.08
"11/14/1995","S65E","NITRATE-N","mg/L",0.078
"11/28/1995","S65E","NITRATE-N","mg/L",-0.015
"12/12/1995","S65E","NITRATE-N","mg/L",0.062
"12/26/1995","S65E","NITRATE-N","mg/L",0.078
"01/09/1996","S65E","NITRATE-N","mg/L",0.114
"01/23/1996","S65E","NITRATE-N","mg/L",0.062
"02/06/1996","S65E","NITRATE-N","mg/L",0.03
"02/20/1996","S65E","NITRATE-N","mg/L",-0.00675
"03/05/1996","S65E","NITRATE-N","mg/L",0.0285
"03/19/1996","S65E","NITRATE-N","mg/L",0.06225
"04/02/1996","S65E","NITRATE-N","mg/L",0.0195
"04/16/1996","S65E","NITRATE-N","mg/L",0.0785
"04/30/1996","S65E","NITRATE-N","mg/L",0.0878
"05/14/1996","S65E","NITRATE-N","mg/L",0.1025
"05/20/1996","S65E","NITRATE-N","mg/L",0.088
"05/28/1996","S65E","NITRATE-N","mg/L",-0.0065
"06/11/1996","S65E","NITRATE-N","mg/L",0.01275
"06/25/1996","S65E","NITRATE-N","mg/L",-0.015
"07/09/1996","S65E","NITRATE-N","mg/L",0.044
"07/23/1996","S65E","NITRATE-N","mg/L",-0.015
"08/06/1996","S65E","NITRATE-N","mg/L",0.001
"08/20/1996","S65E","NITRATE-N","mg/L",0.0055
"09/03/1996","S65E","NITRATE-N","mg/L",-0.015
"09/17/1996","S65E","NITRATE-N","mg/L",0.0025
"10/01/1996","S65E","NITRATE-N","mg/L",0.021
"10/15/1996","S65E","NITRATE-N","mg/L",0.034
"10/29/1996","S65E","NITRATE-N","mg/L",0.037
"11/04/1996","S65E","NITRATE-N","mg/L",0.073
"11/12/1996","S65E","NITRATE-N","mg/L",0.0666
"11/26/1996","S65E","NITRATE-N","mg/L",0.0928
"12/10/1996","S65E","NITRATE-N","mg/L",0.1315
"12/26/1996","S65E","NITRATE-N","mg/L",0.135
"01/07/1997","S65E","NITRATE-N","mg/L",0.02
"01/21/1997","S65E","NITRATE-N","mg/L",0.1088
"02/05/1997","S65E","NITRATE-N","mg/L",-0.015
"02/18/1997","S65E","NITRATE-N","mg/L",-0.0074
"02/24/1997","S65E","NITRATE-N","mg/L",0.018
"03/04/1997","S65E","NITRATE-N","mg/L",-0.015
"03/18/1997","S65E","NITRATE-N","mg/L",0.083
"04/01/1997","S65E","NITRATE-N","mg/L",0.007
"05/13/1997","S65E","NITRATE-N","mg/L",-0.015
"05/19/1997","S65E","NITRATE-N","mg/L",-0.015
"07/08/1997","S65E","NITRATE-N","mg/L",-0.015
"08/05/1997","S65E","NITRATE-N","mg/L",-0.015
"08/28/1997","S65E","NITRATE-N","mg/L",-0.015
"09/02/1997","S65E","NITRATE-N","mg/L",-0.015
"09/16/1997","S65E","NITRATE-N","mg/L",0.038
"09/30/1997","S65E","NITRATE-N","mg/L",0.029
"10/14/1997","S65E","NITRATE-N","mg/L",0.074
"10/28/1997","S65E","NITRATE-N","mg/L",0.07
"11/12/1997","S65E","NITRATE-N","mg/L",0.134
"11/17/1997","S65E","NITRATE-N","mg/L",0.074
"11/25/1997","S65E","NITRATE-N","mg/L",0.031
"12/09/1997","S65E","NITRATE-N","mg/L",0.067
"12/23/1997","S65E","NITRATE-N","mg/L",0.028
"01/06/1998","S65E","NITRATE-N","mg/L",0.08
"01/20/1998","S65E","NITRATE-N","mg/L",0.109
"02/03/1998","S65E","NITRATE-N","mg/L",0.093
"02/17/1998","S65E","NITRATE-N","mg/L",0.112
"02/18/1998","S65E","NITRATE-N","mg/L",0.109
"03/03/1998","S65E","NITRATE-N","mg/L",0.126
"03/17/1998","S65E","NITRATE-N","mg/L",0.068
"03/31/1998","S65E","NITRATE-N","mg/L",0.064
"04/14/1998","S65E","NITRATE-N","mg/L",0.129
"04/28/1998","S65E","NITRATE-N","mg/L",0.105
"05/12/1998","S65E","NITRATE-N","mg/L",0.097
"05/18/1998","S65E","NITRATE-N","mg/L",0.096
"05/26/1998","S65E","NITRATE-N","mg/L",0.131
"06/09/1998","S65E","NITRATE-N","mg/L",0.039
"06/23/1998","S65E","NITRATE-N","mg/L",-0.015
"07/07/1998","S65E","NITRATE-N","mg/L",-0.015
"07/21/1998","S65E","NITRATE-N","mg/L",0.017
"08/04/1998","S65E","NITRATE-N","mg/L",-0.015
"08/18/1998","S65E","NITRATE-N","mg/L",-0.015
"08/24/1998","S65E","NITRATE-N","mg/L",0.02
"09/01/1998","S65E","NITRATE-N","mg/L",-0.015
"09/10/1998","S65E","NITRATE-N","mg/L",0.006
"09/15/1998","S65E","NITRATE-N","mg/L",0.027
"09/29/1998","S65E","NITRATE-N","mg/L",0.034
"10/13/1998","S65E","NITRATE-N","mg/L",-0.015
"10/27/1998","S65E","NITRATE-N","mg/L",0.041
"11/09/1998","S65E","NITRATE-N","mg/L",0.064
"11/24/1998","S65E","NITRATE-N","mg/L",0.048
"12/08/1998","S65E","NITRATE-N","mg/L",0.084
"12/22/1998","S65E","NITRATE-N","mg/L",0.137
"01/05/1999","S65E","NITRATE-N","mg/L",0.176
"01/19/1999","S65E","NITRATE-N","mg/L",0.156
"01/25/1999","S65E","NITRATE-N","mg/L",0.169
"02/02/1999","S65E","NITRATE-N","mg/L",0.17
"02/16/1999","S65E","NITRATE-N","mg/L",0.155
"03/02/1999","S65E","NITRATE-N","mg/L",0.073
"03/16/1999","S65E","NITRATE-N","mg/L",0.0958
"03/30/1999","S65E","NITRATE-N","mg/L",0.14
"04/13/1999","S65E","NITRATE-N","mg/L",-0.004
"04/19/1999","S65E","NITRATE-N","mg/L",0.023
"05/25/1999","S65E","NITRATE-N","mg/L",-0.004
"07/06/1999","S65E","NITRATE-N","mg/L",0.014
"08/03/1999","S65E","NITRATE-N","mg/L",0.008
"08/17/1999","S65E","NITRATE-N","mg/L",0.007
"09/16/1999","S65E","NITRATE-N","mg/L",0.006
"09/28/1999","S65E","NITRATE-N","mg/L",0.01
"10/12/1999","S65E","NITRATE-N","mg/L",0.016
"10/18/1999","S65E","NITRATE-N","mg/L",0.043
"10/26/1999","S65E","NITRATE-N","mg/L",0.008
"11/09/1999","S65E","NITRATE-N","mg/L",0.026
"11/23/1999","S65E","NITRATE-N","mg/L",0.058
"12/21/1999","S65E","NITRATE-N","mg/L",0.242
"01/04/2000","S65E","NITRATE-N","mg/L",0.0506666666666667
"01/18/2000","S65E","NITRATE-N","mg/L",0.032
"01/24/2000","S65E","NITRATE-N","mg/L",0.032
"02/01/2000","S65E","NITRATE-N","mg/L",0.028
"03/14/2000","S65E","NITRATE-N","mg/L",0.027
"05/09/2000","S65E","NITRATE-N","mg/L",0.011
"08/15/2000","S65E","NITRATE-N","mg/L",0.009
"08/29/2000","S65E","NITRATE-N","mg/L",0.039
"09/12/2000","S65E","NITRATE-N","mg/L",0.09
"09/26/2000","S65E","NITRATE-N","mg/L",0.026
"10/10/2000","S65E","NITRATE-N","mg/L",0.136
"10/16/2000","S65E","NITRATE-N","mg/L",0.31
"10/24/2000","S65E","NITRATE-N","mg/L",0.311
"11/07/2000","S65E","NITRATE-N","mg/L",0.317
"11/21/2000","S65E","NITRATE-N","mg/L",0.315
"12/05/2000","S65E","NITRATE-N","mg/L",0.371
"12/19/2000","S65E","NITRATE-N","mg/L",0.356
"01/02/2001","S65E","NITRATE-N","mg/L",0.38
"01/16/2001","S65E","NITRATE-N","mg/L",0.364
"01/22/2001","S65E","NITRATE-N","mg/L",0.389
"01/30/2001","S65E","NITRATE-N","mg/L",0.376
"02/13/2001","S65E","NITRATE-N","mg/L",0.382
"02/27/2001","S65E","NITRATE-N","mg/L",0.317
"03/13/2001","S65E","NITRATE-N","mg/L",0.359
"03/27/2001","S65E","NITRATE-N","mg/L",0.328
"04/10/2001","S65E","NITRATE-N","mg/L",0.333
"04/16/2001","S65E","NITRATE-N","mg/L",0.278
"04/24/2001","S65E","NITRATE-N","mg/L",0.359
"05/08/2001","S65E","NITRATE-N","mg/L",0.268
"05/22/2001","S65E","NITRATE-N","mg/L",0.041
"06/05/2001","S65E","NITRATE-N","mg/L",0.024
"07/03/2001","S65E","NITRATE-N","mg/L",0.0186666666666667
"07/16/2001","S65E","NITRATE-N","mg/L",0.014
"07/17/2001","S65E","NITRATE-N","mg/L",0.028
"07/31/2001","S65E","NITRATE-N","mg/L",0.014
"08/28/2001","S65E","NITRATE-N","mg/L",0.005
"09/11/2001","S65E","NITRATE-N","mg/L",0.00133333333333333
"10/08/2001","S65E","NITRATE-N","mg/L",0.009
"10/09/2001","S65E","NITRATE-N","mg/L",0.016
"11/06/2001","S65E","NITRATE-N","mg/L",0.031
"11/20/2001","S65E","NITRATE-N","mg/L",0.03
"12/04/2001","S65E","NITRATE-N","mg/L",0.048
"12/18/2001","S65E","NITRATE-N","mg/L",0.1
"01/02/2002","S65E","NITRATE-N","mg/L",0.146
"01/15/2002","S65E","NITRATE-N","mg/L",0.143
"01/29/2002","S65E","NITRATE-N","mg/L",0.049
"02/12/2002","S65E","NITRATE-N","mg/L",0.144
"02/26/2002","S65E","NITRATE-N","mg/L",0.155
"03/12/2002","S65E","NITRATE-N","mg/L",0.078
"03/18/2002","S65E","NITRATE-N","mg/L",0.03
"03/26/2002","S65E","NITRATE-N","mg/L",0.037
"04/09/2002","S65E","NITRATE-N","mg/L",0.036
"07/02/2002","S65E","NITRATE-N","mg/L",-0.004
"07/16/2002","S65E","NITRATE-N","mg/L",0.012
"07/30/2002","S65E","NITRATE-N","mg/L",-0.004
"08/27/2002","S65E","NITRATE-N","mg/L",0.018
"09/10/2002","S65E","NITRATE-N","mg/L",0.029
"09/16/2002","S65E","NITRATE-N","mg/L",0.041
"09/24/2002","S65E","NITRATE-N","mg/L",0.035
"10/08/2002","S65E","NITRATE-N","mg/L",0.028
"10/22/2002","S65E","NITRATE-N","mg/L",0.038
"11/05/2002","S65E","NITRATE-N","mg/L",0.034
"11/19/2002","S65E","NITRATE-N","mg/L",0.068
"12/03/2002","S65E","NITRATE-N","mg/L",0.069
"12/17/2002","S65E","NITRATE-N","mg/L",0.0416666666666667
"12/30/2002","S65E","NITRATE-N","mg/L",0.083
"12/31/2002","S65E","NITRATE-N","mg/L",0.087
"01/14/2003","S65E","NITRATE-N","mg/L",0.14
"01/28/2003","S65E","NITRATE-N","mg/L",0.138
"02/11/2003","S65E","NITRATE-N","mg/L",0.098
"02/25/2003","S65E","NITRATE-N","mg/L",0.1
"03/11/2003","S65E","NITRATE-N","mg/L",0.103
"03/24/2003","S65E","NITRATE-N","mg/L",0.165
"03/25/2003","S65E","NITRATE-N","mg/L",0.135
"04/08/2003","S65E","NITRATE-N","mg/L",0.024
"04/22/2003","S65E","NITRATE-N","mg/L",0.019
"05/06/2003","S65E","NITRATE-N","mg/L",0.02
"05/20/2003","S65E","NITRATE-N","mg/L",0.013
"06/03/2003","S65E","NITRATE-N","mg/L",0.015
"06/16/2003","S65E","NITRATE-N","mg/L",0.005
"06/17/2003","S65E","NITRATE-N","mg/L",-0.004
"07/01/2003","S65E","NITRATE-N","mg/L",0.01
"07/15/2003","S65E","NITRATE-N","mg/L",0.009
"07/29/2003","S65E","NITRATE-N","mg/L",-0.004
"08/12/2003","S65E","NITRATE-N","mg/L",0.007
"08/26/2003","S65E","NITRATE-N","mg/L",-0.004
"09/09/2003","S65E","NITRATE-N","mg/L",0.028
"09/15/2003","S65E","NITRATE-N","mg/L",0.029
"09/23/2003","S65E","NITRATE-N","mg/L",0.018
"10/07/2003","S65E","NITRATE-N","mg/L",0.031
"10/21/2003","S65E","NITRATE-N","mg/L",0.04
"11/04/2003","S65E","NITRATE-N","mg/L",0.056
"11/18/2003","S65E","NITRATE-N","mg/L",0.152
"12/02/2003","S65E","NITRATE-N","mg/L",0.102
"12/15/2003","S65E","NITRATE-N","mg/L",0.138
"12/16/2003","S65E","NITRATE-N","mg/L",0.123
"12/30/2003","S65E","NITRATE-N","mg/L",0.078
"01/13/2004","S65E","NITRATE-N","mg/L",0.039
"01/27/2004","S65E","NITRATE-N","mg/L",0.044
"02/10/2004","S65E","NITRATE-N","mg/L",0.062
"02/24/2004","S65E","NITRATE-N","mg/L",0.037
"03/09/2004","S65E","NITRATE-N","mg/L",0.025
"03/15/2004","S65E","NITRATE-N","mg/L",0.052
"03/23/2004","S65E","NITRATE-N","mg/L",0.048
"04/06/2004","S65E","NITRATE-N","mg/L",0.101
"04/20/2004","S65E","NITRATE-N","mg/L",0.147
"05/04/2004","S65E","NITRATE-N","mg/L",0.12
"05/17/2004","S65E","NITRATE-N","mg/L",0.105
"06/08/2004","S65E","NITRATE-N","mg/L",0.006
"07/20/2004","S65E","NITRATE-N","mg/L",-0.004
"08/17/2004","S65E","NITRATE-N","mg/L",0.045
"08/31/2004","S65E","NITRATE-N","mg/L",-0.004
"09/29/2004","S65E","NITRATE-N","mg/L",0.051
"10/12/2004","S65E","NITRATE-N","mg/L",0.142
"10/26/2004","S65E","NITRATE-N","mg/L",0.116
"11/09/2004","S65E","NITRATE-N","mg/L",0.103
"11/22/2004","S65E","NITRATE-N","mg/L",0.124
"12/07/2004","S65E","NITRATE-N","mg/L",0.156
"12/21/2004","S65E","NITRATE-N","mg/L",0.18
"01/04/2005","S65E","NITRATE-N","mg/L",0.213
"01/18/2005","S65E","NITRATE-N","mg/L",0.21
"02/01/2005","S65E","NITRATE-N","mg/L",0.211
"02/14/2005","S65E","NITRATE-N","mg/L",0.179
"02/15/2005","S65E","NITRATE-N","mg/L",0.17
"03/01/2005","S65E","NITRATE-N","mg/L",0.143
"03/15/2005","S65E","NITRATE-N","mg/L",0.098
"03/29/2005","S65E","NITRATE-N","mg/L",0.02
"04/12/2005","S65E","NITRATE-N","mg/L",0.025
"04/26/2005","S65E","NITRATE-N","mg/L",0.005
"05/10/2005","S65E","NITRATE-N","mg/L",0.05
"05/16/2005","S65E","NITRATE-N","mg/L",0.008
"05/24/2005","S65E","NITRATE-N","mg/L",0.017
"06/07/2005","S65E","NITRATE-N","mg/L",0.006
"06/21/2005","S65E","NITRATE-N","mg/L",0.016
"07/05/2005","S65E","NITRATE-N","mg/L",0.008
"07/19/2005","S65E","NITRATE-N","mg/L",0.009
"08/02/2005","S65E","NITRATE-N","mg/L",0.006
"08/16/2005","S65E","NITRATE-N","mg/L",0.025
"08/22/2005","S65E","NITRATE-N","mg/L",0.017
"08/30/2005","S65E","NITRATE-N","mg/L",0.026
"09/12/2005","S65E","NITRATE-N","mg/L",0.011
"09/26/2005","S65E","NITRATE-N","mg/L",0.032
"10/11/2005","S65E","NITRATE-N","mg/L",0.036
"11/08/2005","S65E","NITRATE-N","mg/L",0.046
"11/14/2005","S65E","NITRATE-N","mg/L",0.051
"11/16/2005","S65E","NITRATE-N","mg/L",0.042
"12/06/2005","S65E","NITRATE-N","mg/L",0.08
"12/20/2005","S65E","NITRATE-N","mg/L",0.079
"01/03/2006","S65E","NITRATE-N","mg/L",0.092
"01/17/2006","S65E","NITRATE-N","mg/L",0.095
"01/30/2006","S65E","NITRATE-N","mg/L",0.118
"02/13/2006","S65E","NITRATE-N","mg/L",0.112
"02/21/2006","S65E","NITRATE-N","mg/L",0.005
"02/28/2006","S65E","NITRATE-N","mg/L",0.099
"03/13/2006","S65E","NITRATE-N","mg/L",0.11
"03/28/2006","S65E","NITRATE-N","mg/L",0.179
"04/11/2006","S65E","NITRATE-N","mg/L",0.176
"04/24/2006","S65E","NITRATE-N","mg/L",0.115
"05/22/2006","S65E","NITRATE-N","mg/L",0.011
"06/19/2006","S65E","NITRATE-N","mg/L",0.013
"07/31/2006","S65E","NITRATE-N","mg/L",0.124
"08/14/2006","S65E","NITRATE-N","mg/L",-0.006
"08/21/2006","S65E","NITRATE-N","mg/L",0.085
"08/31/2006","S65E","NITRATE-N","mg/L",0.101
"09/11/2006","S65E","NITRATE-N","mg/L",-0.006
"09/25/2006","S65E","NITRATE-N","mg/L",-0.006
"10/10/2006","S65E","NITRATE-N","mg/L",-0.006
"10/24/2006","S65E","NITRATE-N","mg/L",0.022
"11/07/2006","S65E","NITRATE-N","mg/L",0.575
"11/21/2006","S65E","NITRATE-N","mg/L",0.546
"11/27/2006","S65E","NITRATE-N","mg/L",0.535
"12/05/2006","S65E","NITRATE-N","mg/L",0.252
"12/19/2006","S65E","NITRATE-N","mg/L",0.345
"01/02/2007","S65E","NITRATE-N","mg/L",0.2265
"01/16/2007","S65E","NITRATE-N","mg/L",0.466
"01/30/2007","S65E","NITRATE-N","mg/L",0.203
"02/13/2007","S65E","NITRATE-N","mg/L",0.486
"02/26/2007","S65E","NITRATE-N","mg/L",0.463
"02/27/2007","S65E","NITRATE-N","mg/L",0.444
"03/13/2007","S65E","NITRATE-N","mg/L",0.3215
"03/27/2007","S65E","NITRATE-N","mg/L",0.444
"04/10/2007","S65E","NITRATE-N","mg/L",0.416
"04/24/2007","S65E","NITRATE-N","mg/L",0.428
"05/08/2007","S65E","NITRATE-N","mg/L",0.153
"05/21/2007","S65E","NITRATE-N","mg/L",0.303
"05/22/2007","S65E","NITRATE-N","mg/L",0.315
"06/05/2007","S65E","NITRATE-N","mg/L",0.1504
"06/19/2007","S65E","NITRATE-N","mg/L",0.131
"07/02/2007","S65E","NITRATE-N","mg/L",0.021
"07/17/2007","S65E","NITRATE-N","mg/L",0.018
"08/06/2007","S65E","NITRATE-N","mg/L",-0.005
"08/20/2007","S65E","NITRATE-N","mg/L",-0.005
"08/21/2007","S65E","NITRATE-N","mg/L",-0.005
"09/04/2007","S65E","NITRATE-N","mg/L",-0.005
"09/17/2007","S65E","NITRATE-N","mg/L",0.186
"10/01/2007","S65E","NITRATE-N","mg/L",0.261
"10/15/2007","S65E","NITRATE-N","mg/L",0.0645
"10/29/2007","S65E","NITRATE-N","mg/L",0.243
"11/05/2007","S65E","NITRATE-N","mg/L",0.279
"11/20/2007","S65E","NITRATE-N","mg/L",0.247
"11/26/2007","S65E","NITRATE-N","mg/L",0.257
"12/03/2007","S65E","NITRATE-N","mg/L",0.132
"12/18/2007","S65E","NITRATE-N","mg/L",0.236
"01/17/2008","S65E","NITRATE-N","mg/L",0.219
"01/29/2008","S65E","NITRATE-N","mg/L",0.0965
"02/04/2008","S65E","NITRATE-N","mg/L",0.211
"02/19/2008","S65E","NITRATE-N","mg/L",0.13
"02/20/2008","S65E","NITRATE-N","mg/L",0.087
"03/03/2008","S65E","NITRATE-N","mg/L",0.002
"03/17/2008","S65E","NITRATE-N","mg/L",0
"04/07/2008","S65E","NITRATE-N","mg/L",0.01
"04/21/2008","S65E","NITRATE-N","mg/L",-0.005
"05/06/2008","S65E","NITRATE-N","mg/L",-0.005
"05/19/2008","S65E","NITRATE-N","mg/L",-0.005
"05/28/2008","S65E","NITRATE-N","mg/L",-0.005
"06/03/2008","S65E","NITRATE-N","mg/L",-0.005
"06/17/2008","S65E","NITRATE-N","mg/L",0.033
"07/01/2008","S65E","NITRATE-N","mg/L",-0.005
"07/16/2008","S65E","NITRATE-N","mg/L",0
"08/06/2008","S65E","NITRATE-N","mg/L",-0.005
"08/26/2008","S65E","NITRATE-N","mg/L",0.029
"08/28/2008","S65E","NITRATE-N","mg/L",-0.005
"09/08/2008","S65E","NITRATE-N","mg/L",0.005
"09/22/2008","S65E","NITRATE-N","mg/L",0.006
"10/06/2008","S65E","NITRATE-N","mg/L",0.1505
"10/20/2008","S65E","NITRATE-N","mg/L",0.2665
"11/13/2008","S65E","NITRATE-N","mg/L",0.212
"11/19/2008","S65E","NITRATE-N","mg/L",0.348
"11/24/2008","S65E","NITRATE-N","mg/L",0.367
"12/10/2008","S65E","NITRATE-N","mg/L",0.1415
"12/23/2008","S65E","NITRATE-N","mg/L",0.0495
"01/14/2009","S65E","NITRATE-N","mg/L",0.061
"01/27/2009","S65E","NITRATE-N","mg/L",0.195
"02/02/2009","S65E","NITRATE-N","mg/L",0.145
"02/17/2009","S65E","NITRATE-N","mg/L",-0.005
"02/18/2009","S65E","NITRATE-N","mg/L",0.028
"03/03/2009","S65E","NITRATE-N","mg/L",0.0326
"03/17/2009","S65E","NITRATE-N","mg/L",-0.005
"03/31/2009","S65E","NITRATE-N","mg/L",0.0135
"04/14/2009","S65E","NITRATE-N","mg/L",0.0495
"04/29/2009","S65E","NITRATE-N","mg/L",0.121
"05/13/2009","S65E","NITRATE-N","mg/L",5e-04
"05/20/2009","S65E","NITRATE-N","mg/L",-0.005
"05/27/2009","S65E","NITRATE-N","mg/L",0.053
"06/02/2009","S65E","NITRATE-N","mg/L",-0.005
"06/16/2009","S65E","NITRATE-N","mg/L",0.0296666666666667
"07/07/2009","S65E","NITRATE-N","mg/L",0.015
"07/20/2009","S65E","NITRATE-N","mg/L",0.029
"08/04/2009","S65E","NITRATE-N","mg/L",0.01
"08/18/2009","S65E","NITRATE-N","mg/L",0.01
"08/26/2009","S65E","NITRATE-N","mg/L",0.039
"09/08/2009","S65E","NITRATE-N","mg/L",0.0035
"09/22/2009","S65E","NITRATE-N","mg/L",0.01
"10/07/2009","S65E","NITRATE-N","mg/L",0.0155
"10/21/2009","S65E","NITRATE-N","mg/L",0.1295
"11/09/2009","S65E","NITRATE-N","mg/L",0.1385
"11/18/2009","S65E","NITRATE-N","mg/L",0.1755
"11/30/2009","S65E","NITRATE-N","mg/L",0.1805
"12/16/2009","S65E","NITRATE-N","mg/L",0.1485
"12/28/2009","S65E","NITRATE-N","mg/L",0.1605
"01/11/2010","S65E","NITRATE-N","mg/L",0.308
"01/25/2010","S65E","NITRATE-N","mg/L",0.211
"02/08/2010","S65E","NITRATE-N","mg/L",0.195
"02/17/2010","S65E","NITRATE-N","mg/L",0.238
"02/24/2010","S65E","NITRATE-N","mg/L",0.051
"03/15/2010","S65E","NITRATE-N","mg/L",0.0592
"03/29/2010","S65E","NITRATE-N","mg/L",0.05
"04/12/2010","S65E","NITRATE-N","mg/L",0.034
"04/26/2010","S65E","NITRATE-N","mg/L",0.042
"05/10/2010","S65E","NITRATE-N","mg/L",0.004
"05/24/2010","S65E","NITRATE-N","mg/L",0.016
"05/26/2010","S65E","NITRATE-N","mg/L",0.011
"06/07/2010","S65E","NITRATE-N","mg/L",0.009
"06/21/2010","S65E","NITRATE-N","mg/L",-0.005
"07/08/2010","S65E","NITRATE-N","mg/L",0.021
"07/19/2010","S65E","NITRATE-N","mg/L",-0.005
"08/02/2010","S65E","NITRATE-N","mg/L",0.046
"08/16/2010","S65E","NITRATE-N","mg/L",0.087
"09/14/2010","S65E","NITRATE-N","mg/L",0.006
"09/27/2010","S65E","NITRATE-N","mg/L",0.005
"10/11/2010","S65E","NITRATE-N","mg/L",0.237
"10/26/2010","S65E","NITRATE-N","mg/L",0.217
"11/09/2010","S65E","NITRATE-N","mg/L",0.159
"11/29/2010","S65E","NITRATE-N","mg/L",0.154
"12/09/2010","S65E","NITRATE-N","mg/L",0.112
"12/22/2010","S65E","NITRATE-N","mg/L",0.028
"01/10/2011","S65E","NITRATE-N","mg/L",0.027
"01/24/2011","S65E","NITRATE-N","mg/L",0.035
"02/07/2011","S65E","NITRATE-N","mg/L",-0.005
"02/23/2011","S65E","NITRATE-N","mg/L",-0.005
"03/09/2011","S65E","NITRATE-N","mg/L",0.0176666666666667
"03/23/2011","S65E","NITRATE-N","mg/L",-0.005
"04/13/2011","S65E","NITRATE-N","mg/L",-0.005
"04/27/2011","S65E","NITRATE-N","mg/L",-0.005
"05/11/2011","S65E","NITRATE-N","mg/L",-0.005
"05/25/2011","S65E","NITRATE-N","mg/L",-0.005
"06/08/2011","S65E","NITRATE-N","mg/L",-0.005
"06/20/2011","S65E","NITRATE-N","mg/L",-0.005
"07/06/2011","S65E","NITRATE-N","mg/L",-0.005
"07/20/2011","S65E","NITRATE-N","mg/L",0.006
"08/03/2011","S65E","NITRATE-N","mg/L",-0.005
"08/17/2011","S65E","NITRATE-N","mg/L",-0.005
"08/31/2011","S65E","NITRATE-N","mg/L",0.008
"09/14/2011","S65E","NITRATE-N","mg/L",-0.005
"09/28/2011","S65E","NITRATE-N","mg/L",0.012
"10/12/2011","S65E","NITRATE-N","mg/L",0.007
"10/26/2011","S65E","NITRATE-N","mg/L",0.009
"11/07/2011","S65E","NITRATE-N","mg/L",0.035
"11/22/2011","S65E","NITRATE-N","mg/L",0.07
"12/07/2011","S65E","NITRATE-N","mg/L",0.095
"12/21/2011","S65E","NITRATE-N","mg/L",0.141
"01/04/2012","S65E","NITRATE-N","mg/L",0.157
"01/18/2012","S65E","NITRATE-N","mg/L",0.136
"02/01/2012","S65E","NITRATE-N","mg/L",0.054
"02/15/2012","S65E","NITRATE-N","mg/L",0.081
"02/29/2012","S65E","NITRATE-N","mg/L",0.02
"03/14/2012","S65E","NITRATE-N","mg/L",0.046
"03/28/2012","S65E","NITRATE-N","mg/L",0.047
"04/11/2012","S65E","NITRATE-N","mg/L",0.081
"04/25/2012","S65E","NITRATE-N","mg/L",0.076
"05/09/2012","S65E","NITRATE-N","mg/L",-0.005
"05/23/2012","S65E","NITRATE-N","mg/L",-0.005
"06/06/2012","S65E","NITRATE-N","mg/L",-0.005
"06/20/2012","S65E","NITRATE-N","mg/L",-0.005
"07/11/2012","S65E","NITRATE-N","mg/L",-0.005
"07/25/2012","S65E","NITRATE-N","mg/L",0.174
"08/08/2012","S65E","NITRATE-N","mg/L",0.09
"08/22/2012","S65E","NITRATE-N","mg/L",0.116
"09/05/2012","S65E","NITRATE-N","mg/L",-0.005
"09/19/2012","S65E","NITRATE-N","mg/L",-0.005
"10/03/2012","S65E","NITRATE-N","mg/L",-0.005
"10/17/2012","S65E","NITRATE-N","mg/L",0.009
"10/31/2012","S65E","NITRATE-N","mg/L",0.045
"11/14/2012","S65E","NITRATE-N","mg/L",0.041
"11/28/2012","S65E","NITRATE-N","mg/L",0.19
"12/05/2012","S65E","NITRATE-N","mg/L",0.197
"12/19/2012","S65E","NITRATE-N","mg/L",0.162
"01/02/2013","S65E","NITRATE-N","mg/L",0.098
"01/16/2013","S65E","NITRATE-N","mg/L",0.247
"01/30/2013","S65E","NITRATE-N","mg/L",0.261
"02/13/2013","S65E","NITRATE-N","mg/L",0.056
"02/27/2013","S65E","NITRATE-N","mg/L",-0.005
"03/13/2013","S65E","NITRATE-N","mg/L",0.02
"03/27/2013","S65E","NITRATE-N","mg/L",-0.005
"04/10/2013","S65E","NITRATE-N","mg/L",-0.005
"04/24/2013","S65E","NITRATE-N","mg/L",-0.005
"05/08/2013","S65E","NITRATE-N","mg/L",-0.005
"05/22/2013","S65E","NITRATE-N","mg/L",-0.005
"06/05/2013","S65E","NITRATE-N","mg/L",-0.005
"06/19/2013","S65E","NITRATE-N","mg/L",0.006
"07/02/2013","S65E","NITRATE-N","mg/L",0.013
"07/17/2013","S65E","NITRATE-N","mg/L",-0.005
"07/31/2013","S65E","NITRATE-N","mg/L",-0.005
"08/14/2013","S65E","NITRATE-N","mg/L",0.04
"08/28/2013","S65E","NITRATE-N","mg/L",0.026
"09/11/2013","S65E","NITRATE-N","mg/L",0.025
"09/25/2013","S65E","NITRATE-N","mg/L",0.031
"10/09/2013","S65E","NITRATE-N","mg/L",0.02
"10/23/2013","S65E","NITRATE-N","mg/L",0.136
"11/06/2013","S65E","NITRATE-N","mg/L",0.293
"11/20/2013","S65E","NITRATE-N","mg/L",0.256
"12/04/2013","S65E","NITRATE-N","mg/L",0.215
"12/18/2013","S65E","NITRATE-N","mg/L",0.172
"12/30/2013","S65E","NITRATE-N","mg/L",0.147
"01/15/2014","S65E","NITRATE-N","mg/L",0.141
"01/29/2014","S65E","NITRATE-N","mg/L",0.128
"02/12/2014","S65E","NITRATE-N","mg/L",0.037
"02/26/2014","S65E","NITRATE-N","mg/L",-0.005
"03/12/2014","S65E","NITRATE-N","mg/L",0.005
"03/26/2014","S65E","NITRATE-N","mg/L",0.011
"04/09/2014","S65E","NITRATE-N","mg/L",-0.005
"04/23/2014","S65E","NITRATE-N","mg/L",-0.005
"05/07/2014","S65E","NITRATE-N","mg/L",-0.005
"05/21/2014","S65E","NITRATE-N","mg/L",-0.005
"06/04/2014","S65E","NITRATE-N","mg/L",-0.005
"06/18/2014","S65E","NITRATE-N","mg/L",-0.005
"07/01/2014","S65E","NITRATE-N","mg/L",0.019
"07/16/2014","S65E","NITRATE-N","mg/L",0.027
"07/30/2014","S65E","NITRATE-N","mg/L",-0.005
"08/13/2014","S65E","NITRATE-N","mg/L",-0.005
"08/27/2014","S65E","NITRATE-N","mg/L",-0.005
"09/10/2014","S65E","NITRATE-N","mg/L",0.033
"09/24/2014","S65E","NITRATE-N","mg/L",0.03
"10/08/2014","S65E","NITRATE-N","mg/L",-0.005
"10/22/2014","S65E","NITRATE-N","mg/L",0.028
"11/05/2014","S65E","NITRATE-N","mg/L",0.296
"11/19/2014","S65E","NITRATE-N","mg/L",0.238
"12/03/2014","S65E","NITRATE-N","mg/L",0.097
"12/17/2014","S65E","NITRATE-N","mg/L",0.022
"12/30/2014","S65E","NITRATE-N","mg/L",0.019
"01/14/2015","S65E","NITRATE-N","mg/L",0.084
"01/28/2015","S65E","NITRATE-N","mg/L",0.033
"02/11/2015","S65E","NITRATE-N","mg/L",0.025
"02/25/2015","S65E","NITRATE-N","mg/L",0.026
"03/11/2015","S65E","NITRATE-N","mg/L",0.028
"03/25/2015","S65E","NITRATE-N","mg/L",0.052
"04/08/2015","S65E","NITRATE-N","mg/L",0.026
"04/22/2015","S65E","NITRATE-N","mg/L",0.02
"05/06/2015","S65E","NITRATE-N","mg/L",-0.005
"05/20/2015","S65E","NITRATE-N","mg/L",-0.005
"06/03/2015","S65E","NITRATE-N","mg/L",-0.005
"06/17/2015","S65E","NITRATE-N","mg/L",-0.005
"07/01/2015","S65E","NITRATE-N","mg/L",-0.005
"07/15/2015","S65E","NITRATE-N","mg/L",-0.005
"07/29/2015","S65E","NITRATE-N","mg/L",0.007
"08/12/2015","S65E","NITRATE-N","mg/L",0.036
"08/26/2015","S65E","NITRATE-N","mg/L",-0.005
"09/09/2015","S65E","NITRATE-N","mg/L",-0.005
"09/23/2015","S65E","NITRATE-N","mg/L",-0.005
"10/07/2015","S65E","NITRATE-N","mg/L",0.009
"10/21/2015","S65E","NITRATE-N","mg/L",0.026
"11/04/2015","S65E","NITRATE-N","mg/L",0.021
"11/18/2015","S65E","NITRATE-N","mg/L",0.017
"12/02/2015","S65E","NITRATE-N","mg/L",0.237
"01/09/2017","S65E","NITRATE-N","mg/L",0.019
"01/23/2017","S65E","NITRATE-N","mg/L",0.115
"02/06/2017","S65E","NITRATE-N","mg/L",0.133
"02/20/2017","S65E","NITRATE-N","mg/L",0.156
"03/06/2017","S65E","NITRATE-N","mg/L",0.169
"03/20/2017","S65E","NITRATE-N","mg/L",-0.005
"04/17/2017","S65E","NITRATE-N","mg/L",0.056
"04/24/2017","S65E","NITRATE-N","mg/L",0.03
"05/01/2017","S65E","NITRATE-N","mg/L",0.03
"05/08/2017","S65E","NITRATE-N","mg/L",-0.005
"06/05/2017","S65E","NITRATE-N","mg/L",0.01
"06/12/2017","S65E","NITRATE-N","mg/L",0.058
"06/19/2017","S65E","NITRATE-N","mg/L",0.107
"07/05/2017","S65E","NITRATE-N","mg/L",0.009
"07/17/2017","S65E","NITRATE-N","mg/L",-0.005
"08/01/2017","S65E","NITRATE-N","mg/L",0.037
"08/14/2017","S65E","NITRATE-N","mg/L",0.01
"08/28/2017","S65E","NITRATE-N","mg/L",0.022
"09/13/2017","S65E","NITRATE-N","mg/L",-0.005
"09/25/2017","S65E","NITRATE-N","mg/L",-0.005
"10/09/2017","S65E","NITRATE-N","mg/L",0.042
"10/23/2017","S65E","NITRATE-N","mg/L",0.084
"11/06/2017","S65E","NITRATE-N","mg/L",0.078
"11/20/2017","S65E","NITRATE-N","mg/L",0.102
"12/04/2017","S65E","NITRATE-N","mg/L",0.172
"01/16/2018","S65E","NITRATE-N","mg/L",0.198
"02/12/2018","S65E","NITRATE-N","mg/L",0.088
"03/12/2018","S65E","NITRATE-N","mg/L",0.162
"03/26/2018","S65E","NITRATE-N","mg/L",0.019
"04/23/2018","S65E","NITRATE-N","mg/L",0.067
"05/07/2018","S65E","NITRATE-N","mg/L",-0.005
"05/21/2018","S65E","NITRATE-N","mg/L",0.025
"06/18/2018","S65E","NITRATE-N","mg/L",0.027
"07/02/2018","S65E","NITRATE-N","mg/L",0.035
"07/16/2018","S65E","NITRATE-N","mg/L",-0.005
"07/30/2018","S65E","NITRATE-N","mg/L",-0.005
"08/06/2018","S65E","NITRATE-N","mg/L",0.028
"08/20/2018","S65E","NITRATE-N","mg/L",0.017
"09/04/2018","S65E","NITRATE-N","mg/L",0.066
"09/17/2018","S65E","NITRATE-N","mg/L",0.078
"10/01/2018","S65E","NITRATE-N","mg/L",0.08
"10/04/2018","S65E","NITRATE-N","mg/L",-0.005
"10/15/2018","S65E","NITRATE-N","mg/L",0.067
"10/29/2018","S65E","NITRATE-N","mg/L",0.058
"11/13/2018","S65E","NITRATE-N","mg/L",0.392
"11/26/2018","S65E","NITRATE-N","mg/L",0.411666666666667
"12/11/2018","S65E","NITRATE-N","mg/L",0.345
"12/26/2018","S65E","NITRATE-N","mg/L",0.282
"01/07/2019","S65E","NITRATE-N","mg/L",0.199
"01/22/2019","S65E","NITRATE-N","mg/L",0.19
"02/04/2019","S65E","NITRATE-N","mg/L",0.01
"02/18/2019","S65E","NITRATE-N","mg/L",0.015
"03/04/2019","S65E","NITRATE-N","mg/L",0.0636666666666667
"03/06/2019","S65E","NITRATE-N","mg/L",0.077
"03/18/2019","S65E","NITRATE-N","mg/L",0.069
"04/08/2019","S65E","NITRATE-N","mg/L",0.006
"04/22/2019","S65E","NITRATE-N","mg/L",-0.005
"05/06/2019","S65E","NITRATE-N","mg/L",-0.005
"05/20/2019","S65E","NITRATE-N","mg/L",-0.005
"06/03/2019","S65E","NITRATE-N","mg/L",-0.005
"06/17/2019","S65E","NITRATE-N","mg/L",-0.005
"06/20/2019","S65E","NITRATE-N","mg/L",0.011
"07/01/2019","S65E","NITRATE-N","mg/L",-0.005
"07/15/2019","S65E","NITRATE-N","mg/L",-0.005
"07/29/2019","S65E","NITRATE-N","mg/L",-0.005
"08/12/2019","S65E","NITRATE-N","mg/L",-0.005
"08/26/2019","S65E","NITRATE-N","mg/L",0.006
"09/09/2019","S65E","NITRATE-N","mg/L",0.019
"09/23/2019","S65E","NITRATE-N","mg/L",0.014
"10/08/2019","S65E","NITRATE-N","mg/L",0.034
"10/21/2019","S65E","NITRATE-N","mg/L",0.269
"11/04/2019","S65E","NITRATE-N","mg/L",0.297
"11/18/2019","S65E","NITRATE-N","mg/L",0.314
"04/16/1973","S65E","NITRATE+NITRITE-N","mg/L",0.027
"04/23/1973","S65E","NITRATE+NITRITE-N","mg/L",0.006
"04/30/1973","S65E","NITRATE+NITRITE-N","mg/L",0.009
"05/07/1973","S65E","NITRATE+NITRITE-N","mg/L",0.023
"05/14/1973","S65E","NITRATE+NITRITE-N","mg/L",0.024
"05/21/1973","S65E","NITRATE+NITRITE-N","mg/L",-0.004
"05/29/1973","S65E","NITRATE+NITRITE-N","mg/L",-0.004
"06/04/1973","S65E","NITRATE+NITRITE-N","mg/L",-0.004
"06/11/1973","S65E","NITRATE+NITRITE-N","mg/L",0.021
"06/13/1973","S65E","NITRATE+NITRITE-N","mg/L",-0.004
"06/18/1973","S65E","NITRATE+NITRITE-N","mg/L",-0.004
"06/25/1973","S65E","NITRATE+NITRITE-N","mg/L",0.04
"07/02/1973","S65E","NITRATE+NITRITE-N","mg/L",0.02
"07/09/1973","S65E","NITRATE+NITRITE-N","mg/L",0.043
"07/16/1973","S65E","NITRATE+NITRITE-N","mg/L",0.0236666666666667
"07/23/1973","S65E","NITRATE+NITRITE-N","mg/L",0.136
"07/30/1973","S65E","NITRATE+NITRITE-N","mg/L",0.02
"08/06/1973","S65E","NITRATE+NITRITE-N","mg/L",0.025
"08/13/1973","S65E","NITRATE+NITRITE-N","mg/L",-0.007
"08/20/1973","S65E","NITRATE+NITRITE-N","mg/L",-0.007
"08/27/1973","S65E","NITRATE+NITRITE-N","mg/L",0.054
"08/29/1973","S65E","NITRATE+NITRITE-N","mg/L",-0.007
"09/04/1973","S65E","NITRATE+NITRITE-N","mg/L",0.013
"09/10/1973","S65E","NITRATE+NITRITE-N","mg/L",0.029
"09/17/1973","S65E","NITRATE+NITRITE-N","mg/L",0.015
"09/24/1973","S65E","NITRATE+NITRITE-N","mg/L",0.014
"10/01/1973","S65E","NITRATE+NITRITE-N","mg/L",0.044
"10/02/1973","S65E","NITRATE+NITRITE-N","mg/L",0.037
"10/08/1973","S65E","NITRATE+NITRITE-N","mg/L",0.011
"10/15/1973","S65E","NITRATE+NITRITE-N","mg/L",0.036
"10/23/1973","S65E","NITRATE+NITRITE-N","mg/L",0.087
"10/29/1973","S65E","NITRATE+NITRITE-N","mg/L",0.276
"11/07/1973","S65E","NITRATE+NITRITE-N","mg/L",0.308
"11/12/1973","S65E","NITRATE+NITRITE-N","mg/L",0.09
"11/13/1973","S65E","NITRATE+NITRITE-N","mg/L",0.31
"11/26/1973","S65E","NITRATE+NITRITE-N","mg/L",0.256
"12/03/1973","S65E","NITRATE+NITRITE-N","mg/L",0.168
"12/05/1973","S65E","NITRATE+NITRITE-N","mg/L",0.366
"12/10/1973","S65E","NITRATE+NITRITE-N","mg/L",0.14
"12/11/1973","S65E","NITRATE+NITRITE-N","mg/L",0.25
"12/17/1973","S65E","NITRATE+NITRITE-N","mg/L",0.265
"01/02/1974","S65E","NITRATE+NITRITE-N","mg/L",0.196
"01/08/1974","S65E","NITRATE+NITRITE-N","mg/L",0.2455
"01/14/1974","S65E","NITRATE+NITRITE-N","mg/L",0.21
"01/28/1974","S65E","NITRATE+NITRITE-N","mg/L",0.196
"02/11/1974","S65E","NITRATE+NITRITE-N","mg/L",0.144
"02/12/1974","S65E","NITRATE+NITRITE-N","mg/L",0.256
"02/25/1974","S65E","NITRATE+NITRITE-N","mg/L",0.202
"03/05/1974","S65E","NITRATE+NITRITE-N","mg/L",0.116
"03/11/1974","S65E","NITRATE+NITRITE-N","mg/L",0.008
"03/25/1974","S65E","NITRATE+NITRITE-N","mg/L",0.022
"04/02/1974","S65E","NITRATE+NITRITE-N","mg/L",0.0295
"04/08/1974","S65E","NITRATE+NITRITE-N","mg/L",0.091
"04/22/1974","S65E","NITRATE+NITRITE-N","mg/L",0.186
"05/07/1974","S65E","NITRATE+NITRITE-N","mg/L",0.0025
"05/13/1974","S65E","NITRATE+NITRITE-N","mg/L",0.048
"05/28/1974","S65E","NITRATE+NITRITE-N","mg/L",0.009
"06/10/1974","S65E","NITRATE+NITRITE-N","mg/L",0.18
"06/11/1974","S65E","NITRATE+NITRITE-N","mg/L",0.02
"06/24/1974","S65E","NITRATE+NITRITE-N","mg/L",0.034
"07/08/1974","S65E","NITRATE+NITRITE-N","mg/L",0.013
"07/09/1974","S65E","NITRATE+NITRITE-N","mg/L",0.0195
"07/22/1974","S65E","NITRATE+NITRITE-N","mg/L",0.015
"08/05/1974","S65E","NITRATE+NITRITE-N","mg/L",0.15
"08/13/1974","S65E","NITRATE+NITRITE-N","mg/L",0.065
"08/19/1974","S65E","NITRATE+NITRITE-N","mg/L",0.072
"09/03/1974","S65E","NITRATE+NITRITE-N","mg/L",0.112
"09/10/1974","S65E","NITRATE+NITRITE-N","mg/L",0.091
"09/16/1974","S65E","NITRATE+NITRITE-N","mg/L",0.092
"09/30/1974","S65E","NITRATE+NITRITE-N","mg/L",0.117
"10/08/1974","S65E","NITRATE+NITRITE-N","mg/L",0.1295
"10/14/1974","S65E","NITRATE+NITRITE-N","mg/L",0.144
"10/28/1974","S65E","NITRATE+NITRITE-N","mg/L",0.198
"11/05/1974","S65E","NITRATE+NITRITE-N","mg/L",0.2235
"11/12/1974","S65E","NITRATE+NITRITE-N","mg/L",0.011
"12/10/1974","S65E","NITRATE+NITRITE-N","mg/L",0.309
"01/07/1975","S65E","NITRATE+NITRITE-N","mg/L",0.429
"02/04/1975","S65E","NITRATE+NITRITE-N","mg/L",0.3585
"03/05/1975","S65E","NITRATE+NITRITE-N","mg/L",0.2695
"04/08/1975","S65E","NITRATE+NITRITE-N","mg/L",0.124
"05/06/1975","S65E","NITRATE+NITRITE-N","mg/L",0.0155
"06/03/1975","S65E","NITRATE+NITRITE-N","mg/L",-0.004
"07/15/1975","S65E","NITRATE+NITRITE-N","mg/L",0.0845
"08/12/1975","S65E","NITRATE+NITRITE-N","mg/L",0.3315
"09/12/1975","S65E","NITRATE+NITRITE-N","mg/L",0.0715
"10/27/1975","S65E","NITRATE+NITRITE-N","mg/L",0.321
"10/28/1975","S65E","NITRATE+NITRITE-N","mg/L",0.2955
"11/18/1975","S65E","NITRATE+NITRITE-N","mg/L",0.076
"02/12/1976","S65E","NITRATE+NITRITE-N","mg/L",0.1065
"05/11/1976","S65E","NITRATE+NITRITE-N","mg/L",0.011
"06/22/1976","S65E","NITRATE+NITRITE-N","mg/L",0.034
"06/25/1976","S65E","NITRATE+NITRITE-N","mg/L",0.036
"07/20/1976","S65E","NITRATE+NITRITE-N","mg/L",0.046
"08/24/1976","S65E","NITRATE+NITRITE-N","mg/L",0.009
"09/21/1976","S65E","NITRATE+NITRITE-N","mg/L",0.024
"10/19/1976","S65E","NITRATE+NITRITE-N","mg/L",0.095
"12/06/1976","S65E","NITRATE+NITRITE-N","mg/L",0.3145
"01/25/1977","S65E","NITRATE+NITRITE-N","mg/L",0.0075
"03/21/1977","S65E","NITRATE+NITRITE-N","mg/L",0.018
"05/23/1977","S65E","NITRATE+NITRITE-N","mg/L",0.1195
"07/25/1977","S65E","NITRATE+NITRITE-N","mg/L",0.001
"09/20/1977","S65E","NITRATE+NITRITE-N","mg/L",0.0485
"12/01/1977","S65E","NITRATE+NITRITE-N","mg/L",0.4265
"01/24/1978","S65E","NITRATE+NITRITE-N","mg/L",0.2715
"03/21/1978","S65E","NITRATE+NITRITE-N","mg/L",0.01
"05/30/1978","S65E","NITRATE+NITRITE-N","mg/L",0.005
"06/21/1978","S65E","NITRATE+NITRITE-N","mg/L",0.012
"07/25/1978","S65E","NITRATE+NITRITE-N","mg/L",0.0245
"08/22/1978","S65E","NITRATE+NITRITE-N","mg/L",0.0095
"09/18/1978","S65E","NITRATE+NITRITE-N","mg/L",0.03
"10/09/1978","S65E","NITRATE+NITRITE-N","mg/L",0.036
"10/17/1978","S65E","NITRATE+NITRITE-N","mg/L",0.0655
"10/23/1978","S65E","NITRATE+NITRITE-N","mg/L",0.161
"11/14/1978","S65E","NITRATE+NITRITE-N","mg/L",0.297
"11/20/1978","S65E","NITRATE+NITRITE-N","mg/L",0.282
"12/04/1978","S65E","NITRATE+NITRITE-N","mg/L",0.22
"12/12/1978","S65E","NITRATE+NITRITE-N","mg/L",0.396
"12/19/1978","S65E","NITRATE+NITRITE-N","mg/L",0.374
"01/08/1979","S65E","NITRATE+NITRITE-N","mg/L",0.196
"01/22/1979","S65E","NITRATE+NITRITE-N","mg/L",0.006
"01/23/1979","S65E","NITRATE+NITRITE-N","mg/L",0.009
"02/05/1979","S65E","NITRATE+NITRITE-N","mg/L",-0.004
"02/20/1979","S65E","NITRATE+NITRITE-N","mg/L",-0.008
"03/05/1979","S65E","NITRATE+NITRITE-N","mg/L",0
"03/19/1979","S65E","NITRATE+NITRITE-N","mg/L",0.00233333333333333
"04/02/1979","S65E","NITRATE+NITRITE-N","mg/L",0.015
"04/16/1979","S65E","NITRATE+NITRITE-N","mg/L",-0.008
"04/24/1979","S65E","NITRATE+NITRITE-N","mg/L",0.157
"04/30/1979","S65E","NITRATE+NITRITE-N","mg/L",0.123666666666667
"05/14/1979","S65E","NITRATE+NITRITE-N","mg/L",0.043
"05/22/1979","S65E","NITRATE+NITRITE-N","mg/L",5e-04
"05/29/1979","S65E","NITRATE+NITRITE-N","mg/L",-0.008
"06/11/1979","S65E","NITRATE+NITRITE-N","mg/L",0.011
"06/18/1979","S65E","NITRATE+NITRITE-N","mg/L",0.031
"06/25/1979","S65E","NITRATE+NITRITE-N","mg/L",0.037
"07/09/1979","S65E","NITRATE+NITRITE-N","mg/L",-0.008
"07/17/1979","S65E","NITRATE+NITRITE-N","mg/L",0.0045
"07/23/1979","S65E","NITRATE+NITRITE-N","mg/L",-0.008
"08/06/1979","S65E","NITRATE+NITRITE-N","mg/L",-0.004
"08/20/1979","S65E","NITRATE+NITRITE-N","mg/L",0.041
"08/21/1979","S65E","NITRATE+NITRITE-N","mg/L",0.037
"09/05/1979","S65E","NITRATE+NITRITE-N","mg/L",0.025
"09/18/1979","S65E","NITRATE+NITRITE-N","mg/L",0.0146666666666667
"10/01/1979","S65E","NITRATE+NITRITE-N","mg/L",0.033
"10/02/1979","S65E","NITRATE+NITRITE-N","mg/L",0.029
"10/15/1979","S65E","NITRATE+NITRITE-N","mg/L",0.027
"10/29/1979","S65E","NITRATE+NITRITE-N","mg/L",0.067
"11/13/1979","S65E","NITRATE+NITRITE-N","mg/L",0.219
"12/11/1979","S65E","NITRATE+NITRITE-N","mg/L",0.203
"01/08/1980","S65E","NITRATE+NITRITE-N","mg/L",0.079
"01/22/1980","S65E","NITRATE+NITRITE-N","mg/L",0.102
"02/19/1980","S65E","NITRATE+NITRITE-N","mg/L",0.108
"03/04/1980","S65E","NITRATE+NITRITE-N","mg/L",0.062
"03/18/1980","S65E","NITRATE+NITRITE-N","mg/L",0.024
"04/02/1980","S65E","NITRATE+NITRITE-N","mg/L",0.065
"04/16/1980","S65E","NITRATE+NITRITE-N","mg/L",0.066
"04/30/1980","S65E","NITRATE+NITRITE-N","mg/L",0.105
"05/12/1980","S65E","NITRATE+NITRITE-N","mg/L",0.00833333333333333
"05/13/1980","S65E","NITRATE+NITRITE-N","mg/L",-0.004
"05/28/1980","S65E","NITRATE+NITRITE-N","mg/L",-0.004
"06/09/1980","S65E","NITRATE+NITRITE-N","mg/L",0.002
"06/25/1980","S65E","NITRATE+NITRITE-N","mg/L",-0.004
"07/07/1980","S65E","NITRATE+NITRITE-N","mg/L",0.017
"07/08/1980","S65E","NITRATE+NITRITE-N","mg/L",0.019
"07/24/1980","S65E","NITRATE+NITRITE-N","mg/L",-0.004
"08/04/1980","S65E","NITRATE+NITRITE-N","mg/L",0.0055
"08/20/1980","S65E","NITRATE+NITRITE-N","mg/L",0.004
"09/03/1980","S65E","NITRATE+NITRITE-N","mg/L",0.38
"09/17/1980","S65E","NITRATE+NITRITE-N","mg/L",0.06
"09/30/1980","S65E","NITRATE+NITRITE-N","mg/L",0.445
"10/01/1980","S65E","NITRATE+NITRITE-N","mg/L",0.202
"10/14/1980","S65E","NITRATE+NITRITE-N","mg/L",0.393
"10/28/1980","S65E","NITRATE+NITRITE-N","mg/L",0.308
"10/29/1980","S65E","NITRATE+NITRITE-N","mg/L",0.263
"11/12/1980","S65E","NITRATE+NITRITE-N","mg/L",0.29
"11/25/1980","S65E","NITRATE+NITRITE-N","mg/L",0.381
"12/02/1980","S65E","NITRATE+NITRITE-N","mg/L",0.369
"12/23/1980","S65E","NITRATE+NITRITE-N","mg/L",0.422
"12/31/1980","S65E","NITRATE+NITRITE-N","mg/L",0.434
"01/14/1981","S65E","NITRATE+NITRITE-N","mg/L",0.496
"01/20/1981","S65E","NITRATE+NITRITE-N","mg/L",0.455
"01/27/1981","S65E","NITRATE+NITRITE-N","mg/L",0.457
"02/11/1981","S65E","NITRATE+NITRITE-N","mg/L",0.43
"02/17/1981","S65E","NITRATE+NITRITE-N","mg/L",0.433
"02/24/1981","S65E","NITRATE+NITRITE-N","mg/L",0.456
"03/11/1981","S65E","NITRATE+NITRITE-N","mg/L",0.381
"03/16/1981","S65E","NITRATE+NITRITE-N","mg/L",0.353
"03/24/1981","S65E","NITRATE+NITRITE-N","mg/L",0.361
"04/08/1981","S65E","NITRATE+NITRITE-N","mg/L",0.281
"04/13/1981","S65E","NITRATE+NITRITE-N","mg/L",0.26
"04/21/1981","S65E","NITRATE+NITRITE-N","mg/L",0.09
"05/06/1981","S65E","NITRATE+NITRITE-N","mg/L",0.172
"05/11/1981","S65E","NITRATE+NITRITE-N","mg/L",0.168
"05/19/1981","S65E","NITRATE+NITRITE-N","mg/L",0.123
"06/02/1981","S65E","NITRATE+NITRITE-N","mg/L",0.027
"06/08/1981","S65E","NITRATE+NITRITE-N","mg/L",-0.004
"06/17/1981","S65E","NITRATE+NITRITE-N","mg/L",-0.004
"06/30/1981","S65E","NITRATE+NITRITE-N","mg/L",-0.004
"07/06/1981","S65E","NITRATE+NITRITE-N","mg/L",-0.004
"07/16/1981","S65E","NITRATE+NITRITE-N","mg/L",-0.004
"07/28/1981","S65E","NITRATE+NITRITE-N","mg/L",0.004
"08/03/1981","S65E","NITRATE+NITRITE-N","mg/L",-0.004
"08/12/1981","S65E","NITRATE+NITRITE-N","mg/L",0.005
"08/25/1981","S65E","NITRATE+NITRITE-N","mg/L",-0.004
"08/31/1981","S65E","NITRATE+NITRITE-N","mg/L",0.02
"09/10/1981","S65E","NITRATE+NITRITE-N","mg/L",0.043
"09/23/1981","S65E","NITRATE+NITRITE-N","mg/L",0.021
"09/28/1981","S65E","NITRATE+NITRITE-N","mg/L",0.0193333333333333
"10/06/1981","S65E","NITRATE+NITRITE-N","mg/L",0.04
"10/20/1981","S65E","NITRATE+NITRITE-N","mg/L",0.263
"10/26/1981","S65E","NITRATE+NITRITE-N","mg/L",0.374
"11/04/1981","S65E","NITRATE+NITRITE-N","mg/L",0.394
"11/23/1981","S65E","NITRATE+NITRITE-N","mg/L",0.436333333333333
"12/02/1981","S65E","NITRATE+NITRITE-N","mg/L",0.435
"12/21/1981","S65E","NITRATE+NITRITE-N","mg/L",0.358
"12/29/1981","S65E","NITRATE+NITRITE-N","mg/L",0.36
"01/18/1982","S65E","NITRATE+NITRITE-N","mg/L",0.372
"02/16/1982","S65E","NITRATE+NITRITE-N","mg/L",0.368
"02/24/1982","S65E","NITRATE+NITRITE-N","mg/L",0.334
"03/09/1982","S65E","NITRATE+NITRITE-N","mg/L",0.349
"03/15/1982","S65E","NITRATE+NITRITE-N","mg/L",0.479
"04/05/1982","S65E","NITRATE+NITRITE-N","mg/L",0.354
"04/12/1982","S65E","NITRATE+NITRITE-N","mg/L",0.327
"04/19/1982","S65E","NITRATE+NITRITE-N","mg/L",0.251
"05/04/1982","S65E","NITRATE+NITRITE-N","mg/L",-0.004
"05/10/1982","S65E","NITRATE+NITRITE-N","mg/L",0.00466666666666667
"05/18/1982","S65E","NITRATE+NITRITE-N","mg/L",-0.004
"06/01/1982","S65E","NITRATE+NITRITE-N","mg/L",0.007
"06/07/1982","S65E","NITRATE+NITRITE-N","mg/L",0.02
"06/14/1982","S65E","NITRATE+NITRITE-N","mg/L",0.007
"07/01/1982","S65E","NITRATE+NITRITE-N","mg/L",-0.004
"07/07/1982","S65E","NITRATE+NITRITE-N","mg/L",0.009
"07/12/1982","S65E","NITRATE+NITRITE-N","mg/L",0.011
"07/27/1982","S65E","NITRATE+NITRITE-N","mg/L",0.027
"08/02/1982","S65E","NITRATE+NITRITE-N","mg/L",0.026
"08/09/1982","S65E","NITRATE+NITRITE-N","mg/L",0.049
"08/25/1982","S65E","NITRATE+NITRITE-N","mg/L",0.04
"09/01/1982","S65E","NITRATE+NITRITE-N","mg/L",0.03
"09/09/1982","S65E","NITRATE+NITRITE-N","mg/L",0.056
"09/21/1982","S65E","NITRATE+NITRITE-N","mg/L",0.057
"09/27/1982","S65E","NITRATE+NITRITE-N","mg/L",0.057
"10/05/1982","S65E","NITRATE+NITRITE-N","mg/L",0.062
"10/20/1982","S65E","NITRATE+NITRITE-N","mg/L",0.0673333333333333
"10/26/1982","S65E","NITRATE+NITRITE-N","mg/L",0.07
"11/01/1982","S65E","NITRATE+NITRITE-N","mg/L",0.097
"11/22/1982","S65E","NITRATE+NITRITE-N","mg/L",0.1725
"12/06/1982","S65E","NITRATE+NITRITE-N","mg/L",0.237
"12/20/1982","S65E","NITRATE+NITRITE-N","mg/L",0.262
"12/22/1982","S65E","NITRATE+NITRITE-N","mg/L",0.235
"01/04/1983","S65E","NITRATE+NITRITE-N","mg/L",0.193
"01/18/1983","S65E","NITRATE+NITRITE-N","mg/L",0.212
"01/19/1983","S65E","NITRATE+NITRITE-N","mg/L",0.219
"02/01/1983","S65E","NITRATE+NITRITE-N","mg/L",0.176
"02/15/1983","S65E","NITRATE+NITRITE-N","mg/L",0.087
"02/17/1983","S65E","NITRATE+NITRITE-N","mg/L",0.074
"03/02/1983","S65E","NITRATE+NITRITE-N","mg/L",0.103
"03/15/1983","S65E","NITRATE+NITRITE-N","mg/L",0.097
"03/17/1983","S65E","NITRATE+NITRITE-N","mg/L",0.094
"03/29/1983","S65E","NITRATE+NITRITE-N","mg/L",0.038
"04/14/1983","S65E","NITRATE+NITRITE-N","mg/L",0.09
"04/15/1983","S65E","NITRATE+NITRITE-N","mg/L",0.089
"04/26/1983","S65E","NITRATE+NITRITE-N","mg/L",0.057
"05/11/1983","S65E","NITRATE+NITRITE-N","mg/L",0.053
"05/12/1983","S65E","NITRATE+NITRITE-N","mg/L",0.042
"05/24/1983","S65E","NITRATE+NITRITE-N","mg/L",0.025
"06/07/1983","S65E","NITRATE+NITRITE-N","mg/L",0.061
"06/09/1983","S65E","NITRATE+NITRITE-N","mg/L",0.128
"06/21/1983","S65E","NITRATE+NITRITE-N","mg/L",0.034
"07/06/1983","S65E","NITRATE+NITRITE-N","mg/L",-0.004
"07/07/1983","S65E","NITRATE+NITRITE-N","mg/L",-0.004
"07/19/1983","S65E","NITRATE+NITRITE-N","mg/L",-0.004
"08/02/1983","S65E","NITRATE+NITRITE-N","mg/L",0.016
"08/03/1983","S65E","NITRATE+NITRITE-N","mg/L",0.015
"08/16/1983","S65E","NITRATE+NITRITE-N","mg/L",-0.004
"08/30/1983","S65E","NITRATE+NITRITE-N","mg/L",-0.004
"09/01/1983","S65E","NITRATE+NITRITE-N","mg/L",0.023
"09/12/1983","S65E","NITRATE+NITRITE-N","mg/L",0.016
"09/27/1983","S65E","NITRATE+NITRITE-N","mg/L",0.005
"09/28/1983","S65E","NITRATE+NITRITE-N","mg/L",0.006
"10/10/1983","S65E","NITRATE+NITRITE-N","mg/L",0.008
"10/25/1983","S65E","NITRATE+NITRITE-N","mg/L",0.079
"10/28/1983","S65E","NITRATE+NITRITE-N","mg/L",0.164
"11/08/1983","S65E","NITRATE+NITRITE-N","mg/L",0.321
"11/16/1983","S65E","NITRATE+NITRITE-N","mg/L",0.295
"11/21/1983","S65E","NITRATE+NITRITE-N","mg/L",0.243
"12/20/1983","S65E","NITRATE+NITRITE-N","mg/L",0.237
"12/29/1983","S65E","NITRATE+NITRITE-N","mg/L",-0.004
"01/04/1984","S65E","NITRATE+NITRITE-N","mg/L",0.004
"01/17/1984","S65E","NITRATE+NITRITE-N","mg/L",0.01
"01/25/1984","S65E","NITRATE+NITRITE-N","mg/L",0.031
"01/31/1984","S65E","NITRATE+NITRITE-N","mg/L",0.015
"02/14/1984","S65E","NITRATE+NITRITE-N","mg/L",0.018
"02/23/1984","S65E","NITRATE+NITRITE-N","mg/L",0.032
"02/29/1984","S65E","NITRATE+NITRITE-N","mg/L",0.049
"03/13/1984","S65E","NITRATE+NITRITE-N","mg/L",0.027
"03/21/1984","S65E","NITRATE+NITRITE-N","mg/L",0.023
"03/27/1984","S65E","NITRATE+NITRITE-N","mg/L",0.048
"04/09/1984","S65E","NITRATE+NITRITE-N","mg/L",0.012
"04/18/1984","S65E","NITRATE+NITRITE-N","mg/L",0.017
"05/31/1984","S65E","NITRATE+NITRITE-N","mg/L",-0.004
"06/04/1984","S65E","NITRATE+NITRITE-N","mg/L",-0.004
"06/19/1984","S65E","NITRATE+NITRITE-N","mg/L",0.022
"06/27/1984","S65E","NITRATE+NITRITE-N","mg/L",0.032
"07/31/1984","S65E","NITRATE+NITRITE-N","mg/L",0.036
"08/13/1984","S65E","NITRATE+NITRITE-N","mg/L",0.004
"08/22/1984","S65E","NITRATE+NITRITE-N","mg/L",0.022
"08/27/1984","S65E","NITRATE+NITRITE-N","mg/L",0.015
"09/10/1984","S65E","NITRATE+NITRITE-N","mg/L",0.018
"09/21/1984","S65E","NITRATE+NITRITE-N","mg/L",0.021
"09/25/1984","S65E","NITRATE+NITRITE-N","mg/L",0.054
"10/09/1984","S65E","NITRATE+NITRITE-N","mg/L",0.222
"10/23/1984","S65E","NITRATE+NITRITE-N","mg/L",0.214
"10/30/1984","S65E","NITRATE+NITRITE-N","mg/L",0.172666666666667
"11/06/1984","S65E","NITRATE+NITRITE-N","mg/L",0.161
"11/14/1984","S65E","NITRATE+NITRITE-N","mg/L",0.24
"12/04/1984","S65E","NITRATE+NITRITE-N","mg/L",0.221
"12/18/1984","S65E","NITRATE+NITRITE-N","mg/L",0.204
"12/27/1984","S65E","NITRATE+NITRITE-N","mg/L",0.162
"01/15/1985","S65E","NITRATE+NITRITE-N","mg/L",0.121
"01/24/1985","S65E","NITRATE+NITRITE-N","mg/L",0.15
"02/20/1985","S65E","NITRATE+NITRITE-N","mg/L",0.072
"02/26/1985","S65E","NITRATE+NITRITE-N","mg/L",0.051
"03/20/1985","S65E","NITRATE+NITRITE-N","mg/L",0.025
"03/26/1985","S65E","NITRATE+NITRITE-N","mg/L",0.052
"04/17/1985","S65E","NITRATE+NITRITE-N","mg/L",0.00933333333333333
"04/23/1985","S65E","NITRATE+NITRITE-N","mg/L",0.045
"05/06/1985","S65E","NITRATE+NITRITE-N","mg/L",0.005
"05/16/1985","S65E","NITRATE+NITRITE-N","mg/L",-0.004
"05/20/1985","S65E","NITRATE+NITRITE-N","mg/L",0.011
"06/19/1985","S65E","NITRATE+NITRITE-N","mg/L",-0.004
"06/26/1985","S65E","NITRATE+NITRITE-N","mg/L",0.005
"07/02/1985","S65E","NITRATE+NITRITE-N","mg/L",-0.004
"07/23/1985","S65E","NITRATE+NITRITE-N","mg/L",0.052
"07/30/1985","S65E","NITRATE+NITRITE-N","mg/L",0.2
"08/21/1985","S65E","NITRATE+NITRITE-N","mg/L",0.014
"08/27/1985","S65E","NITRATE+NITRITE-N","mg/L",0.04
"09/09/1985","S65E","NITRATE+NITRITE-N","mg/L",0.041
"09/19/1985","S65E","NITRATE+NITRITE-N","mg/L",0.055
"09/24/1985","S65E","NITRATE+NITRITE-N","mg/L",0.09
"10/08/1985","S65E","NITRATE+NITRITE-N","mg/L",0.109
"10/17/1985","S65E","NITRATE+NITRITE-N","mg/L",0.089
"10/22/1985","S65E","NITRATE+NITRITE-N","mg/L",0.092
"11/05/1985","S65E","NITRATE+NITRITE-N","mg/L",0.248
"11/14/1985","S65E","NITRATE+NITRITE-N","mg/L",0.233
"12/03/1985","S65E","NITRATE+NITRITE-N","mg/L",0.239
"12/12/1985","S65E","NITRATE+NITRITE-N","mg/L",0.253
"01/14/1986","S65E","NITRATE+NITRITE-N","mg/L",0.176
"01/16/1986","S65E","NITRATE+NITRITE-N","mg/L",0.161
"01/28/1986","S65E","NITRATE+NITRITE-N","mg/L",-0.004
"02/12/1986","S65E","NITRATE+NITRITE-N","mg/L",0.004
"02/18/1986","S65E","NITRATE+NITRITE-N","mg/L",-0.004
"02/25/1986","S65E","NITRATE+NITRITE-N","mg/L",-0.004
"03/18/1986","S65E","NITRATE+NITRITE-N","mg/L",0.031
"03/25/1986","S65E","NITRATE+NITRITE-N","mg/L",0.07
"04/08/1986","S65E","NITRATE+NITRITE-N","mg/L",-0.004
"04/15/1986","S65E","NITRATE+NITRITE-N","mg/L",0.004
"04/22/1986","S65E","NITRATE+NITRITE-N","mg/L",0.005
"05/06/1986","S65E","NITRATE+NITRITE-N","mg/L",0.013
"05/14/1986","S65E","NITRATE+NITRITE-N","mg/L",0.021
"05/20/1986","S65E","NITRATE+NITRITE-N","mg/L",0.018
"06/04/1986","S65E","NITRATE+NITRITE-N","mg/L",-0.004
"06/19/1986","S65E","NITRATE+NITRITE-N","mg/L",-0.004
"07/01/1986","S65E","NITRATE+NITRITE-N","mg/L",0.017
"07/15/1986","S65E","NITRATE+NITRITE-N","mg/L",0.031
"07/17/1986","S65E","NITRATE+NITRITE-N","mg/L",0.015
"07/29/1986","S65E","NITRATE+NITRITE-N","mg/L",0.031
"08/14/1986","S65E","NITRATE+NITRITE-N","mg/L",0.0305
"08/26/1986","S65E","NITRATE+NITRITE-N","mg/L",0.065
"09/09/1986","S65E","NITRATE+NITRITE-N","mg/L",0.016
"09/10/1986","S65E","NITRATE+NITRITE-N","mg/L",0.03
"09/23/1986","S65E","NITRATE+NITRITE-N","mg/L",0.036
"10/07/1986","S65E","NITRATE+NITRITE-N","mg/L",0.062
"10/09/1986","S65E","NITRATE+NITRITE-N","mg/L",0.05
"10/21/1986","S65E","NITRATE+NITRITE-N","mg/L",0.131
"11/04/1986","S65E","NITRATE+NITRITE-N","mg/L",0.22
"11/06/1986","S65E","NITRATE+NITRITE-N","mg/L",0.267
"11/18/1986","S65E","NITRATE+NITRITE-N","mg/L",0.209
"12/03/1986","S65E","NITRATE+NITRITE-N","mg/L",0.195
"12/04/1986","S65E","NITRATE+NITRITE-N","mg/L",0.213
"12/18/1986","S65E","NITRATE+NITRITE-N","mg/L",0.21
"01/07/1987","S65E","NITRATE+NITRITE-N","mg/L",0.099
"01/08/1987","S65E","NITRATE+NITRITE-N","mg/L",0.103
"01/15/1987","S65E","NITRATE+NITRITE-N","mg/L",0.01
"01/22/1987","S65E","NITRATE+NITRITE-N","mg/L",-0.004
"01/29/1987","S65E","NITRATE+NITRITE-N","mg/L",0.019
"02/03/1987","S65E","NITRATE+NITRITE-N","mg/L",0.006
"02/05/1987","S65E","NITRATE+NITRITE-N","mg/L",0.016
"02/12/1987","S65E","NITRATE+NITRITE-N","mg/L",0.038
"02/18/1987","S65E","NITRATE+NITRITE-N","mg/L",0.038
"02/19/1987","S65E","NITRATE+NITRITE-N","mg/L",0.044
"02/26/1987","S65E","NITRATE+NITRITE-N","mg/L",0.091
"03/03/1987","S65E","NITRATE+NITRITE-N","mg/L",0.037
"03/05/1987","S65E","NITRATE+NITRITE-N","mg/L",0.044
"03/12/1987","S65E","NITRATE+NITRITE-N","mg/L",0.057
"03/17/1987","S65E","NITRATE+NITRITE-N","mg/L",0.019
"03/19/1987","S65E","NITRATE+NITRITE-N","mg/L",0.006
"03/26/1987","S65E","NITRATE+NITRITE-N","mg/L",0.011
"03/31/1987","S65E","NITRATE+NITRITE-N","mg/L",0.049
"04/14/1987","S65E","NITRATE+NITRITE-N","mg/L",0.023
"04/22/1987","S65E","NITRATE+NITRITE-N","mg/L",0.016
"04/28/1987","S65E","NITRATE+NITRITE-N","mg/L",0.026
"05/11/1987","S65E","NITRATE+NITRITE-N","mg/L",0.033
"05/13/1987","S65E","NITRATE+NITRITE-N","mg/L",0.043
"05/20/1987","S65E","NITRATE+NITRITE-N","mg/L",0.077
"05/26/1987","S65E","NITRATE+NITRITE-N","mg/L",0.074
"06/01/1987","S65E","NITRATE+NITRITE-N","mg/L",0.035
"06/17/1987","S65E","NITRATE+NITRITE-N","mg/L",0.004
"06/24/1987","S65E","NITRATE+NITRITE-N","mg/L",-0.004
"07/01/1987","S65E","NITRATE+NITRITE-N","mg/L",0.008
"07/08/1987","S65E","NITRATE+NITRITE-N","mg/L",0.006
"07/16/1987","S65E","NITRATE+NITRITE-N","mg/L",0.006
"07/21/1987","S65E","NITRATE+NITRITE-N","mg/L",0.016
"07/30/1987","S65E","NITRATE+NITRITE-N","mg/L",0.008
"08/04/1987","S65E","NITRATE+NITRITE-N","mg/L",0.016
"08/12/1987","S65E","NITRATE+NITRITE-N","mg/L",0.012
"08/18/1987","S65E","NITRATE+NITRITE-N","mg/L",0.035
"08/28/1987","S65E","NITRATE+NITRITE-N","mg/L",0.024
"09/09/1987","S65E","NITRATE+NITRITE-N","mg/L",0.004
"09/24/1987","S65E","NITRATE+NITRITE-N","mg/L",0.01
"09/29/1987","S65E","NITRATE+NITRITE-N","mg/L",0.021
"10/07/1987","S65E","NITRATE+NITRITE-N","mg/L",0.062
"10/13/1987","S65E","NITRATE+NITRITE-N","mg/L",0.136
"10/21/1987","S65E","NITRATE+NITRITE-N","mg/L",0.057
"10/28/1987","S65E","NITRATE+NITRITE-N","mg/L",0.065
"11/04/1987","S65E","NITRATE+NITRITE-N","mg/L",0.062
"11/10/1987","S65E","NITRATE+NITRITE-N","mg/L",0.058
"11/18/1987","S65E","NITRATE+NITRITE-N","mg/L",0.077
"11/24/1987","S65E","NITRATE+NITRITE-N","mg/L",0.054
"12/03/1987","S65E","NITRATE+NITRITE-N","mg/L",0.023
"12/08/1987","S65E","NITRATE+NITRITE-N","mg/L",0.028
"12/17/1987","S65E","NITRATE+NITRITE-N","mg/L",0.048
"12/22/1987","S65E","NITRATE+NITRITE-N","mg/L",0.049
"12/28/1987","S65E","NITRATE+NITRITE-N","mg/L",0.058
"12/30/1987","S65E","NITRATE+NITRITE-N","mg/L",0.057
"01/01/1988","S65E","NITRATE+NITRITE-N","mg/L",0.058
"01/03/1988","S65E","NITRATE+NITRITE-N","mg/L",0.053
"01/05/1988","S65E","NITRATE+NITRITE-N","mg/L",0.073
"01/06/1988","S65E","NITRATE+NITRITE-N","mg/L",0.0835
"01/07/1988","S65E","NITRATE+NITRITE-N","mg/L",0.081
"01/09/1988","S65E","NITRATE+NITRITE-N","mg/L",0.077
"01/10/1988","S65E","NITRATE+NITRITE-N","mg/L",0.052
"01/12/1988","S65E","NITRATE+NITRITE-N","mg/L",0.082
"01/13/1988","S65E","NITRATE+NITRITE-N","mg/L",0.107
"01/14/1988","S65E","NITRATE+NITRITE-N","mg/L",0.112
"01/15/1988","S65E","NITRATE+NITRITE-N","mg/L",0.113
"01/19/1988","S65E","NITRATE+NITRITE-N","mg/L",0.138
"01/21/1988","S65E","NITRATE+NITRITE-N","mg/L",0.1275
"01/22/1988","S65E","NITRATE+NITRITE-N","mg/L",0.118
"01/23/1988","S65E","NITRATE+NITRITE-N","mg/L",0.114
"01/25/1988","S65E","NITRATE+NITRITE-N","mg/L",0.143
"01/26/1988","S65E","NITRATE+NITRITE-N","mg/L",0.115
"01/27/1988","S65E","NITRATE+NITRITE-N","mg/L",0.112
"01/29/1988","S65E","NITRATE+NITRITE-N","mg/L",0.092
"02/01/1988","S65E","NITRATE+NITRITE-N","mg/L",0.087
"02/02/1988","S65E","NITRATE+NITRITE-N","mg/L",0.069
"02/04/1988","S65E","NITRATE+NITRITE-N","mg/L",0.087
"02/06/1988","S65E","NITRATE+NITRITE-N","mg/L",0.075
"02/08/1988","S65E","NITRATE+NITRITE-N","mg/L",0.062
"02/11/1988","S65E","NITRATE+NITRITE-N","mg/L",0.075
"02/14/1988","S65E","NITRATE+NITRITE-N","mg/L",0.081
"02/16/1988","S65E","NITRATE+NITRITE-N","mg/L",0.07
"02/17/1988","S65E","NITRATE+NITRITE-N","mg/L",0.082
"02/18/1988","S65E","NITRATE+NITRITE-N","mg/L",0.089
"02/20/1988","S65E","NITRATE+NITRITE-N","mg/L",0.069
"02/22/1988","S65E","NITRATE+NITRITE-N","mg/L",0.0825
"02/23/1988","S65E","NITRATE+NITRITE-N","mg/L",0.083
"02/25/1988","S65E","NITRATE+NITRITE-N","mg/L",0.074
"02/26/1988","S65E","NITRATE+NITRITE-N","mg/L",0.086
"02/27/1988","S65E","NITRATE+NITRITE-N","mg/L",0.084
"02/29/1988","S65E","NITRATE+NITRITE-N","mg/L",0.093
"03/01/1988","S65E","NITRATE+NITRITE-N","mg/L",0.0915
"03/03/1988","S65E","NITRATE+NITRITE-N","mg/L",0.098
"03/05/1988","S65E","NITRATE+NITRITE-N","mg/L",0.057
"03/06/1988","S65E","NITRATE+NITRITE-N","mg/L",0.043
"03/07/1988","S65E","NITRATE+NITRITE-N","mg/L",0.088
"03/08/1988","S65E","NITRATE+NITRITE-N","mg/L",0.092
"03/10/1988","S65E","NITRATE+NITRITE-N","mg/L",0.069
"03/13/1988","S65E","NITRATE+NITRITE-N","mg/L",0.095
"03/14/1988","S65E","NITRATE+NITRITE-N","mg/L",0.0925
"03/15/1988","S65E","NITRATE+NITRITE-N","mg/L",0.06
"03/16/1988","S65E","NITRATE+NITRITE-N","mg/L",0.088
"03/17/1988","S65E","NITRATE+NITRITE-N","mg/L",0.061
"03/19/1988","S65E","NITRATE+NITRITE-N","mg/L",0.077
"03/20/1988","S65E","NITRATE+NITRITE-N","mg/L",0.073
"03/21/1988","S65E","NITRATE+NITRITE-N","mg/L",0.1465
"03/22/1988","S65E","NITRATE+NITRITE-N","mg/L",0.112
"03/23/1988","S65E","NITRATE+NITRITE-N","mg/L",0.094
"03/28/1988","S65E","NITRATE+NITRITE-N","mg/L",0.0035
"03/29/1988","S65E","NITRATE+NITRITE-N","mg/L",0.011
"03/30/1988","S65E","NITRATE+NITRITE-N","mg/L",0.299
"04/01/1988","S65E","NITRATE+NITRITE-N","mg/L",0.112
"04/02/1988","S65E","NITRATE+NITRITE-N","mg/L",0.038
"04/03/1988","S65E","NITRATE+NITRITE-N","mg/L",0.029
"04/04/1988","S65E","NITRATE+NITRITE-N","mg/L",0.058
"04/06/1988","S65E","NITRATE+NITRITE-N","mg/L",0.087
"04/07/1988","S65E","NITRATE+NITRITE-N","mg/L",0.076
"04/08/1988","S65E","NITRATE+NITRITE-N","mg/L",0.095
"04/09/1988","S65E","NITRATE+NITRITE-N","mg/L",0.0345
"04/10/1988","S65E","NITRATE+NITRITE-N","mg/L",0.006
"04/11/1988","S65E","NITRATE+NITRITE-N","mg/L",0.0956666666666667
"04/12/1988","S65E","NITRATE+NITRITE-N","mg/L",0.118666666666667
"04/13/1988","S65E","NITRATE+NITRITE-N","mg/L",0.197
"04/14/1988","S65E","NITRATE+NITRITE-N","mg/L",0.1
"04/18/1988","S65E","NITRATE+NITRITE-N","mg/L",0.14075
"04/19/1988","S65E","NITRATE+NITRITE-N","mg/L",0.174
"04/20/1988","S65E","NITRATE+NITRITE-N","mg/L",0.21
"04/21/1988","S65E","NITRATE+NITRITE-N","mg/L",0.19
"04/22/1988","S65E","NITRATE+NITRITE-N","mg/L",0.095
"04/23/1988","S65E","NITRATE+NITRITE-N","mg/L",0.048
"04/24/1988","S65E","NITRATE+NITRITE-N","mg/L",0.022
"04/25/1988","S65E","NITRATE+NITRITE-N","mg/L",0.05
"04/26/1988","S65E","NITRATE+NITRITE-N","mg/L",0.044
"04/28/1988","S65E","NITRATE+NITRITE-N","mg/L",0.069
"04/29/1988","S65E","NITRATE+NITRITE-N","mg/L",0.072
"04/30/1988","S65E","NITRATE+NITRITE-N","mg/L",0.087
"05/01/1988","S65E","NITRATE+NITRITE-N","mg/L",0.098
"05/02/1988","S65E","NITRATE+NITRITE-N","mg/L",0.113
"05/03/1988","S65E","NITRATE+NITRITE-N","mg/L",0.111
"05/04/1988","S65E","NITRATE+NITRITE-N","mg/L",0.146
"05/05/1988","S65E","NITRATE+NITRITE-N","mg/L",0.103
"05/06/1988","S65E","NITRATE+NITRITE-N","mg/L",0.107
"05/08/1988","S65E","NITRATE+NITRITE-N","mg/L",0.088
"05/09/1988","S65E","NITRATE+NITRITE-N","mg/L",0.111
"05/10/1988","S65E","NITRATE+NITRITE-N","mg/L",0.106
"05/11/1988","S65E","NITRATE+NITRITE-N","mg/L",0.088
"05/12/1988","S65E","NITRATE+NITRITE-N","mg/L",0.1
"05/13/1988","S65E","NITRATE+NITRITE-N","mg/L",0.0665
"05/14/1988","S65E","NITRATE+NITRITE-N","mg/L",0.0505
"05/17/1988","S65E","NITRATE+NITRITE-N","mg/L",0.0956666666666667
"05/18/1988","S65E","NITRATE+NITRITE-N","mg/L",0.24
"05/22/1988","S65E","NITRATE+NITRITE-N","mg/L",0.077
"05/23/1988","S65E","NITRATE+NITRITE-N","mg/L",0.013
"05/24/1988","S65E","NITRATE+NITRITE-N","mg/L",0.051
"05/25/1988","S65E","NITRATE+NITRITE-N","mg/L",0.028
"05/26/1988","S65E","NITRATE+NITRITE-N","mg/L",0.009
"05/28/1988","S65E","NITRATE+NITRITE-N","mg/L",0.007
"05/29/1988","S65E","NITRATE+NITRITE-N","mg/L",0.05
"05/31/1988","S65E","NITRATE+NITRITE-N","mg/L",0.009
"06/01/1988","S65E","NITRATE+NITRITE-N","mg/L",0.073
"06/02/1988","S65E","NITRATE+NITRITE-N","mg/L",0.195
"06/03/1988","S65E","NITRATE+NITRITE-N","mg/L",0.154
"06/04/1988","S65E","NITRATE+NITRITE-N","mg/L",0.085
"06/05/1988","S65E","NITRATE+NITRITE-N","mg/L",0.096
"06/06/1988","S65E","NITRATE+NITRITE-N","mg/L",0.129
"06/07/1988","S65E","NITRATE+NITRITE-N","mg/L",0.0965
"06/08/1988","S65E","NITRATE+NITRITE-N","mg/L",0.127
"06/09/1988","S65E","NITRATE+NITRITE-N","mg/L",0.114
"06/10/1988","S65E","NITRATE+NITRITE-N","mg/L",0.098
"06/11/1988","S65E","NITRATE+NITRITE-N","mg/L",0.071
"06/12/1988","S65E","NITRATE+NITRITE-N","mg/L",0.047
"06/14/1988","S65E","NITRATE+NITRITE-N","mg/L",0.024
"06/15/1988","S65E","NITRATE+NITRITE-N","mg/L",-0.004
"06/16/1988","S65E","NITRATE+NITRITE-N","mg/L",-0.004
"06/17/1988","S65E","NITRATE+NITRITE-N","mg/L",0.06
"06/18/1988","S65E","NITRATE+NITRITE-N","mg/L",0.065
"06/19/1988","S65E","NITRATE+NITRITE-N","mg/L",-0.004
"06/20/1988","S65E","NITRATE+NITRITE-N","mg/L",0.0555
"06/21/1988","S65E","NITRATE+NITRITE-N","mg/L",0.0205
"06/28/1988","S65E","NITRATE+NITRITE-N","mg/L",0.004
"06/29/1988","S65E","NITRATE+NITRITE-N","mg/L",0.162
"06/30/1988","S65E","NITRATE+NITRITE-N","mg/L",0.1495
"07/01/1988","S65E","NITRATE+NITRITE-N","mg/L",0.063
"07/02/1988","S65E","NITRATE+NITRITE-N","mg/L",0.061
"07/03/1988","S65E","NITRATE+NITRITE-N","mg/L",0.033
"07/05/1988","S65E","NITRATE+NITRITE-N","mg/L",0.006
"07/06/1988","S65E","NITRATE+NITRITE-N","mg/L",0.088
"07/07/1988","S65E","NITRATE+NITRITE-N","mg/L",0.111
"07/08/1988","S65E","NITRATE+NITRITE-N","mg/L",0.114
"07/09/1988","S65E","NITRATE+NITRITE-N","mg/L",0.0825
"07/12/1988","S65E","NITRATE+NITRITE-N","mg/L",0.1085
"07/13/1988","S65E","NITRATE+NITRITE-N","mg/L",0.053
"07/14/1988","S65E","NITRATE+NITRITE-N","mg/L",0.032
"07/15/1988","S65E","NITRATE+NITRITE-N","mg/L",0.014
"07/16/1988","S65E","NITRATE+NITRITE-N","mg/L",0.048
"07/17/1988","S65E","NITRATE+NITRITE-N","mg/L",0.025
"07/18/1988","S65E","NITRATE+NITRITE-N","mg/L",0.01
"07/19/1988","S65E","NITRATE+NITRITE-N","mg/L",0.002
"07/25/1988","S65E","NITRATE+NITRITE-N","mg/L",-0.004
"07/26/1988","S65E","NITRATE+NITRITE-N","mg/L",0.179
"07/27/1988","S65E","NITRATE+NITRITE-N","mg/L",0.035
"08/02/1988","S65E","NITRATE+NITRITE-N","mg/L",0.017
"08/03/1988","S65E","NITRATE+NITRITE-N","mg/L",0.005
"08/09/1988","S65E","NITRATE+NITRITE-N","mg/L",0.01
"08/15/1988","S65E","NITRATE+NITRITE-N","mg/L",-0.004
"08/16/1988","S65E","NITRATE+NITRITE-N","mg/L",0.02
"08/17/1988","S65E","NITRATE+NITRITE-N","mg/L",0.02
"08/18/1988","S65E","NITRATE+NITRITE-N","mg/L",0.095
"08/19/1988","S65E","NITRATE+NITRITE-N","mg/L",0.063
"08/20/1988","S65E","NITRATE+NITRITE-N","mg/L",0.058
"08/22/1988","S65E","NITRATE+NITRITE-N","mg/L",0.048
"08/23/1988","S65E","NITRATE+NITRITE-N","mg/L",0.069
"08/25/1988","S65E","NITRATE+NITRITE-N","mg/L",0.063
"08/27/1988","S65E","NITRATE+NITRITE-N","mg/L",0.085
"08/28/1988","S65E","NITRATE+NITRITE-N","mg/L",0.058
"08/29/1988","S65E","NITRATE+NITRITE-N","mg/L",0.034
"08/30/1988","S65E","NITRATE+NITRITE-N","mg/L",0.04
"08/31/1988","S65E","NITRATE+NITRITE-N","mg/L",0.181
"09/01/1988","S65E","NITRATE+NITRITE-N","mg/L",0.073
"09/02/1988","S65E","NITRATE+NITRITE-N","mg/L",0.043
"09/04/1988","S65E","NITRATE+NITRITE-N","mg/L",0.012
"09/05/1988","S65E","NITRATE+NITRITE-N","mg/L",0.084
"09/07/1988","S65E","NITRATE+NITRITE-N","mg/L",0.033
"09/12/1988","S65E","NITRATE+NITRITE-N","mg/L",0.048
"09/13/1988","S65E","NITRATE+NITRITE-N","mg/L",0.029
"09/19/1988","S65E","NITRATE+NITRITE-N","mg/L",-0.004
"09/26/1988","S65E","NITRATE+NITRITE-N","mg/L",0.001
"09/27/1988","S65E","NITRATE+NITRITE-N","mg/L",0.005
"09/29/1988","S65E","NITRATE+NITRITE-N","mg/L",0.017
"10/03/1988","S65E","NITRATE+NITRITE-N","mg/L",0.011
"10/10/1988","S65E","NITRATE+NITRITE-N","mg/L",0.0335
"10/11/1988","S65E","NITRATE+NITRITE-N","mg/L",0.041
"10/17/1988","S65E","NITRATE+NITRITE-N","mg/L",0.244
"10/19/1988","S65E","NITRATE+NITRITE-N","mg/L",0.164
"10/21/1988","S65E","NITRATE+NITRITE-N","mg/L",0.035
"10/23/1988","S65E","NITRATE+NITRITE-N","mg/L",0.109
"10/24/1988","S65E","NITRATE+NITRITE-N","mg/L",0.233
"10/25/1988","S65E","NITRATE+NITRITE-N","mg/L",0.182
"10/31/1988","S65E","NITRATE+NITRITE-N","mg/L",0.192
"11/07/1988","S65E","NITRATE+NITRITE-N","mg/L",0.176
"11/21/1988","S65E","NITRATE+NITRITE-N","mg/L",0.208
"11/22/1988","S65E","NITRATE+NITRITE-N","mg/L",0.252
"12/05/1988","S65E","NITRATE+NITRITE-N","mg/L",0.409
"12/19/1988","S65E","NITRATE+NITRITE-N","mg/L",0.329
"12/28/1988","S65E","NITRATE+NITRITE-N","mg/L",0.111
"12/30/1988","S65E","NITRATE+NITRITE-N","mg/L",0.193
"01/01/1989","S65E","NITRATE+NITRITE-N","mg/L",0.008
"01/03/1989","S65E","NITRATE+NITRITE-N","mg/L",0.22
"01/11/1989","S65E","NITRATE+NITRITE-N","mg/L",0.198
"01/13/1989","S65E","NITRATE+NITRITE-N","mg/L",0.171
"01/15/1989","S65E","NITRATE+NITRITE-N","mg/L",0.154
"01/17/1989","S65E","NITRATE+NITRITE-N","mg/L",0.246
"01/23/1989","S65E","NITRATE+NITRITE-N","mg/L",0.264
"01/24/1989","S65E","NITRATE+NITRITE-N","mg/L",0.021
"01/26/1989","S65E","NITRATE+NITRITE-N","mg/L",0.009
"01/29/1989","S65E","NITRATE+NITRITE-N","mg/L",0.012
"01/30/1989","S65E","NITRATE+NITRITE-N","mg/L",0.2145
"01/31/1989","S65E","NITRATE+NITRITE-N","mg/L",0.189
"02/06/1989","S65E","NITRATE+NITRITE-N","mg/L",0.01
"02/08/1989","S65E","NITRATE+NITRITE-N","mg/L",0.083
"02/10/1989","S65E","NITRATE+NITRITE-N","mg/L",0.009
"02/12/1989","S65E","NITRATE+NITRITE-N","mg/L",0.007
"02/13/1989","S65E","NITRATE+NITRITE-N","mg/L",0.0195
"02/14/1989","S65E","NITRATE+NITRITE-N","mg/L",0.008
"02/18/1989","S65E","NITRATE+NITRITE-N","mg/L",-0.004
"02/20/1989","S65E","NITRATE+NITRITE-N","mg/L",-0.004
"02/22/1989","S65E","NITRATE+NITRITE-N","mg/L",0.003
"02/27/1989","S65E","NITRATE+NITRITE-N","mg/L",0.023
"02/28/1989","S65E","NITRATE+NITRITE-N","mg/L",0.032
"03/04/1989","S65E","NITRATE+NITRITE-N","mg/L",0.021
"03/06/1989","S65E","NITRATE+NITRITE-N","mg/L",0.033
"03/09/1989","S65E","NITRATE+NITRITE-N","mg/L",0.0435
"03/10/1989","S65E","NITRATE+NITRITE-N","mg/L",-0.004
"03/13/1989","S65E","NITRATE+NITRITE-N","mg/L",0.008
"03/15/1989","S65E","NITRATE+NITRITE-N","mg/L",0.03
"03/16/1989","S65E","NITRATE+NITRITE-N","mg/L",0.008
"03/17/1989","S65E","NITRATE+NITRITE-N","mg/L",-0.004
"03/19/1989","S65E","NITRATE+NITRITE-N","mg/L",-0.004
"03/21/1989","S65E","NITRATE+NITRITE-N","mg/L",-0.004
"03/22/1989","S65E","NITRATE+NITRITE-N","mg/L",0.015
"03/24/1989","S65E","NITRATE+NITRITE-N","mg/L",0.004
"03/27/1989","S65E","NITRATE+NITRITE-N","mg/L",0.00633333333333333
"03/28/1989","S65E","NITRATE+NITRITE-N","mg/L",0.009
"03/29/1989","S65E","NITRATE+NITRITE-N","mg/L",0.0141666666666667
"04/07/1989","S65E","NITRATE+NITRITE-N","mg/L",0.029
"04/08/1989","S65E","NITRATE+NITRITE-N","mg/L",0.017
"04/09/1989","S65E","NITRATE+NITRITE-N","mg/L",0.018
"04/10/1989","S65E","NITRATE+NITRITE-N","mg/L",0
"04/11/1989","S65E","NITRATE+NITRITE-N","mg/L",0.001
"04/13/1989","S65E","NITRATE+NITRITE-N","mg/L",0.006
"04/16/1989","S65E","NITRATE+NITRITE-N","mg/L",0.004
"04/17/1989","S65E","NITRATE+NITRITE-N","mg/L",0.005
"04/20/1989","S65E","NITRATE+NITRITE-N","mg/L",0.019
"04/22/1989","S65E","NITRATE+NITRITE-N","mg/L",0.017
"04/23/1989","S65E","NITRATE+NITRITE-N","mg/L",-0.004
"04/24/1989","S65E","NITRATE+NITRITE-N","mg/L",-0.004
"04/25/1989","S65E","NITRATE+NITRITE-N","mg/L",0.012
"04/26/1989","S65E","NITRATE+NITRITE-N","mg/L",5e-04
"04/29/1989","S65E","NITRATE+NITRITE-N","mg/L",-0.004
"05/01/1989","S65E","NITRATE+NITRITE-N","mg/L",-0.004
"05/03/1989","S65E","NITRATE+NITRITE-N","mg/L",-0.004
"05/06/1989","S65E","NITRATE+NITRITE-N","mg/L",-0.004
"05/08/1989","S65E","NITRATE+NITRITE-N","mg/L",0.0795
"05/10/1989","S65E","NITRATE+NITRITE-N","mg/L",0.031
"05/13/1989","S65E","NITRATE+NITRITE-N","mg/L",0.004
"05/14/1989","S65E","NITRATE+NITRITE-N","mg/L",-0.004
"05/16/1989","S65E","NITRATE+NITRITE-N","mg/L",-0.004
"05/17/1989","S65E","NITRATE+NITRITE-N","mg/L",-0.004
"05/20/1989","S65E","NITRATE+NITRITE-N","mg/L",-0.004
"05/22/1989","S65E","NITRATE+NITRITE-N","mg/L",0.0075
"05/24/1989","S65E","NITRATE+NITRITE-N","mg/L",0.017
"05/26/1989","S65E","NITRATE+NITRITE-N","mg/L",-0.004
"05/28/1989","S65E","NITRATE+NITRITE-N","mg/L",0.01
"05/30/1989","S65E","NITRATE+NITRITE-N","mg/L",-0.004
"06/01/1989","S65E","NITRATE+NITRITE-N","mg/L",0.006
"06/03/1989","S65E","NITRATE+NITRITE-N","mg/L",-0.004
"06/05/1989","S65E","NITRATE+NITRITE-N","mg/L",0.006
"06/07/1989","S65E","NITRATE+NITRITE-N","mg/L",-0.004
"06/09/1989","S65E","NITRATE+NITRITE-N","mg/L",-0.004
"06/11/1989","S65E","NITRATE+NITRITE-N","mg/L",0.004
"06/12/1989","S65E","NITRATE+NITRITE-N","mg/L",0.005
"06/13/1989","S65E","NITRATE+NITRITE-N","mg/L",0.009
"06/16/1989","S65E","NITRATE+NITRITE-N","mg/L",0.007
"06/19/1989","S65E","NITRATE+NITRITE-N","mg/L",0.0085
"06/20/1989","S65E","NITRATE+NITRITE-N","mg/L",0.015
"06/21/1989","S65E","NITRATE+NITRITE-N","mg/L",0.007
"06/22/1989","S65E","NITRATE+NITRITE-N","mg/L",-0.004
"06/26/1989","S65E","NITRATE+NITRITE-N","mg/L",-0.004
"07/03/1989","S65E","NITRATE+NITRITE-N","mg/L",-0.004
"07/05/1989","S65E","NITRATE+NITRITE-N","mg/L",-0.004
"07/11/1989","S65E","NITRATE+NITRITE-N","mg/L",0.005
"07/17/1989","S65E","NITRATE+NITRITE-N","mg/L",0.007
"07/18/1989","S65E","NITRATE+NITRITE-N","mg/L",-0.004
"07/19/1989","S65E","NITRATE+NITRITE-N","mg/L",0.006
"07/25/1989","S65E","NITRATE+NITRITE-N","mg/L",0.009
"07/26/1989","S65E","NITRATE+NITRITE-N","mg/L",-0.004
"07/27/1989","S65E","NITRATE+NITRITE-N","mg/L",-0.004
"07/28/1989","S65E","NITRATE+NITRITE-N","mg/L",-0.004
"07/31/1989","S65E","NITRATE+NITRITE-N","mg/L",5e-04
"08/01/1989","S65E","NITRATE+NITRITE-N","mg/L",-0.004
"08/02/1989","S65E","NITRATE+NITRITE-N","mg/L",0.009
"08/03/1989","S65E","NITRATE+NITRITE-N","mg/L",-0.004
"08/06/1989","S65E","NITRATE+NITRITE-N","mg/L",-0.004
"08/07/1989","S65E","NITRATE+NITRITE-N","mg/L",0.006
"08/08/1989","S65E","NITRATE+NITRITE-N","mg/L",0.006
"08/09/1989","S65E","NITRATE+NITRITE-N","mg/L",0.006
"08/12/1989","S65E","NITRATE+NITRITE-N","mg/L",-0.004
"08/14/1989","S65E","NITRATE+NITRITE-N","mg/L",0.0135
"08/15/1989","S65E","NITRATE+NITRITE-N","mg/L",-0.004
"08/16/1989","S65E","NITRATE+NITRITE-N","mg/L",0.012
"08/18/1989","S65E","NITRATE+NITRITE-N","mg/L",0.013
"08/19/1989","S65E","NITRATE+NITRITE-N","mg/L",0.014
"08/21/1989","S65E","NITRATE+NITRITE-N","mg/L",0.014
"08/22/1989","S65E","NITRATE+NITRITE-N","mg/L",0.013
"08/23/1989","S65E","NITRATE+NITRITE-N","mg/L",0.075
"08/26/1989","S65E","NITRATE+NITRITE-N","mg/L",-0.004
"08/27/1989","S65E","NITRATE+NITRITE-N","mg/L",0.052
"08/28/1989","S65E","NITRATE+NITRITE-N","mg/L",0.011
"08/29/1989","S65E","NITRATE+NITRITE-N","mg/L",0.01
"08/30/1989","S65E","NITRATE+NITRITE-N","mg/L",-0.004
"09/01/1989","S65E","NITRATE+NITRITE-N","mg/L",0.008
"09/04/1989","S65E","NITRATE+NITRITE-N","mg/L",-0.004
"09/05/1989","S65E","NITRATE+NITRITE-N","mg/L",0.013
"09/06/1989","S65E","NITRATE+NITRITE-N","mg/L",0.02
"09/07/1989","S65E","NITRATE+NITRITE-N","mg/L",0.029
"09/08/1989","S65E","NITRATE+NITRITE-N","mg/L",0.014
"09/09/1989","S65E","NITRATE+NITRITE-N","mg/L",0.006
"09/11/1989","S65E","NITRATE+NITRITE-N","mg/L",0.011
"09/12/1989","S65E","NITRATE+NITRITE-N","mg/L",0.012
"09/13/1989","S65E","NITRATE+NITRITE-N","mg/L",0.018
"09/14/1989","S65E","NITRATE+NITRITE-N","mg/L",0.01
"09/17/1989","S65E","NITRATE+NITRITE-N","mg/L",0.023
"09/19/1989","S65E","NITRATE+NITRITE-N","mg/L",0.029
"09/20/1989","S65E","NITRATE+NITRITE-N","mg/L",0.044
"09/23/1989","S65E","NITRATE+NITRITE-N","mg/L",0.046
"09/25/1989","S65E","NITRATE+NITRITE-N","mg/L",0.065
"09/27/1989","S65E","NITRATE+NITRITE-N","mg/L",0.053
"09/29/1989","S65E","NITRATE+NITRITE-N","mg/L",0.063
"10/02/1989","S65E","NITRATE+NITRITE-N","mg/L",0.072
"10/03/1989","S65E","NITRATE+NITRITE-N","mg/L",0.042
"10/06/1989","S65E","NITRATE+NITRITE-N","mg/L",0.01
"10/09/1989","S65E","NITRATE+NITRITE-N","mg/L",0.0526666666666667
"10/11/1989","S65E","NITRATE+NITRITE-N","mg/L",0.0545
"10/14/1989","S65E","NITRATE+NITRITE-N","mg/L",0.054
"10/16/1989","S65E","NITRATE+NITRITE-N","mg/L",0.044
"10/17/1989","S65E","NITRATE+NITRITE-N","mg/L",0.048
"10/18/1989","S65E","NITRATE+NITRITE-N","mg/L",0.026
"10/21/1989","S65E","NITRATE+NITRITE-N","mg/L",0.054
"10/22/1989","S65E","NITRATE+NITRITE-N","mg/L",0.072
"10/23/1989","S65E","NITRATE+NITRITE-N","mg/L",0.061
"10/24/1989","S65E","NITRATE+NITRITE-N","mg/L",0.0825
"10/26/1989","S65E","NITRATE+NITRITE-N","mg/L",0.129
"10/29/1989","S65E","NITRATE+NITRITE-N","mg/L",0.034
"10/30/1989","S65E","NITRATE+NITRITE-N","mg/L",0.081
"10/31/1989","S65E","NITRATE+NITRITE-N","mg/L",0.129
"11/03/1989","S65E","NITRATE+NITRITE-N","mg/L",0.107
"11/05/1989","S65E","NITRATE+NITRITE-N","mg/L",0.126
"11/06/1989","S65E","NITRATE+NITRITE-N","mg/L",0.095
"11/08/1989","S65E","NITRATE+NITRITE-N","mg/L",0.095
"11/13/1989","S65E","NITRATE+NITRITE-N","mg/L",0.1005
"11/14/1989","S65E","NITRATE+NITRITE-N","mg/L",0.106
"11/16/1989","S65E","NITRATE+NITRITE-N","mg/L",0.105
"11/17/1989","S65E","NITRATE+NITRITE-N","mg/L",0.078
"11/20/1989","S65E","NITRATE+NITRITE-N","mg/L",0.161
"11/22/1989","S65E","NITRATE+NITRITE-N","mg/L",0.207
"11/23/1989","S65E","NITRATE+NITRITE-N","mg/L",0.141
"11/25/1989","S65E","NITRATE+NITRITE-N","mg/L",0.167
"11/27/1989","S65E","NITRATE+NITRITE-N","mg/L",0.213
"11/28/1989","S65E","NITRATE+NITRITE-N","mg/L",0.147
"12/02/1989","S65E","NITRATE+NITRITE-N","mg/L",0.16
"12/04/1989","S65E","NITRATE+NITRITE-N","mg/L",0.227666666666667
"12/11/1989","S65E","NITRATE+NITRITE-N","mg/L",0.2205
"12/18/1989","S65E","NITRATE+NITRITE-N","mg/L",0.252
"12/19/1989","S65E","NITRATE+NITRITE-N","mg/L",0.1935
"12/20/1989","S65E","NITRATE+NITRITE-N","mg/L",0.141
"12/21/1989","S65E","NITRATE+NITRITE-N","mg/L",0.156
"12/22/1989","S65E","NITRATE+NITRITE-N","mg/L",0.196
"12/23/1989","S65E","NITRATE+NITRITE-N","mg/L",0.186
"12/24/1989","S65E","NITRATE+NITRITE-N","mg/L",0.157
"12/26/1989","S65E","NITRATE+NITRITE-N","mg/L",0.249
"12/27/1989","S65E","NITRATE+NITRITE-N","mg/L",0.176
"12/28/1989","S65E","NITRATE+NITRITE-N","mg/L",0.149
"12/29/1989","S65E","NITRATE+NITRITE-N","mg/L",0.145
"12/30/1989","S65E","NITRATE+NITRITE-N","mg/L",0.15
"12/31/1989","S65E","NITRATE+NITRITE-N","mg/L",0.166
"01/01/1990","S65E","NITRATE+NITRITE-N","mg/L",0.168
"01/02/1990","S65E","NITRATE+NITRITE-N","mg/L",0.214
"01/03/1990","S65E","NITRATE+NITRITE-N","mg/L",0.223
"01/06/1990","S65E","NITRATE+NITRITE-N","mg/L",0.115
"01/07/1990","S65E","NITRATE+NITRITE-N","mg/L",0.135
"01/09/1990","S65E","NITRATE+NITRITE-N","mg/L",0.232
"01/10/1990","S65E","NITRATE+NITRITE-N","mg/L",0.145
"01/12/1990","S65E","NITRATE+NITRITE-N","mg/L",0.122
"01/14/1990","S65E","NITRATE+NITRITE-N","mg/L",0.123
"01/16/1990","S65E","NITRATE+NITRITE-N","mg/L",0.2265
"01/18/1990","S65E","NITRATE+NITRITE-N","mg/L",0.112
"01/20/1990","S65E","NITRATE+NITRITE-N","mg/L",0.126
"01/23/1990","S65E","NITRATE+NITRITE-N","mg/L",0.022
"01/30/1990","S65E","NITRATE+NITRITE-N","mg/L",-0.004
"01/31/1990","S65E","NITRATE+NITRITE-N","mg/L",-0.004
"02/06/1990","S65E","NITRATE+NITRITE-N","mg/L",-0.004
"02/13/1990","S65E","NITRATE+NITRITE-N","mg/L",-0.004
"02/14/1990","S65E","NITRATE+NITRITE-N","mg/L",0.006
"02/16/1990","S65E","NITRATE+NITRITE-N","mg/L",0.015
"02/18/1990","S65E","NITRATE+NITRITE-N","mg/L",0.009
"02/20/1990","S65E","NITRATE+NITRITE-N","mg/L",0.012
"02/22/1990","S65E","NITRATE+NITRITE-N","mg/L",0.007
"02/24/1990","S65E","NITRATE+NITRITE-N","mg/L",0.006
"02/26/1990","S65E","NITRATE+NITRITE-N","mg/L",0.013
"02/27/1990","S65E","NITRATE+NITRITE-N","mg/L",0.034
"02/28/1990","S65E","NITRATE+NITRITE-N","mg/L",0.049
"03/02/1990","S65E","NITRATE+NITRITE-N","mg/L",0.019
"03/04/1990","S65E","NITRATE+NITRITE-N","mg/L",0.02
"03/06/1990","S65E","NITRATE+NITRITE-N","mg/L",0.012
"03/08/1990","S65E","NITRATE+NITRITE-N","mg/L",0.02
"03/10/1990","S65E","NITRATE+NITRITE-N","mg/L",0.021
"03/12/1990","S65E","NITRATE+NITRITE-N","mg/L",0.021
"03/16/1990","S65E","NITRATE+NITRITE-N","mg/L",0.009
"03/26/1990","S65E","NITRATE+NITRITE-N","mg/L",0.021
"03/27/1990","S65E","NITRATE+NITRITE-N","mg/L",0.023
"04/03/1990","S65E","NITRATE+NITRITE-N","mg/L",0.053
"04/05/1990","S65E","NITRATE+NITRITE-N","mg/L",0.071
"04/07/1990","S65E","NITRATE+NITRITE-N","mg/L",0.052
"04/09/1990","S65E","NITRATE+NITRITE-N","mg/L",0.057
"04/10/1990","S65E","NITRATE+NITRITE-N","mg/L",0.132
"04/11/1990","S65E","NITRATE+NITRITE-N","mg/L",0.132
"04/17/1990","S65E","NITRATE+NITRITE-N","mg/L",0.07
"04/23/1990","S65E","NITRATE+NITRITE-N","mg/L",-0.004
"04/24/1990","S65E","NITRATE+NITRITE-N","mg/L",-0.004
"04/26/1990","S65E","NITRATE+NITRITE-N","mg/L",0.023
"04/28/1990","S65E","NITRATE+NITRITE-N","mg/L",0.026
"04/30/1990","S65E","NITRATE+NITRITE-N","mg/L",0.019
"05/07/1990","S65E","NITRATE+NITRITE-N","mg/L",0.007
"05/09/1990","S65E","NITRATE+NITRITE-N","mg/L",0.025
"05/11/1990","S65E","NITRATE+NITRITE-N","mg/L",0.017
"05/13/1990","S65E","NITRATE+NITRITE-N","mg/L",0.028
"05/14/1990","S65E","NITRATE+NITRITE-N","mg/L",0.009
"05/16/1990","S65E","NITRATE+NITRITE-N","mg/L",0.015
"05/18/1990","S65E","NITRATE+NITRITE-N","mg/L",0.005
"05/20/1990","S65E","NITRATE+NITRITE-N","mg/L",0.009
"05/21/1990","S65E","NITRATE+NITRITE-N","mg/L",0.004
"05/29/1990","S65E","NITRATE+NITRITE-N","mg/L",-0.004
"06/04/1990","S65E","NITRATE+NITRITE-N","mg/L",0.006
"06/05/1990","S65E","NITRATE+NITRITE-N","mg/L",-0.004
"06/12/1990","S65E","NITRATE+NITRITE-N","mg/L",-0.004
"06/18/1990","S65E","NITRATE+NITRITE-N","mg/L",-0.004
"06/25/1990","S65E","NITRATE+NITRITE-N","mg/L",-0.004
"07/02/1990","S65E","NITRATE+NITRITE-N","mg/L",0.0015
"07/03/1990","S65E","NITRATE+NITRITE-N","mg/L",0.007
"07/09/1990","S65E","NITRATE+NITRITE-N","mg/L",-0.004
"07/16/1990","S65E","NITRATE+NITRITE-N","mg/L",0.0175
"07/23/1990","S65E","NITRATE+NITRITE-N","mg/L",0.041
"07/30/1990","S65E","NITRATE+NITRITE-N","mg/L",0.0375
"08/06/1990","S65E","NITRATE+NITRITE-N","mg/L",0.033
"08/13/1990","S65E","NITRATE+NITRITE-N","mg/L",0.03
"08/20/1990","S65E","NITRATE+NITRITE-N","mg/L",0.029
"08/27/1990","S65E","NITRATE+NITRITE-N","mg/L",0.1155
"09/04/1990","S65E","NITRATE+NITRITE-N","mg/L",0.035
"09/10/1990","S65E","NITRATE+NITRITE-N","mg/L",0.012
"09/17/1990","S65E","NITRATE+NITRITE-N","mg/L",0.058
"09/24/1990","S65E","NITRATE+NITRITE-N","mg/L",0.0735
"10/01/1990","S65E","NITRATE+NITRITE-N","mg/L",0.041
"10/08/1990","S65E","NITRATE+NITRITE-N","mg/L",0.06
"10/09/1990","S65E","NITRATE+NITRITE-N","mg/L",0.041
"10/16/1990","S65E","NITRATE+NITRITE-N","mg/L",0.053
"10/22/1990","S65E","NITRATE+NITRITE-N","mg/L",0.034
"10/31/1990","S65E","NITRATE+NITRITE-N","mg/L",0.057
"11/05/1990","S65E","NITRATE+NITRITE-N","mg/L",0.076
"11/06/1990","S65E","NITRATE+NITRITE-N","mg/L",0.093
"11/13/1990","S65E","NITRATE+NITRITE-N","mg/L",0.107
"11/19/1990","S65E","NITRATE+NITRITE-N","mg/L",0.161
"11/20/1990","S65E","NITRATE+NITRITE-N","mg/L",0.172
"11/26/1990","S65E","NITRATE+NITRITE-N","mg/L",0.243
"12/03/1990","S65E","NITRATE+NITRITE-N","mg/L",0.2285
"12/10/1990","S65E","NITRATE+NITRITE-N","mg/L",0.232
"12/17/1990","S65E","NITRATE+NITRITE-N","mg/L",0.222
"12/18/1990","S65E","NITRATE+NITRITE-N","mg/L",0.231
"12/26/1990","S65E","NITRATE+NITRITE-N","mg/L",0.255
"12/31/1990","S65E","NITRATE+NITRITE-N","mg/L",0.2525
"01/07/1991","S65E","NITRATE+NITRITE-N","mg/L",0.255
"01/14/1991","S65E","NITRATE+NITRITE-N","mg/L",0.231
"01/17/1991","S65E","NITRATE+NITRITE-N","mg/L",0.261
"01/22/1991","S65E","NITRATE+NITRITE-N","mg/L",0.295
"01/28/1991","S65E","NITRATE+NITRITE-N","mg/L",0.2975
"02/04/1991","S65E","NITRATE+NITRITE-N","mg/L",0.25
"02/11/1991","S65E","NITRATE+NITRITE-N","mg/L",0.2165
"02/19/1991","S65E","NITRATE+NITRITE-N","mg/L",0.239
"02/25/1991","S65E","NITRATE+NITRITE-N","mg/L",0.222
"02/26/1991","S65E","NITRATE+NITRITE-N","mg/L",0.22
"03/04/1991","S65E","NITRATE+NITRITE-N","mg/L",0.237
"03/11/1991","S65E","NITRATE+NITRITE-N","mg/L",0.2405
"03/18/1991","S65E","NITRATE+NITRITE-N","mg/L",0.162
"03/25/1991","S65E","NITRATE+NITRITE-N","mg/L",0.1475
"04/01/1991","S65E","NITRATE+NITRITE-N","mg/L",0.173
"04/08/1991","S65E","NITRATE+NITRITE-N","mg/L",0.227
"04/15/1991","S65E","NITRATE+NITRITE-N","mg/L",0.174
"04/22/1991","S65E","NITRATE+NITRITE-N","mg/L",0.1475
"04/29/1991","S65E","NITRATE+NITRITE-N","mg/L",0.008
"05/06/1991","S65E","NITRATE+NITRITE-N","mg/L",0.0095
"05/13/1991","S65E","NITRATE+NITRITE-N","mg/L",0.005
"05/20/1991","S65E","NITRATE+NITRITE-N","mg/L",0.006
"05/28/1991","S65E","NITRATE+NITRITE-N","mg/L",0.009
"06/03/1991","S65E","NITRATE+NITRITE-N","mg/L",0.013
"06/10/1991","S65E","NITRATE+NITRITE-N","mg/L",0.027
"06/17/1991","S65E","NITRATE+NITRITE-N","mg/L",0.019
"06/18/1991","S65E","NITRATE+NITRITE-N","mg/L",0.012
"06/24/1991","S65E","NITRATE+NITRITE-N","mg/L",0.011
"07/01/1991","S65E","NITRATE+NITRITE-N","mg/L",0.0085
"07/08/1991","S65E","NITRATE+NITRITE-N","mg/L",0.006
"07/15/1991","S65E","NITRATE+NITRITE-N","mg/L",0.027
"07/22/1991","S65E","NITRATE+NITRITE-N","mg/L",0.024
"07/29/1991","S65E","NITRATE+NITRITE-N","mg/L",0.009
"08/05/1991","S65E","NITRATE+NITRITE-N","mg/L",0.026
"08/12/1991","S65E","NITRATE+NITRITE-N","mg/L",0.0335
"08/19/1991","S65E","NITRATE+NITRITE-N","mg/L",0.027
"08/26/1991","S65E","NITRATE+NITRITE-N","mg/L",0.0585
"08/28/1991","S65E","NITRATE+NITRITE-N","mg/L",0.055
"09/03/1991","S65E","NITRATE+NITRITE-N","mg/L",0.049
"09/09/1991","S65E","NITRATE+NITRITE-N","mg/L",0.067
"09/17/1991","S65E","NITRATE+NITRITE-N","mg/L",0.03
"09/23/1991","S65E","NITRATE+NITRITE-N","mg/L",0.031
"09/30/1991","S65E","NITRATE+NITRITE-N","mg/L",0.007
"10/07/1991","S65E","NITRATE+NITRITE-N","mg/L",0.055
"10/14/1991","S65E","NITRATE+NITRITE-N","mg/L",0.058
"10/21/1991","S65E","NITRATE+NITRITE-N","mg/L",0.077
"10/28/1991","S65E","NITRATE+NITRITE-N","mg/L",0.086
"11/04/1991","S65E","NITRATE+NITRITE-N","mg/L",0.1805
"11/18/1991","S65E","NITRATE+NITRITE-N","mg/L",0.191
"11/20/1991","S65E","NITRATE+NITRITE-N","mg/L",0.911
"11/25/1991","S65E","NITRATE+NITRITE-N","mg/L",0.186
"12/02/1991","S65E","NITRATE+NITRITE-N","mg/L",0.214
"12/09/1991","S65E","NITRATE+NITRITE-N","mg/L",0.216
"12/16/1991","S65E","NITRATE+NITRITE-N","mg/L",0.7845
"12/23/1991","S65E","NITRATE+NITRITE-N","mg/L",0.209
"12/30/1991","S65E","NITRATE+NITRITE-N","mg/L",0.188
"01/06/1992","S65E","NITRATE+NITRITE-N","mg/L",0.173
"01/13/1992","S65E","NITRATE+NITRITE-N","mg/L",0.1795
"01/21/1992","S65E","NITRATE+NITRITE-N","mg/L",0.149
"01/27/1992","S65E","NITRATE+NITRITE-N","mg/L",0.12
"02/03/1992","S65E","NITRATE+NITRITE-N","mg/L",0.129
"02/10/1992","S65E","NITRATE+NITRITE-N","mg/L",0.095
"02/11/1992","S65E","NITRATE+NITRITE-N","mg/L",0.189
"02/19/1992","S65E","NITRATE+NITRITE-N","mg/L",0.153
"02/24/1992","S65E","NITRATE+NITRITE-N","mg/L",0.102
"02/27/1992","S65E","NITRATE+NITRITE-N","mg/L",0.146
"03/02/1992","S65E","NITRATE+NITRITE-N","mg/L",0.132
"03/09/1992","S65E","NITRATE+NITRITE-N","mg/L",0.056
"03/11/1992","S65E","NITRATE+NITRITE-N","mg/L",0.05
"03/16/1992","S65E","NITRATE+NITRITE-N","mg/L",0.072
"03/23/1992","S65E","NITRATE+NITRITE-N","mg/L",0.074
"03/26/1992","S65E","NITRATE+NITRITE-N","mg/L",0.033
"03/30/1992","S65E","NITRATE+NITRITE-N","mg/L",0.063
"04/06/1992","S65E","NITRATE+NITRITE-N","mg/L",0.037
"04/07/1992","S65E","NITRATE+NITRITE-N","mg/L",0.015
"04/13/1992","S65E","NITRATE+NITRITE-N","mg/L",0.055
"04/20/1992","S65E","NITRATE+NITRITE-N","mg/L",-0.004
"04/21/1992","S65E","NITRATE+NITRITE-N","mg/L",0.679
"04/27/1992","S65E","NITRATE+NITRITE-N","mg/L",-0.004
"05/04/1992","S65E","NITRATE+NITRITE-N","mg/L",-0.004
"05/05/1992","S65E","NITRATE+NITRITE-N","mg/L",0.005
"05/11/1992","S65E","NITRATE+NITRITE-N","mg/L",-0.004
"05/18/1992","S65E","NITRATE+NITRITE-N","mg/L",-0.004
"05/19/1992","S65E","NITRATE+NITRITE-N","mg/L",-0.004
"05/26/1992","S65E","NITRATE+NITRITE-N","mg/L",-0.004
"06/01/1992","S65E","NITRATE+NITRITE-N","mg/L",-0.004
"06/02/1992","S65E","NITRATE+NITRITE-N","mg/L",0.011
"06/08/1992","S65E","NITRATE+NITRITE-N","mg/L",-0.004
"06/15/1992","S65E","NITRATE+NITRITE-N","mg/L",-0.004
"06/16/1992","S65E","NITRATE+NITRITE-N","mg/L",0.246
"06/22/1992","S65E","NITRATE+NITRITE-N","mg/L",-0.004
"06/29/1992","S65E","NITRATE+NITRITE-N","mg/L",0.023
"06/30/1992","S65E","NITRATE+NITRITE-N","mg/L",0.046
"07/06/1992","S65E","NITRATE+NITRITE-N","mg/L",0.005
"07/08/1992","S65E","NITRATE+NITRITE-N","mg/L",0.004
"07/13/1992","S65E","NITRATE+NITRITE-N","mg/L",0.029
"07/14/1992","S65E","NITRATE+NITRITE-N","mg/L",-0.004
"07/21/1992","S65E","NITRATE+NITRITE-N","mg/L",-0.004
"07/27/1992","S65E","NITRATE+NITRITE-N","mg/L",-0.004
"07/28/1992","S65E","NITRATE+NITRITE-N","mg/L",0.028
"08/03/1992","S65E","NITRATE+NITRITE-N","mg/L",0.006
"08/11/1992","S65E","NITRATE+NITRITE-N","mg/L",0.01
"08/17/1992","S65E","NITRATE+NITRITE-N","mg/L",0.04
"08/25/1992","S65E","NITRATE+NITRITE-N","mg/L",0.013
"08/26/1992","S65E","NITRATE+NITRITE-N","mg/L",0.025
"08/31/1992","S65E","NITRATE+NITRITE-N","mg/L",-0.004
"09/08/1992","S65E","NITRATE+NITRITE-N","mg/L",0.005
"09/10/1992","S65E","NITRATE+NITRITE-N","mg/L",0.011
"09/15/1992","S65E","NITRATE+NITRITE-N","mg/L",0.012
"09/21/1992","S65E","NITRATE+NITRITE-N","mg/L",0.008
"09/22/1992","S65E","NITRATE+NITRITE-N","mg/L",0.01
"09/28/1992","S65E","NITRATE+NITRITE-N","mg/L",0.007
"10/06/1992","S65E","NITRATE+NITRITE-N","mg/L",0.0854285714285714
"10/13/1992","S65E","NITRATE+NITRITE-N","mg/L",0.061
"10/20/1992","S65E","NITRATE+NITRITE-N","mg/L",0.0934285714285714
"10/27/1992","S65E","NITRATE+NITRITE-N","mg/L",0.063
"11/03/1992","S65E","NITRATE+NITRITE-N","mg/L",0.107142857142857
"11/10/1992","S65E","NITRATE+NITRITE-N","mg/L",0.088
"11/17/1992","S65E","NITRATE+NITRITE-N","mg/L",0.159
"11/18/1992","S65E","NITRATE+NITRITE-N","mg/L",0.145
"11/23/1992","S65E","NITRATE+NITRITE-N","mg/L",0.241
"12/02/1992","S65E","NITRATE+NITRITE-N","mg/L",0.232
"12/03/1992","S65E","NITRATE+NITRITE-N","mg/L",0.231333333333333
"12/08/1992","S65E","NITRATE+NITRITE-N","mg/L",0.174
"12/15/1992","S65E","NITRATE+NITRITE-N","mg/L",0.067
"12/22/1992","S65E","NITRATE+NITRITE-N","mg/L",-0.004
"12/29/1992","S65E","NITRATE+NITRITE-N","mg/L",-0.004
"12/30/1992","S65E","NITRATE+NITRITE-N","mg/L",-0.004
"01/06/1993","S65E","NITRATE+NITRITE-N","mg/L",0.047
"01/11/1993","S65E","NITRATE+NITRITE-N","mg/L",0.0125
"01/13/1993","S65E","NITRATE+NITRITE-N","mg/L",-0.004
"01/21/1993","S65E","NITRATE+NITRITE-N","mg/L",0.027
"01/27/1993","S65E","NITRATE+NITRITE-N","mg/L",0.0295
"02/03/1993","S65E","NITRATE+NITRITE-N","mg/L",0.033
"02/08/1993","S65E","NITRATE+NITRITE-N","mg/L",0.025
"02/10/1993","S65E","NITRATE+NITRITE-N","mg/L",0.035
"02/18/1993","S65E","NITRATE+NITRITE-N","mg/L",0.124166666666667
"02/23/1993","S65E","NITRATE+NITRITE-N","mg/L",0.016
"02/24/1993","S65E","NITRATE+NITRITE-N","mg/L",0.014
"03/03/1993","S65E","NITRATE+NITRITE-N","mg/L",0.032
"03/08/1993","S65E","NITRATE+NITRITE-N","mg/L",0.0563333333333333
"03/10/1993","S65E","NITRATE+NITRITE-N","mg/L",0.007
"03/17/1993","S65E","NITRATE+NITRITE-N","mg/L",0.048
"03/23/1993","S65E","NITRATE+NITRITE-N","mg/L",0.05075
"03/25/1993","S65E","NITRATE+NITRITE-N","mg/L",0.043
"03/30/1993","S65E","NITRATE+NITRITE-N","mg/L",0.017
"04/06/1993","S65E","NITRATE+NITRITE-N","mg/L",0.0688333333333333
"04/20/1993","S65E","NITRATE+NITRITE-N","mg/L",0.039
"05/04/1993","S65E","NITRATE+NITRITE-N","mg/L",0.05475
"05/18/1993","S65E","NITRATE+NITRITE-N","mg/L",0.004
"05/20/1993","S65E","NITRATE+NITRITE-N","mg/L",0.014
"06/01/1993","S65E","NITRATE+NITRITE-N","mg/L",0.03
"06/02/1993","S65E","NITRATE+NITRITE-N","mg/L",0.0778333333333333
"06/15/1993","S65E","NITRATE+NITRITE-N","mg/L",0.024
"06/26/1993","S65E","NITRATE+NITRITE-N","mg/L",-0.004
"06/29/1993","S65E","NITRATE+NITRITE-N","mg/L",0.006
"07/13/1993","S65E","NITRATE+NITRITE-N","mg/L",0.01
"07/27/1993","S65E","NITRATE+NITRITE-N","mg/L",-0.004
"08/10/1993","S65E","NITRATE+NITRITE-N","mg/L",-0.004
"08/17/1993","S65E","NITRATE+NITRITE-N","mg/L",-0.004
"08/24/1993","S65E","NITRATE+NITRITE-N","mg/L",0.006
"09/07/1993","S65E","NITRATE+NITRITE-N","mg/L",0.008
"09/21/1993","S65E","NITRATE+NITRITE-N","mg/L",0.01
"10/05/1993","S65E","NITRATE+NITRITE-N","mg/L",0.02
"10/19/1993","S65E","NITRATE+NITRITE-N","mg/L",0.057
"11/02/1993","S65E","NITRATE+NITRITE-N","mg/L",0.062
"11/16/1993","S65E","NITRATE+NITRITE-N","mg/L",0.179
"12/01/1993","S65E","NITRATE+NITRITE-N","mg/L",0.148
"12/14/1993","S65E","NITRATE+NITRITE-N","mg/L",0.223
"12/28/1993","S65E","NITRATE+NITRITE-N","mg/L",0.283
"01/11/1994","S65E","NITRATE+NITRITE-N","mg/L",0.304
"01/19/1994","S65E","NITRATE+NITRITE-N","mg/L",0.319
"01/25/1994","S65E","NITRATE+NITRITE-N","mg/L",0.326
"02/08/1994","S65E","NITRATE+NITRITE-N","mg/L",0.303
"02/15/1994","S65E","NITRATE+NITRITE-N","mg/L",0.267
"02/22/1994","S65E","NITRATE+NITRITE-N","mg/L",0.245
"03/08/1994","S65E","NITRATE+NITRITE-N","mg/L",0.152
"03/15/1994","S65E","NITRATE+NITRITE-N","mg/L",0.173
"03/22/1994","S65E","NITRATE+NITRITE-N","mg/L",-0.004
"04/05/1994","S65E","NITRATE+NITRITE-N","mg/L",-0.004
"04/12/1994","S65E","NITRATE+NITRITE-N","mg/L",-0.002
"04/19/1994","S65E","NITRATE+NITRITE-N","mg/L",0.008
"05/03/1994","S65E","NITRATE+NITRITE-N","mg/L",0.004
"05/17/1994","S65E","NITRATE+NITRITE-N","mg/L",0.0392
"05/31/1994","S65E","NITRATE+NITRITE-N","mg/L",0.004
"06/14/1994","S65E","NITRATE+NITRITE-N","mg/L",0.0105
"06/28/1994","S65E","NITRATE+NITRITE-N","mg/L",0.005
"07/12/1994","S65E","NITRATE+NITRITE-N","mg/L",0.033
"07/19/1994","S65E","NITRATE+NITRITE-N","mg/L",0.017
"07/26/1994","S65E","NITRATE+NITRITE-N","mg/L",0.014
"08/03/1994","S65E","NITRATE+NITRITE-N","mg/L",0.022
"08/09/1994","S65E","NITRATE+NITRITE-N","mg/L",0.02
"08/23/1994","S65E","NITRATE+NITRITE-N","mg/L",0.046
"09/20/1994","S65E","NITRATE+NITRITE-N","mg/L",0.039
"10/04/1994","S65E","NITRATE+NITRITE-N","mg/L",0.038
"10/18/1994","S65E","NITRATE+NITRITE-N","mg/L",0.058
"11/01/1994","S65E","NITRATE+NITRITE-N","mg/L",0.052
"11/15/1994","S65E","NITRATE+NITRITE-N","mg/L",0.056
"11/29/1994","S65E","NITRATE+NITRITE-N","mg/L",0.11
"12/13/1994","S65E","NITRATE+NITRITE-N","mg/L",0.113
"12/27/1994","S65E","NITRATE+NITRITE-N","mg/L",0.177
"01/10/1995","S65E","NITRATE+NITRITE-N","mg/L",0.142
"01/24/1995","S65E","NITRATE+NITRITE-N","mg/L",0.13
"02/21/1995","S65E","NITRATE+NITRITE-N","mg/L",0.096
"03/07/1995","S65E","NITRATE+NITRITE-N","mg/L",0.156
"03/21/1995","S65E","NITRATE+NITRITE-N","mg/L",0.094
"04/04/1995","S65E","NITRATE+NITRITE-N","mg/L",0.036
"04/18/1995","S65E","NITRATE+NITRITE-N","mg/L",0.027
"05/02/1995","S65E","NITRATE+NITRITE-N","mg/L",0.026
"05/16/1995","S65E","NITRATE+NITRITE-N","mg/L",0.004
"05/30/1995","S65E","NITRATE+NITRITE-N","mg/L",0.01
"06/13/1995","S65E","NITRATE+NITRITE-N","mg/L",0.004
"06/27/1995","S65E","NITRATE+NITRITE-N","mg/L",-0.004
"07/11/1995","S65E","NITRATE+NITRITE-N","mg/L",0.007
"07/25/1995","S65E","NITRATE+NITRITE-N","mg/L",0.02
"08/08/1995","S65E","NITRATE+NITRITE-N","mg/L",0.011
"08/22/1995","S65E","NITRATE+NITRITE-N","mg/L",0.019
"09/05/1995","S65E","NITRATE+NITRITE-N","mg/L",0.037
"09/19/1995","S65E","NITRATE+NITRITE-N","mg/L",0.059
"10/03/1995","S65E","NITRATE+NITRITE-N","mg/L",0.085
"10/17/1995","S65E","NITRATE+NITRITE-N","mg/L",0.064
"10/31/1995","S65E","NITRATE+NITRITE-N","mg/L",0.084
"11/14/1995","S65E","NITRATE+NITRITE-N","mg/L",0.083
"11/28/1995","S65E","NITRATE+NITRITE-N","mg/L",0.009
"12/12/1995","S65E","NITRATE+NITRITE-N","mg/L",0.066
"12/26/1995","S65E","NITRATE+NITRITE-N","mg/L",0.082
"01/09/1996","S65E","NITRATE+NITRITE-N","mg/L",0.118
"01/23/1996","S65E","NITRATE+NITRITE-N","mg/L",0.066
"02/06/1996","S65E","NITRATE+NITRITE-N","mg/L",0.035
"02/20/1996","S65E","NITRATE+NITRITE-N","mg/L",-0.0015
"03/05/1996","S65E","NITRATE+NITRITE-N","mg/L",0.0325
"03/19/1996","S65E","NITRATE+NITRITE-N","mg/L",0.06525
"04/02/1996","S65E","NITRATE+NITRITE-N","mg/L",0.03025
"04/16/1996","S65E","NITRATE+NITRITE-N","mg/L",0.0835
"04/30/1996","S65E","NITRATE+NITRITE-N","mg/L",0.0926
"05/14/1996","S65E","NITRATE+NITRITE-N","mg/L",0.128
"05/20/1996","S65E","NITRATE+NITRITE-N","mg/L",0.092
"05/28/1996","S65E","NITRATE+NITRITE-N","mg/L",-0.0055
"06/11/1996","S65E","NITRATE+NITRITE-N","mg/L",0.0425
"06/25/1996","S65E","NITRATE+NITRITE-N","mg/L",-0.015
"07/09/1996","S65E","NITRATE+NITRITE-N","mg/L",0.048
"07/23/1996","S65E","NITRATE+NITRITE-N","mg/L",-0.015
"08/06/1996","S65E","NITRATE+NITRITE-N","mg/L",0.004
"08/20/1996","S65E","NITRATE+NITRITE-N","mg/L",0.0095
"09/03/1996","S65E","NITRATE+NITRITE-N","mg/L",0.0035
"09/17/1996","S65E","NITRATE+NITRITE-N","mg/L",0.007
"10/01/1996","S65E","NITRATE+NITRITE-N","mg/L",0.0245
"10/15/1996","S65E","NITRATE+NITRITE-N","mg/L",0.036
"10/29/1996","S65E","NITRATE+NITRITE-N","mg/L",0.048
"11/04/1996","S65E","NITRATE+NITRITE-N","mg/L",0.086
"11/12/1996","S65E","NITRATE+NITRITE-N","mg/L",0.0768
"11/26/1996","S65E","NITRATE+NITRITE-N","mg/L",0.1046
"12/10/1996","S65E","NITRATE+NITRITE-N","mg/L",0.1355
"12/26/1996","S65E","NITRATE+NITRITE-N","mg/L",0.1418
"01/07/1997","S65E","NITRATE+NITRITE-N","mg/L",0.0275
"01/21/1997","S65E","NITRATE+NITRITE-N","mg/L",0.1194
"02/05/1997","S65E","NITRATE+NITRITE-N","mg/L",0.0095
"02/18/1997","S65E","NITRATE+NITRITE-N","mg/L",0.0072
"02/24/1997","S65E","NITRATE+NITRITE-N","mg/L",0.025
"03/04/1997","S65E","NITRATE+NITRITE-N","mg/L",0.0055
"03/18/1997","S65E","NITRATE+NITRITE-N","mg/L",0.089
"04/01/1997","S65E","NITRATE+NITRITE-N","mg/L",0.0145
"04/15/1997","S65E","NITRATE+NITRITE-N","mg/L",0.039
"04/29/1997","S65E","NITRATE+NITRITE-N","mg/L",0.052
"05/13/1997","S65E","NITRATE+NITRITE-N","mg/L",0.011
"05/19/1997","S65E","NITRATE+NITRITE-N","mg/L",0.015
"05/27/1997","S65E","NITRATE+NITRITE-N","mg/L",-0.004
"06/10/1997","S65E","NITRATE+NITRITE-N","mg/L",-0.004
"06/24/1997","S65E","NITRATE+NITRITE-N","mg/L",0.0014
"07/08/1997","S65E","NITRATE+NITRITE-N","mg/L",0.004
"07/22/1997","S65E","NITRATE+NITRITE-N","mg/L",-0.004
"08/05/1997","S65E","NITRATE+NITRITE-N","mg/L",0.008
"08/19/1997","S65E","NITRATE+NITRITE-N","mg/L",0.008
"08/28/1997","S65E","NITRATE+NITRITE-N","mg/L",0.015
"09/02/1997","S65E","NITRATE+NITRITE-N","mg/L",0.008
"09/16/1997","S65E","NITRATE+NITRITE-N","mg/L",0.043
"09/30/1997","S65E","NITRATE+NITRITE-N","mg/L",0.035
"10/14/1997","S65E","NITRATE+NITRITE-N","mg/L",0.083
"10/28/1997","S65E","NITRATE+NITRITE-N","mg/L",0.082
"11/12/1997","S65E","NITRATE+NITRITE-N","mg/L",0.141
"11/17/1997","S65E","NITRATE+NITRITE-N","mg/L",0.078
"11/25/1997","S65E","NITRATE+NITRITE-N","mg/L",0.035
"12/09/1997","S65E","NITRATE+NITRITE-N","mg/L",0.071
"12/23/1997","S65E","NITRATE+NITRITE-N","mg/L",0.032
"01/06/1998","S65E","NITRATE+NITRITE-N","mg/L",0.084
"01/20/1998","S65E","NITRATE+NITRITE-N","mg/L",0.113
"02/03/1998","S65E","NITRATE+NITRITE-N","mg/L",0.097
"02/17/1998","S65E","NITRATE+NITRITE-N","mg/L",0.116
"02/18/1998","S65E","NITRATE+NITRITE-N","mg/L",0.113
"03/03/1998","S65E","NITRATE+NITRITE-N","mg/L",0.13
"03/17/1998","S65E","NITRATE+NITRITE-N","mg/L",0.075
"03/31/1998","S65E","NITRATE+NITRITE-N","mg/L",0.068
"04/14/1998","S65E","NITRATE+NITRITE-N","mg/L",0.133
"04/28/1998","S65E","NITRATE+NITRITE-N","mg/L",0.109
"05/12/1998","S65E","NITRATE+NITRITE-N","mg/L",0.108
"05/18/1998","S65E","NITRATE+NITRITE-N","mg/L",0.1
"05/26/1998","S65E","NITRATE+NITRITE-N","mg/L",0.135
"06/09/1998","S65E","NITRATE+NITRITE-N","mg/L",0.047
"06/23/1998","S65E","NITRATE+NITRITE-N","mg/L",0.015
"07/07/1998","S65E","NITRATE+NITRITE-N","mg/L",0.014
"07/21/1998","S65E","NITRATE+NITRITE-N","mg/L",0.021
"08/04/1998","S65E","NITRATE+NITRITE-N","mg/L",0.008
"08/18/1998","S65E","NITRATE+NITRITE-N","mg/L",0.007
"08/24/1998","S65E","NITRATE+NITRITE-N","mg/L",0.025
"09/01/1998","S65E","NITRATE+NITRITE-N","mg/L",0.017
"09/10/1998","S65E","NITRATE+NITRITE-N","mg/L",0.01
"09/15/1998","S65E","NITRATE+NITRITE-N","mg/L",0.035
"09/29/1998","S65E","NITRATE+NITRITE-N","mg/L",0.042
"10/13/1998","S65E","NITRATE+NITRITE-N","mg/L",0.018
"10/27/1998","S65E","NITRATE+NITRITE-N","mg/L",0.053
"11/09/1998","S65E","NITRATE+NITRITE-N","mg/L",0.077
"11/24/1998","S65E","NITRATE+NITRITE-N","mg/L",0.055
"12/08/1998","S65E","NITRATE+NITRITE-N","mg/L",0.09
"12/22/1998","S65E","NITRATE+NITRITE-N","mg/L",0.144
"01/05/1999","S65E","NITRATE+NITRITE-N","mg/L",0.181
"01/19/1999","S65E","NITRATE+NITRITE-N","mg/L",0.161
"01/25/1999","S65E","NITRATE+NITRITE-N","mg/L",0.173
"02/02/1999","S65E","NITRATE+NITRITE-N","mg/L",0.174
"02/16/1999","S65E","NITRATE+NITRITE-N","mg/L",0.159
"03/02/1999","S65E","NITRATE+NITRITE-N","mg/L",0.079
"03/16/1999","S65E","NITRATE+NITRITE-N","mg/L",0.0998
"03/30/1999","S65E","NITRATE+NITRITE-N","mg/L",0.144
"04/13/1999","S65E","NITRATE+NITRITE-N","mg/L",0.005
"04/19/1999","S65E","NITRATE+NITRITE-N","mg/L",0.027
"04/27/1999","S65E","NITRATE+NITRITE-N","mg/L",0.005
"05/11/1999","S65E","NITRATE+NITRITE-N","mg/L",0.004
"05/25/1999","S65E","NITRATE+NITRITE-N","mg/L",0.006
"06/08/1999","S65E","NITRATE+NITRITE-N","mg/L",-0.004
"06/22/1999","S65E","NITRATE+NITRITE-N","mg/L",-0.004
"07/06/1999","S65E","NITRATE+NITRITE-N","mg/L",0.0075
"07/20/1999","S65E","NITRATE+NITRITE-N","mg/L",0.003
"07/26/1999","S65E","NITRATE+NITRITE-N","mg/L",0.009
"08/03/1999","S65E","NITRATE+NITRITE-N","mg/L",0.0065
"08/17/1999","S65E","NITRATE+NITRITE-N","mg/L",0.016
"08/31/1999","S65E","NITRATE+NITRITE-N","mg/L",-0.004
"09/16/1999","S65E","NITRATE+NITRITE-N","mg/L",0.0062
"09/28/1999","S65E","NITRATE+NITRITE-N","mg/L",0.011
"10/12/1999","S65E","NITRATE+NITRITE-N","mg/L",0.021
"10/18/1999","S65E","NITRATE+NITRITE-N","mg/L",0.049
"10/26/1999","S65E","NITRATE+NITRITE-N","mg/L",0.014
"11/09/1999","S65E","NITRATE+NITRITE-N","mg/L",0.032
"11/23/1999","S65E","NITRATE+NITRITE-N","mg/L",0.088
"12/07/1999","S65E","NITRATE+NITRITE-N","mg/L",0.124
"12/21/1999","S65E","NITRATE+NITRITE-N","mg/L",0.122
"01/04/2000","S65E","NITRATE+NITRITE-N","mg/L",0.0364
"01/18/2000","S65E","NITRATE+NITRITE-N","mg/L",0.0275
"01/24/2000","S65E","NITRATE+NITRITE-N","mg/L",0.037
"02/01/2000","S65E","NITRATE+NITRITE-N","mg/L",0.032
"02/15/2000","S65E","NITRATE+NITRITE-N","mg/L",0.01
"02/29/2000","S65E","NITRATE+NITRITE-N","mg/L",0.009
"03/14/2000","S65E","NITRATE+NITRITE-N","mg/L",0.035
"03/28/2000","S65E","NITRATE+NITRITE-N","mg/L",0.094
"04/11/2000","S65E","NITRATE+NITRITE-N","mg/L",0.005
"04/17/2000","S65E","NITRATE+NITRITE-N","mg/L",0.0045
"04/24/2000","S65E","NITRATE+NITRITE-N","mg/L",0
"05/09/2000","S65E","NITRATE+NITRITE-N","mg/L",0.022
"05/23/2000","S65E","NITRATE+NITRITE-N","mg/L",0.007
"06/06/2000","S65E","NITRATE+NITRITE-N","mg/L",-0.004
"06/20/2000","S65E","NITRATE+NITRITE-N","mg/L",-0.004
"07/05/2000","S65E","NITRATE+NITRITE-N","mg/L",-0.004
"07/18/2000","S65E","NITRATE+NITRITE-N","mg/L",-0.004
"07/25/2000","S65E","NITRATE+NITRITE-N","mg/L",0.006
"08/01/2000","S65E","NITRATE+NITRITE-N","mg/L",0.0022
"08/15/2000","S65E","NITRATE+NITRITE-N","mg/L",0.0048
"08/29/2000","S65E","NITRATE+NITRITE-N","mg/L",0.055
"09/12/2000","S65E","NITRATE+NITRITE-N","mg/L",0.097
"09/26/2000","S65E","NITRATE+NITRITE-N","mg/L",0.048
"10/10/2000","S65E","NITRATE+NITRITE-N","mg/L",0.083
"10/16/2000","S65E","NITRATE+NITRITE-N","mg/L",0.33
"10/24/2000","S65E","NITRATE+NITRITE-N","mg/L",0.32
"11/07/2000","S65E","NITRATE+NITRITE-N","mg/L",0.327
"11/21/2000","S65E","NITRATE+NITRITE-N","mg/L",0.325
"12/05/2000","S65E","NITRATE+NITRITE-N","mg/L",0.378
"12/19/2000","S65E","NITRATE+NITRITE-N","mg/L",0.362
"01/02/2001","S65E","NITRATE+NITRITE-N","mg/L",0.191
"01/16/2001","S65E","NITRATE+NITRITE-N","mg/L",0.371
"01/22/2001","S65E","NITRATE+NITRITE-N","mg/L",0.398
"01/30/2001","S65E","NITRATE+NITRITE-N","mg/L",0.384
"02/13/2001","S65E","NITRATE+NITRITE-N","mg/L",0.387
"02/27/2001","S65E","NITRATE+NITRITE-N","mg/L",0.325
"03/13/2001","S65E","NITRATE+NITRITE-N","mg/L",0.367
"03/27/2001","S65E","NITRATE+NITRITE-N","mg/L",0.332
"04/10/2001","S65E","NITRATE+NITRITE-N","mg/L",0.338
"04/16/2001","S65E","NITRATE+NITRITE-N","mg/L",0.144
"04/24/2001","S65E","NITRATE+NITRITE-N","mg/L",0.181
"05/08/2001","S65E","NITRATE+NITRITE-N","mg/L",0.1385
"05/22/2001","S65E","NITRATE+NITRITE-N","mg/L",0.046
"06/05/2001","S65E","NITRATE+NITRITE-N","mg/L",0.047
"06/19/2001","S65E","NITRATE+NITRITE-N","mg/L",-0.004
"07/03/2001","S65E","NITRATE+NITRITE-N","mg/L",0.0192
"07/16/2001","S65E","NITRATE+NITRITE-N","mg/L",0.045
"07/17/2001","S65E","NITRATE+NITRITE-N","mg/L",0.053
"07/31/2001","S65E","NITRATE+NITRITE-N","mg/L",0.036
"08/14/2001","S65E","NITRATE+NITRITE-N","mg/L",-0.004
"08/28/2001","S65E","NITRATE+NITRITE-N","mg/L",0.01
"09/11/2001","S65E","NITRATE+NITRITE-N","mg/L",0.0028
"09/25/2001","S65E","NITRATE+NITRITE-N","mg/L",-0.004
"10/08/2001","S65E","NITRATE+NITRITE-N","mg/L",0.013
"10/09/2001","S65E","NITRATE+NITRITE-N","mg/L",0.02
"11/06/2001","S65E","NITRATE+NITRITE-N","mg/L",0.0165
"11/20/2001","S65E","NITRATE+NITRITE-N","mg/L",0.0155
"12/04/2001","S65E","NITRATE+NITRITE-N","mg/L",0.039
"12/18/2001","S65E","NITRATE+NITRITE-N","mg/L",0.106
"01/02/2002","S65E","NITRATE+NITRITE-N","mg/L",0.0745
"01/15/2002","S65E","NITRATE+NITRITE-N","mg/L",0.073
"01/29/2002","S65E","NITRATE+NITRITE-N","mg/L",0.0275
"02/12/2002","S65E","NITRATE+NITRITE-N","mg/L",0.0725
"02/26/2002","S65E","NITRATE+NITRITE-N","mg/L",0.161
"03/12/2002","S65E","NITRATE+NITRITE-N","mg/L",0.088
"03/18/2002","S65E","NITRATE+NITRITE-N","mg/L",0.0175
"03/26/2002","S65E","NITRATE+NITRITE-N","mg/L",0.044
"04/09/2002","S65E","NITRATE+NITRITE-N","mg/L",0.041
"04/23/2002","S65E","NITRATE+NITRITE-N","mg/L",-0.004
"05/07/2002","S65E","NITRATE+NITRITE-N","mg/L",-0.004
"05/21/2002","S65E","NITRATE+NITRITE-N","mg/L",-0.004
"06/04/2002","S65E","NITRATE+NITRITE-N","mg/L",-0.004
"06/18/2002","S65E","NITRATE+NITRITE-N","mg/L",-0.004
"06/24/2002","S65E","NITRATE+NITRITE-N","mg/L",0.01
"07/02/2002","S65E","NITRATE+NITRITE-N","mg/L",0.012
"07/16/2002","S65E","NITRATE+NITRITE-N","mg/L",0.0065
"07/30/2002","S65E","NITRATE+NITRITE-N","mg/L",0.0015
"08/13/2002","S65E","NITRATE+NITRITE-N","mg/L",0.02
"08/27/2002","S65E","NITRATE+NITRITE-N","mg/L",0.009
"09/10/2002","S65E","NITRATE+NITRITE-N","mg/L",0.015
"09/16/2002","S65E","NITRATE+NITRITE-N","mg/L",0.046
"09/24/2002","S65E","NITRATE+NITRITE-N","mg/L",0.0175
"10/08/2002","S65E","NITRATE+NITRITE-N","mg/L",0.033
"10/22/2002","S65E","NITRATE+NITRITE-N","mg/L",0.044
"11/05/2002","S65E","NITRATE+NITRITE-N","mg/L",0.039
"11/19/2002","S65E","NITRATE+NITRITE-N","mg/L",0.076
"12/03/2002","S65E","NITRATE+NITRITE-N","mg/L",0.085
"12/17/2002","S65E","NITRATE+NITRITE-N","mg/L",0.0266
"12/30/2002","S65E","NITRATE+NITRITE-N","mg/L",0.0915
"12/31/2002","S65E","NITRATE+NITRITE-N","mg/L",0.091
"01/14/2003","S65E","NITRATE+NITRITE-N","mg/L",0.145
"01/28/2003","S65E","NITRATE+NITRITE-N","mg/L",0.143
"02/11/2003","S65E","NITRATE+NITRITE-N","mg/L",0.105
"02/25/2003","S65E","NITRATE+NITRITE-N","mg/L",0.118
"03/11/2003","S65E","NITRATE+NITRITE-N","mg/L",0.115
"03/24/2003","S65E","NITRATE+NITRITE-N","mg/L",0.17
"03/25/2003","S65E","NITRATE+NITRITE-N","mg/L",0.156
"04/08/2003","S65E","NITRATE+NITRITE-N","mg/L",0.03
"04/22/2003","S65E","NITRATE+NITRITE-N","mg/L",0.025
"05/06/2003","S65E","NITRATE+NITRITE-N","mg/L",0.011
"05/20/2003","S65E","NITRATE+NITRITE-N","mg/L",0.02
"06/03/2003","S65E","NITRATE+NITRITE-N","mg/L",0.0085
"06/16/2003","S65E","NITRATE+NITRITE-N","mg/L",0.01
"06/17/2003","S65E","NITRATE+NITRITE-N","mg/L",0.001
"07/01/2003","S65E","NITRATE+NITRITE-N","mg/L",0.016
"07/15/2003","S65E","NITRATE+NITRITE-N","mg/L",0.014
"07/29/2003","S65E","NITRATE+NITRITE-N","mg/L",0.006
"08/12/2003","S65E","NITRATE+NITRITE-N","mg/L",0.014
"08/26/2003","S65E","NITRATE+NITRITE-N","mg/L",0.01
"09/09/2003","S65E","NITRATE+NITRITE-N","mg/L",0.017
"09/15/2003","S65E","NITRATE+NITRITE-N","mg/L",0.037
"09/23/2003","S65E","NITRATE+NITRITE-N","mg/L",0.029
"10/07/2003","S65E","NITRATE+NITRITE-N","mg/L",0.0175
"10/21/2003","S65E","NITRATE+NITRITE-N","mg/L",0.053
"11/04/2003","S65E","NITRATE+NITRITE-N","mg/L",0.069
"11/18/2003","S65E","NITRATE+NITRITE-N","mg/L",0.159
"12/02/2003","S65E","NITRATE+NITRITE-N","mg/L",0.116
"12/15/2003","S65E","NITRATE+NITRITE-N","mg/L",0.101666666666667
"12/16/2003","S65E","NITRATE+NITRITE-N","mg/L",0.136
"12/30/2003","S65E","NITRATE+NITRITE-N","mg/L",0.041
"01/13/2004","S65E","NITRATE+NITRITE-N","mg/L",0.045
"01/27/2004","S65E","NITRATE+NITRITE-N","mg/L",0.048
"02/10/2004","S65E","NITRATE+NITRITE-N","mg/L",0.033
"02/24/2004","S65E","NITRATE+NITRITE-N","mg/L",0.045
"03/09/2004","S65E","NITRATE+NITRITE-N","mg/L",0.036
"03/15/2004","S65E","NITRATE+NITRITE-N","mg/L",0.065
"03/23/2004","S65E","NITRATE+NITRITE-N","mg/L",0.061
"04/06/2004","S65E","NITRATE+NITRITE-N","mg/L",0.12
"04/20/2004","S65E","NITRATE+NITRITE-N","mg/L",0.162
"05/04/2004","S65E","NITRATE+NITRITE-N","mg/L",0.065
"05/17/2004","S65E","NITRATE+NITRITE-N","mg/L",0.1095
"05/18/2004","S65E","NITRATE+NITRITE-N","mg/L",0.097
"06/08/2004","S65E","NITRATE+NITRITE-N","mg/L",0.015
"06/22/2004","S65E","NITRATE+NITRITE-N","mg/L",0.004
"07/06/2004","S65E","NITRATE+NITRITE-N","mg/L",-0.004
"07/20/2004","S65E","NITRATE+NITRITE-N","mg/L",5e-04
"08/03/2004","S65E","NITRATE+NITRITE-N","mg/L",0.057
"08/17/2004","S65E","NITRATE+NITRITE-N","mg/L",0.079
"08/23/2004","S65E","NITRATE+NITRITE-N","mg/L",0
"08/31/2004","S65E","NITRATE+NITRITE-N","mg/L",0.013
"09/14/2004","S65E","NITRATE+NITRITE-N","mg/L",0.006
"09/29/2004","S65E","NITRATE+NITRITE-N","mg/L",0.069
"10/12/2004","S65E","NITRATE+NITRITE-N","mg/L",0.154
"10/26/2004","S65E","NITRATE+NITRITE-N","mg/L",0.0416666666666667
"11/09/2004","S65E","NITRATE+NITRITE-N","mg/L",0.114
"11/22/2004","S65E","NITRATE+NITRITE-N","mg/L",0.135
"12/07/2004","S65E","NITRATE+NITRITE-N","mg/L",0.168
"12/21/2004","S65E","NITRATE+NITRITE-N","mg/L",0.1
"01/04/2005","S65E","NITRATE+NITRITE-N","mg/L",0.222
"01/18/2005","S65E","NITRATE+NITRITE-N","mg/L",0.222
"01/20/2005","S65E","NITRATE+NITRITE-N","mg/L",-0.006
"02/01/2005","S65E","NITRATE+NITRITE-N","mg/L",0.222
"02/03/2005","S65E","NITRATE+NITRITE-N","mg/L",0.138
"02/14/2005","S65E","NITRATE+NITRITE-N","mg/L",0.188
"02/15/2005","S65E","NITRATE+NITRITE-N","mg/L",0.18
"03/01/2005","S65E","NITRATE+NITRITE-N","mg/L",0.0745
"03/15/2005","S65E","NITRATE+NITRITE-N","mg/L",0.111
"03/29/2005","S65E","NITRATE+NITRITE-N","mg/L",0.029
"04/12/2005","S65E","NITRATE+NITRITE-N","mg/L",0.032
"04/26/2005","S65E","NITRATE+NITRITE-N","mg/L",0.01
"04/28/2005","S65E","NITRATE+NITRITE-N","mg/L",-0.006
"05/10/2005","S65E","NITRATE+NITRITE-N","mg/L",0.063
"05/12/2005","S65E","NITRATE+NITRITE-N","mg/L",-0.006
"05/16/2005","S65E","NITRATE+NITRITE-N","mg/L",0.0045
"05/19/2005","S65E","NITRATE+NITRITE-N","mg/L",-0.006
"05/24/2005","S65E","NITRATE+NITRITE-N","mg/L",0.026
"05/26/2005","S65E","NITRATE+NITRITE-N","mg/L",-0.006
"06/02/2005","S65E","NITRATE+NITRITE-N","mg/L",0
"06/07/2005","S65E","NITRATE+NITRITE-N","mg/L",0.001
"06/09/2005","S65E","NITRATE+NITRITE-N","mg/L",-0.006
"06/16/2005","S65E","NITRATE+NITRITE-N","mg/L",-0.006
"06/21/2005","S65E","NITRATE+NITRITE-N","mg/L",0.024
"06/23/2005","S65E","NITRATE+NITRITE-N","mg/L",-0.006
"07/05/2005","S65E","NITRATE+NITRITE-N","mg/L",0.004
"07/07/2005","S65E","NITRATE+NITRITE-N","mg/L",-0.006
"07/14/2005","S65E","NITRATE+NITRITE-N","mg/L",-0.006
"07/19/2005","S65E","NITRATE+NITRITE-N","mg/L",0.004
"07/21/2005","S65E","NITRATE+NITRITE-N","mg/L",-0.006
"07/28/2005","S65E","NITRATE+NITRITE-N","mg/L",-0.006
"08/02/2005","S65E","NITRATE+NITRITE-N","mg/L",0.003
"08/04/2005","S65E","NITRATE+NITRITE-N","mg/L",-0.006
"08/11/2005","S65E","NITRATE+NITRITE-N","mg/L",-0.006
"08/16/2005","S65E","NITRATE+NITRITE-N","mg/L",0.031
"08/22/2005","S65E","NITRATE+NITRITE-N","mg/L",0.022
"08/30/2005","S65E","NITRATE+NITRITE-N","mg/L",0.031
"09/01/2005","S65E","NITRATE+NITRITE-N","mg/L",-0.006
"09/08/2005","S65E","NITRATE+NITRITE-N","mg/L",-0.006
"09/12/2005","S65E","NITRATE+NITRITE-N","mg/L",0.0045
"09/15/2005","S65E","NITRATE+NITRITE-N","mg/L",-0.006
"09/22/2005","S65E","NITRATE+NITRITE-N","mg/L",-0.006
"09/29/2005","S65E","NITRATE+NITRITE-N","mg/L",-0.006
"10/11/2005","S65E","NITRATE+NITRITE-N","mg/L",0.05
"10/13/2005","S65E","NITRATE+NITRITE-N","mg/L",-0.006
"10/20/2005","S65E","NITRATE+NITRITE-N","mg/L",-0.006
"11/03/2005","S65E","NITRATE+NITRITE-N","mg/L",-0.006
"11/08/2005","S65E","NITRATE+NITRITE-N","mg/L",0.0285
"11/10/2005","S65E","NITRATE+NITRITE-N","mg/L",-0.006
"11/14/2005","S65E","NITRATE+NITRITE-N","mg/L",0.056
"11/16/2005","S65E","NITRATE+NITRITE-N","mg/L",0.046
"11/17/2005","S65E","NITRATE+NITRITE-N","mg/L",-0.006
"11/23/2005","S65E","NITRATE+NITRITE-N","mg/L",-0.006
"12/01/2005","S65E","NITRATE+NITRITE-N","mg/L",-0.006
"12/06/2005","S65E","NITRATE+NITRITE-N","mg/L",0.085
"12/08/2005","S65E","NITRATE+NITRITE-N","mg/L",-0.006
"12/14/2005","S65E","NITRATE+NITRITE-N","mg/L",-0.006
"12/20/2005","S65E","NITRATE+NITRITE-N","mg/L",0.084
"12/22/2005","S65E","NITRATE+NITRITE-N","mg/L",-0.006
"01/03/2006","S65E","NITRATE+NITRITE-N","mg/L",0.097
"01/05/2006","S65E","NITRATE+NITRITE-N","mg/L",-0.006
"01/12/2006","S65E","NITRATE+NITRITE-N","mg/L",-0.006
"01/17/2006","S65E","NITRATE+NITRITE-N","mg/L",0.101
"01/19/2006","S65E","NITRATE+NITRITE-N","mg/L",-0.006
"01/26/2006","S65E","NITRATE+NITRITE-N","mg/L",-0.006
"01/30/2006","S65E","NITRATE+NITRITE-N","mg/L",0.126
"02/02/2006","S65E","NITRATE+NITRITE-N","mg/L",-0.006
"02/13/2006","S65E","NITRATE+NITRITE-N","mg/L",0.0565
"02/21/2006","S65E","NITRATE+NITRITE-N","mg/L",0.002
"02/28/2006","S65E","NITRATE+NITRITE-N","mg/L",0.104
"03/13/2006","S65E","NITRATE+NITRITE-N","mg/L",0.06
"03/28/2006","S65E","NITRATE+NITRITE-N","mg/L",0.191
"04/11/2006","S65E","NITRATE+NITRITE-N","mg/L",0.0895
"04/24/2006","S65E","NITRATE+NITRITE-N","mg/L",0.121
"05/08/2006","S65E","NITRATE+NITRITE-N","mg/L",0.026
"05/22/2006","S65E","NITRATE+NITRITE-N","mg/L",0.021
"05/23/2006","S65E","NITRATE+NITRITE-N","mg/L",-0.006
"06/06/2006","S65E","NITRATE+NITRITE-N","mg/L",-0.0036
"06/19/2006","S65E","NITRATE+NITRITE-N","mg/L",0.01
"07/18/2006","S65E","NITRATE+NITRITE-N","mg/L",0.007
"07/31/2006","S65E","NITRATE+NITRITE-N","mg/L",0.0705
"08/14/2006","S65E","NITRATE+NITRITE-N","mg/L",-0.006
"08/21/2006","S65E","NITRATE+NITRITE-N","mg/L",0.146
"08/31/2006","S65E","NITRATE+NITRITE-N","mg/L",0.113
"09/11/2006","S65E","NITRATE+NITRITE-N","mg/L",-0.000333333333333334
"09/25/2006","S65E","NITRATE+NITRITE-N","mg/L",0.011
"10/10/2006","S65E","NITRATE+NITRITE-N","mg/L",0.012
"10/24/2006","S65E","NITRATE+NITRITE-N","mg/L",0.042
"11/07/2006","S65E","NITRATE+NITRITE-N","mg/L",0.593
"11/21/2006","S65E","NITRATE+NITRITE-N","mg/L",0.564
"11/27/2006","S65E","NITRATE+NITRITE-N","mg/L",0.552
"12/05/2006","S65E","NITRATE+NITRITE-N","mg/L",0.2585
"12/19/2006","S65E","NITRATE+NITRITE-N","mg/L",0.3595
"01/02/2007","S65E","NITRATE+NITRITE-N","mg/L",0.232
"01/16/2007","S65E","NITRATE+NITRITE-N","mg/L",0.48
"01/30/2007","S65E","NITRATE+NITRITE-N","mg/L",0.2085
"02/13/2007","S65E","NITRATE+NITRITE-N","mg/L",0.495
"02/26/2007","S65E","NITRATE+NITRITE-N","mg/L",0.472
"02/27/2007","S65E","NITRATE+NITRITE-N","mg/L",0.452
"03/13/2007","S65E","NITRATE+NITRITE-N","mg/L",0.328
"03/27/2007","S65E","NITRATE+NITRITE-N","mg/L",0.456
"04/10/2007","S65E","NITRATE+NITRITE-N","mg/L",0.427
"04/24/2007","S65E","NITRATE+NITRITE-N","mg/L",0.436
"05/08/2007","S65E","NITRATE+NITRITE-N","mg/L",0.1575
"05/21/2007","S65E","NITRATE+NITRITE-N","mg/L",0.313
"05/22/2007","S65E","NITRATE+NITRITE-N","mg/L",0.326
"06/05/2007","S65E","NITRATE+NITRITE-N","mg/L",0.1546
"06/19/2007","S65E","NITRATE+NITRITE-N","mg/L",0.161
"07/02/2007","S65E","NITRATE+NITRITE-N","mg/L",0.027
"07/17/2007","S65E","NITRATE+NITRITE-N","mg/L",0.025
"08/06/2007","S65E","NITRATE+NITRITE-N","mg/L",0.002
"08/20/2007","S65E","NITRATE+NITRITE-N","mg/L",0.0035
"08/21/2007","S65E","NITRATE+NITRITE-N","mg/L",0.006
"09/04/2007","S65E","NITRATE+NITRITE-N","mg/L",0.0185
"09/17/2007","S65E","NITRATE+NITRITE-N","mg/L",0.199
"10/01/2007","S65E","NITRATE+NITRITE-N","mg/L",0.271
"10/15/2007","S65E","NITRATE+NITRITE-N","mg/L",0.071
"10/29/2007","S65E","NITRATE+NITRITE-N","mg/L",0.255
"11/05/2007","S65E","NITRATE+NITRITE-N","mg/L",0.286
"11/20/2007","S65E","NITRATE+NITRITE-N","mg/L",0.255
"11/26/2007","S65E","NITRATE+NITRITE-N","mg/L",0.262
"12/03/2007","S65E","NITRATE+NITRITE-N","mg/L",0.1356
"12/18/2007","S65E","NITRATE+NITRITE-N","mg/L",0.24
"01/17/2008","S65E","NITRATE+NITRITE-N","mg/L",0.223
"01/29/2008","S65E","NITRATE+NITRITE-N","mg/L",0.098
"02/04/2008","S65E","NITRATE+NITRITE-N","mg/L",0.213
"02/19/2008","S65E","NITRATE+NITRITE-N","mg/L",0.132
"02/20/2008","S65E","NITRATE+NITRITE-N","mg/L",0.089
"03/03/2008","S65E","NITRATE+NITRITE-N","mg/L",0.0036
"03/17/2008","S65E","NITRATE+NITRITE-N","mg/L",0.001
"04/07/2008","S65E","NITRATE+NITRITE-N","mg/L",0.013
"04/21/2008","S65E","NITRATE+NITRITE-N","mg/L",0.005
"05/06/2008","S65E","NITRATE+NITRITE-N","mg/L",-0.005
"05/19/2008","S65E","NITRATE+NITRITE-N","mg/L",-0.005
"05/28/2008","S65E","NITRATE+NITRITE-N","mg/L",-0.005
"06/03/2008","S65E","NITRATE+NITRITE-N","mg/L",-0.005
"06/17/2008","S65E","NITRATE+NITRITE-N","mg/L",0.033
"07/01/2008","S65E","NITRATE+NITRITE-N","mg/L",-0.005
"07/16/2008","S65E","NITRATE+NITRITE-N","mg/L",0.004
"08/06/2008","S65E","NITRATE+NITRITE-N","mg/L",0.005
"08/26/2008","S65E","NITRATE+NITRITE-N","mg/L",0.036
"08/28/2008","S65E","NITRATE+NITRITE-N","mg/L",0.006
"09/08/2008","S65E","NITRATE+NITRITE-N","mg/L",0.014
"09/22/2008","S65E","NITRATE+NITRITE-N","mg/L",0.012
"10/06/2008","S65E","NITRATE+NITRITE-N","mg/L",0.1565
"10/20/2008","S65E","NITRATE+NITRITE-N","mg/L",0.269
"11/13/2008","S65E","NITRATE+NITRITE-N","mg/L",0.2155
"11/19/2008","S65E","NITRATE+NITRITE-N","mg/L",0.359
"11/24/2008","S65E","NITRATE+NITRITE-N","mg/L",0.371
"12/10/2008","S65E","NITRATE+NITRITE-N","mg/L",0.1435
"12/23/2008","S65E","NITRATE+NITRITE-N","mg/L",0.051
"01/14/2009","S65E","NITRATE+NITRITE-N","mg/L",0.0625
"01/27/2009","S65E","NITRATE+NITRITE-N","mg/L",0.198
"02/02/2009","S65E","NITRATE+NITRITE-N","mg/L",0.148
"02/17/2009","S65E","NITRATE+NITRITE-N","mg/L",0.007
"02/18/2009","S65E","NITRATE+NITRITE-N","mg/L",0.032
"03/03/2009","S65E","NITRATE+NITRITE-N","mg/L",0.0362
"03/17/2009","S65E","NITRATE+NITRITE-N","mg/L",-0.005
"03/31/2009","S65E","NITRATE+NITRITE-N","mg/L",0.015
"04/14/2009","S65E","NITRATE+NITRITE-N","mg/L",0.053
"04/29/2009","S65E","NITRATE+NITRITE-N","mg/L",0.132
"05/13/2009","S65E","NITRATE+NITRITE-N","mg/L",0.003
"05/20/2009","S65E","NITRATE+NITRITE-N","mg/L",0.006
"05/27/2009","S65E","NITRATE+NITRITE-N","mg/L",0.08
"06/02/2009","S65E","NITRATE+NITRITE-N","mg/L",-0.005
"06/16/2009","S65E","NITRATE+NITRITE-N","mg/L",0.031
"07/07/2009","S65E","NITRATE+NITRITE-N","mg/L",0.02
"07/20/2009","S65E","NITRATE+NITRITE-N","mg/L",0.034
"08/04/2009","S65E","NITRATE+NITRITE-N","mg/L",0.0125
"08/18/2009","S65E","NITRATE+NITRITE-N","mg/L",0.0135
"08/26/2009","S65E","NITRATE+NITRITE-N","mg/L",0.056
"09/08/2009","S65E","NITRATE+NITRITE-N","mg/L",0.0085
"09/22/2009","S65E","NITRATE+NITRITE-N","mg/L",0.0132
"10/07/2009","S65E","NITRATE+NITRITE-N","mg/L",0.0225
"10/21/2009","S65E","NITRATE+NITRITE-N","mg/L",0.1345
"11/09/2009","S65E","NITRATE+NITRITE-N","mg/L",0.149
"11/18/2009","S65E","NITRATE+NITRITE-N","mg/L",0.1785
"11/30/2009","S65E","NITRATE+NITRITE-N","mg/L",0.1865
"12/16/2009","S65E","NITRATE+NITRITE-N","mg/L",0.1505
"12/28/2009","S65E","NITRATE+NITRITE-N","mg/L",0.1645
"01/11/2010","S65E","NITRATE+NITRITE-N","mg/L",0.318
"01/25/2010","S65E","NITRATE+NITRITE-N","mg/L",0.222
"02/08/2010","S65E","NITRATE+NITRITE-N","mg/L",0.224
"02/17/2010","S65E","NITRATE+NITRITE-N","mg/L",0.248
"02/24/2010","S65E","NITRATE+NITRITE-N","mg/L",0.056
"03/15/2010","S65E","NITRATE+NITRITE-N","mg/L",0.0634
"03/29/2010","S65E","NITRATE+NITRITE-N","mg/L",0.056
"04/12/2010","S65E","NITRATE+NITRITE-N","mg/L",0.0375
"04/26/2010","S65E","NITRATE+NITRITE-N","mg/L",0.049
"05/10/2010","S65E","NITRATE+NITRITE-N","mg/L",0.0075
"05/24/2010","S65E","NITRATE+NITRITE-N","mg/L",0.022
"05/26/2010","S65E","NITRATE+NITRITE-N","mg/L",0.017
"06/07/2010","S65E","NITRATE+NITRITE-N","mg/L",0.00875
"06/21/2010","S65E","NITRATE+NITRITE-N","mg/L",0.009
"07/08/2010","S65E","NITRATE+NITRITE-N","mg/L",0.025
"07/19/2010","S65E","NITRATE+NITRITE-N","mg/L",0.005
"08/02/2010","S65E","NITRATE+NITRITE-N","mg/L",0.111
"08/16/2010","S65E","NITRATE+NITRITE-N","mg/L",0.102
"08/18/2010","S65E","NITRATE+NITRITE-N","mg/L",0.132
"09/14/2010","S65E","NITRATE+NITRITE-N","mg/L",0.014
"09/27/2010","S65E","NITRATE+NITRITE-N","mg/L",0.064
"10/11/2010","S65E","NITRATE+NITRITE-N","mg/L",0.253
"10/26/2010","S65E","NITRATE+NITRITE-N","mg/L",0.221
"11/09/2010","S65E","NITRATE+NITRITE-N","mg/L",0.171
"11/17/2010","S65E","NITRATE+NITRITE-N","mg/L",0.172
"11/29/2010","S65E","NITRATE+NITRITE-N","mg/L",0.157
"12/09/2010","S65E","NITRATE+NITRITE-N","mg/L",0.114
"12/22/2010","S65E","NITRATE+NITRITE-N","mg/L",0.031
"01/10/2011","S65E","NITRATE+NITRITE-N","mg/L",0.03
"01/24/2011","S65E","NITRATE+NITRITE-N","mg/L",0.04
"02/07/2011","S65E","NITRATE+NITRITE-N","mg/L",-0.005
"02/17/2011","S65E","NITRATE+NITRITE-N","mg/L",0.1
"02/23/2011","S65E","NITRATE+NITRITE-N","mg/L",-0.005
"03/09/2011","S65E","NITRATE+NITRITE-N","mg/L",0.02
"03/23/2011","S65E","NITRATE+NITRITE-N","mg/L",-0.005
"04/13/2011","S65E","NITRATE+NITRITE-N","mg/L",-0.005
"04/27/2011","S65E","NITRATE+NITRITE-N","mg/L",-0.005
"05/11/2011","S65E","NITRATE+NITRITE-N","mg/L",-0.005
"05/18/2011","S65E","NITRATE+NITRITE-N","mg/L",-0.005
"05/25/2011","S65E","NITRATE+NITRITE-N","mg/L",-0.005
"06/08/2011","S65E","NITRATE+NITRITE-N","mg/L",-0.005
"06/20/2011","S65E","NITRATE+NITRITE-N","mg/L",-0.005
"07/06/2011","S65E","NITRATE+NITRITE-N","mg/L",-0.005
"07/20/2011","S65E","NITRATE+NITRITE-N","mg/L",0.022
"08/03/2011","S65E","NITRATE+NITRITE-N","mg/L",0.015
"08/17/2011","S65E","NITRATE+NITRITE-N","mg/L",0.04
"08/24/2011","S65E","NITRATE+NITRITE-N","mg/L",0.076
"08/31/2011","S65E","NITRATE+NITRITE-N","mg/L",0.058
"09/14/2011","S65E","NITRATE+NITRITE-N","mg/L",0.008
"09/28/2011","S65E","NITRATE+NITRITE-N","mg/L",0.018
"10/12/2011","S65E","NITRATE+NITRITE-N","mg/L",0.011
"10/26/2011","S65E","NITRATE+NITRITE-N","mg/L",0.015
"11/07/2011","S65E","NITRATE+NITRITE-N","mg/L",0.042
"11/16/2011","S65E","NITRATE+NITRITE-N","mg/L",0.075
"11/22/2011","S65E","NITRATE+NITRITE-N","mg/L",0.079
"12/07/2011","S65E","NITRATE+NITRITE-N","mg/L",0.119
"12/21/2011","S65E","NITRATE+NITRITE-N","mg/L",0.171
"01/04/2012","S65E","NITRATE+NITRITE-N","mg/L",0.175
"01/18/2012","S65E","NITRATE+NITRITE-N","mg/L",0.146
"02/01/2012","S65E","NITRATE+NITRITE-N","mg/L",0.058
"02/15/2012","S65E","NITRATE+NITRITE-N","mg/L",0.089
"02/22/2012","S65E","NITRATE+NITRITE-N","mg/L",0.068
"02/29/2012","S65E","NITRATE+NITRITE-N","mg/L",0.025
"03/14/2012","S65E","NITRATE+NITRITE-N","mg/L",0.054
"03/28/2012","S65E","NITRATE+NITRITE-N","mg/L",0.047
"04/11/2012","S65E","NITRATE+NITRITE-N","mg/L",0.087
"04/25/2012","S65E","NITRATE+NITRITE-N","mg/L",0.08
"05/09/2012","S65E","NITRATE+NITRITE-N","mg/L",-0.005
"05/16/2012","S65E","NITRATE+NITRITE-N","mg/L",-0.005
"05/23/2012","S65E","NITRATE+NITRITE-N","mg/L",0.006
"06/06/2012","S65E","NITRATE+NITRITE-N","mg/L",-0.005
"06/20/2012","S65E","NITRATE+NITRITE-N","mg/L",-0.005
"07/11/2012","S65E","NITRATE+NITRITE-N","mg/L",0.005
"07/25/2012","S65E","NITRATE+NITRITE-N","mg/L",0.194
"08/08/2012","S65E","NITRATE+NITRITE-N","mg/L",0.121
"08/22/2012","S65E","NITRATE+NITRITE-N","mg/L",0.136
"09/05/2012","S65E","NITRATE+NITRITE-N","mg/L",0.007
"09/19/2012","S65E","NITRATE+NITRITE-N","mg/L",0.008
"10/03/2012","S65E","NITRATE+NITRITE-N","mg/L",0.008
"10/17/2012","S65E","NITRATE+NITRITE-N","mg/L",0.016
"10/31/2012","S65E","NITRATE+NITRITE-N","mg/L",0.06
"11/14/2012","S65E","NITRATE+NITRITE-N","mg/L",0.085
"11/28/2012","S65E","NITRATE+NITRITE-N","mg/L",0.197
"12/05/2012","S65E","NITRATE+NITRITE-N","mg/L",0.211
"12/19/2012","S65E","NITRATE+NITRITE-N","mg/L",0.183
"01/02/2013","S65E","NITRATE+NITRITE-N","mg/L",0.123
"01/16/2013","S65E","NITRATE+NITRITE-N","mg/L",0.253
"01/30/2013","S65E","NITRATE+NITRITE-N","mg/L",0.27
"02/06/2013","S65E","NITRATE+NITRITE-N","mg/L",0.27
"02/13/2013","S65E","NITRATE+NITRITE-N","mg/L",0.061
"02/27/2013","S65E","NITRATE+NITRITE-N","mg/L",-0.005
"03/13/2013","S65E","NITRATE+NITRITE-N","mg/L",0.033
"03/27/2013","S65E","NITRATE+NITRITE-N","mg/L",-0.005
"04/10/2013","S65E","NITRATE+NITRITE-N","mg/L",-0.005
"04/24/2013","S65E","NITRATE+NITRITE-N","mg/L",-0.005
"05/08/2013","S65E","NITRATE+NITRITE-N","mg/L",-0.005
"05/22/2013","S65E","NITRATE+NITRITE-N","mg/L",-0.005
"06/05/2013","S65E","NITRATE+NITRITE-N","mg/L",-0.005
"06/19/2013","S65E","NITRATE+NITRITE-N","mg/L",0.016
"07/02/2013","S65E","NITRATE+NITRITE-N","mg/L",0.02
"07/17/2013","S65E","NITRATE+NITRITE-N","mg/L",0.009
"07/31/2013","S65E","NITRATE+NITRITE-N","mg/L",0.01
"08/07/2013","S65E","NITRATE+NITRITE-N","mg/L",0.007
"08/14/2013","S65E","NITRATE+NITRITE-N","mg/L",0.045
"08/28/2013","S65E","NITRATE+NITRITE-N","mg/L",0.033
"09/11/2013","S65E","NITRATE+NITRITE-N","mg/L",0.032
"09/25/2013","S65E","NITRATE+NITRITE-N","mg/L",0.04
"10/09/2013","S65E","NITRATE+NITRITE-N","mg/L",0.026
"10/23/2013","S65E","NITRATE+NITRITE-N","mg/L",0.18
"11/04/2013","S65E","NITRATE+NITRITE-N","mg/L",0.288
"11/06/2013","S65E","NITRATE+NITRITE-N","mg/L",0.318
"11/20/2013","S65E","NITRATE+NITRITE-N","mg/L",0.261
"12/04/2013","S65E","NITRATE+NITRITE-N","mg/L",0.223
"12/18/2013","S65E","NITRATE+NITRITE-N","mg/L",0.179
"12/30/2013","S65E","NITRATE+NITRITE-N","mg/L",0.152
"01/15/2014","S65E","NITRATE+NITRITE-N","mg/L",0.145
"01/29/2014","S65E","NITRATE+NITRITE-N","mg/L",0.135
"02/03/2014","S65E","NITRATE+NITRITE-N","mg/L",0.132
"02/12/2014","S65E","NITRATE+NITRITE-N","mg/L",0.045
"02/26/2014","S65E","NITRATE+NITRITE-N","mg/L",-0.005
"03/12/2014","S65E","NITRATE+NITRITE-N","mg/L",0.009
"03/26/2014","S65E","NITRATE+NITRITE-N","mg/L",0.017
"04/09/2014","S65E","NITRATE+NITRITE-N","mg/L",-0.005
"04/23/2014","S65E","NITRATE+NITRITE-N","mg/L",-0.005
"05/05/2014","S65E","NITRATE+NITRITE-N","mg/L",-0.005
"05/07/2014","S65E","NITRATE+NITRITE-N","mg/L",-0.005
"05/21/2014","S65E","NITRATE+NITRITE-N","mg/L",-0.005
"06/04/2014","S65E","NITRATE+NITRITE-N","mg/L",-0.005
"06/18/2014","S65E","NITRATE+NITRITE-N","mg/L",-0.005
"07/01/2014","S65E","NITRATE+NITRITE-N","mg/L",0.033
"07/16/2014","S65E","NITRATE+NITRITE-N","mg/L",0.04
"07/30/2014","S65E","NITRATE+NITRITE-N","mg/L",0.005
"08/13/2014","S65E","NITRATE+NITRITE-N","mg/L",0.01
"08/18/2014","S65E","NITRATE+NITRITE-N","mg/L",0.021
"08/27/2014","S65E","NITRATE+NITRITE-N","mg/L",0.005
"09/10/2014","S65E","NITRATE+NITRITE-N","mg/L",0.057
"09/24/2014","S65E","NITRATE+NITRITE-N","mg/L",0.044
"10/08/2014","S65E","NITRATE+NITRITE-N","mg/L",0.007
"10/22/2014","S65E","NITRATE+NITRITE-N","mg/L",0.041
"11/03/2014","S65E","NITRATE+NITRITE-N","mg/L",0.229
"11/05/2014","S65E","NITRATE+NITRITE-N","mg/L",0.303
"11/19/2014","S65E","NITRATE+NITRITE-N","mg/L",0.245
"12/03/2014","S65E","NITRATE+NITRITE-N","mg/L",0.114
"12/17/2014","S65E","NITRATE+NITRITE-N","mg/L",0.026
"12/30/2014","S65E","NITRATE+NITRITE-N","mg/L",0.024
"01/14/2015","S65E","NITRATE+NITRITE-N","mg/L",0.092
"01/28/2015","S65E","NITRATE+NITRITE-N","mg/L",0.037
"02/02/2015","S65E","NITRATE+NITRITE-N","mg/L",0.023
"02/11/2015","S65E","NITRATE+NITRITE-N","mg/L",0.028
"02/25/2015","S65E","NITRATE+NITRITE-N","mg/L",0.03
"03/11/2015","S65E","NITRATE+NITRITE-N","mg/L",0.033
"03/25/2015","S65E","NITRATE+NITRITE-N","mg/L",0.061
"04/08/2015","S65E","NITRATE+NITRITE-N","mg/L",0.035
"04/22/2015","S65E","NITRATE+NITRITE-N","mg/L",0.025
"05/04/2015","S65E","NITRATE+NITRITE-N","mg/L",0.018
"05/06/2015","S65E","NITRATE+NITRITE-N","mg/L",0.007
"05/20/2015","S65E","NITRATE+NITRITE-N","mg/L",-0.005
"06/03/2015","S65E","NITRATE+NITRITE-N","mg/L",0.008
"06/17/2015","S65E","NITRATE+NITRITE-N","mg/L",-0.005
"07/01/2015","S65E","NITRATE+NITRITE-N","mg/L",0.01
"07/15/2015","S65E","NITRATE+NITRITE-N","mg/L",-0.005
"07/29/2015","S65E","NITRATE+NITRITE-N","mg/L",0.034
"08/03/2015","S65E","NITRATE+NITRITE-N","mg/L",0.077
"08/12/2015","S65E","NITRATE+NITRITE-N","mg/L",0.054
"08/26/2015","S65E","NITRATE+NITRITE-N","mg/L",-0.005
"09/09/2015","S65E","NITRATE+NITRITE-N","mg/L",-0.005
"09/23/2015","S65E","NITRATE+NITRITE-N","mg/L",-0.005
"10/07/2015","S65E","NITRATE+NITRITE-N","mg/L",0.015
"10/21/2015","S65E","NITRATE+NITRITE-N","mg/L",0.03
"10/26/2015","S65E","NITRATE+NITRITE-N","mg/L",0.03
"11/04/2015","S65E","NITRATE+NITRITE-N","mg/L",0.026
"11/18/2015","S65E","NITRATE+NITRITE-N","mg/L",0.081
"12/02/2015","S65E","NITRATE+NITRITE-N","mg/L",0.253
"12/21/2015","S65E","NITRATE+NITRITE-N","mg/L",0.168
"01/04/2016","S65E","NITRATE+NITRITE-N","mg/L",0.235
"01/20/2016","S65E","NITRATE+NITRITE-N","mg/L",0.101
"02/01/2016","S65E","NITRATE+NITRITE-N","mg/L",0.083
"02/15/2016","S65E","NITRATE+NITRITE-N","mg/L",0.01
"02/29/2016","S65E","NITRATE+NITRITE-N","mg/L",0.023
"03/14/2016","S65E","NITRATE+NITRITE-N","mg/L",0.035
"03/28/2016","S65E","NITRATE+NITRITE-N","mg/L",0.185
"04/11/2016","S65E","NITRATE+NITRITE-N","mg/L",0.011
"04/25/2016","S65E","NITRATE+NITRITE-N","mg/L",0.013
"05/09/2016","S65E","NITRATE+NITRITE-N","mg/L",0.048
"05/23/2016","S65E","NITRATE+NITRITE-N","mg/L",0.014
"06/06/2016","S65E","NITRATE+NITRITE-N","mg/L",0.01
"06/20/2016","S65E","NITRATE+NITRITE-N","mg/L",0.014
"07/06/2016","S65E","NITRATE+NITRITE-N","mg/L",0.02
"07/18/2016","S65E","NITRATE+NITRITE-N","mg/L",0.067
"08/01/2016","S65E","NITRATE+NITRITE-N","mg/L",0.021
"08/15/2016","S65E","NITRATE+NITRITE-N","mg/L",0.016
"08/29/2016","S65E","NITRATE+NITRITE-N","mg/L",0.051
"09/12/2016","S65E","NITRATE+NITRITE-N","mg/L",0.021
"09/26/2016","S65E","NITRATE+NITRITE-N","mg/L",0.022
"10/10/2016","S65E","NITRATE+NITRITE-N","mg/L",0.048
"10/24/2016","S65E","NITRATE+NITRITE-N","mg/L",0.05
"11/07/2016","S65E","NITRATE+NITRITE-N","mg/L",0.073
"11/21/2016","S65E","NITRATE+NITRITE-N","mg/L",0.038
"12/19/2016","S65E","NITRATE+NITRITE-N","mg/L",0.036
"01/09/2017","S65E","NITRATE+NITRITE-N","mg/L",0.087
"01/23/2017","S65E","NITRATE+NITRITE-N","mg/L",0.122
"02/06/2017","S65E","NITRATE+NITRITE-N","mg/L",0.138
"02/20/2017","S65E","NITRATE+NITRITE-N","mg/L",0.161
"03/06/2017","S65E","NITRATE+NITRITE-N","mg/L",0.178
"03/13/2017","S65E","NITRATE+NITRITE-N","mg/L",0.054
"03/20/2017","S65E","NITRATE+NITRITE-N","mg/L",0.006
"04/17/2017","S65E","NITRATE+NITRITE-N","mg/L",0.08
"04/24/2017","S65E","NITRATE+NITRITE-N","mg/L",0.055
"05/01/2017","S65E","NITRATE+NITRITE-N","mg/L",0.051
"05/08/2017","S65E","NITRATE+NITRITE-N","mg/L",0.006
"06/05/2017","S65E","NITRATE+NITRITE-N","mg/L",0.01
"06/12/2017","S65E","NITRATE+NITRITE-N","mg/L",0.067
"06/19/2017","S65E","NITRATE+NITRITE-N","mg/L",0.149
"07/05/2017","S65E","NITRATE+NITRITE-N","mg/L",0.018
"07/17/2017","S65E","NITRATE+NITRITE-N","mg/L",0.112
"08/01/2017","S65E","NITRATE+NITRITE-N","mg/L",0.06
"08/14/2017","S65E","NITRATE+NITRITE-N","mg/L",0.02
"08/28/2017","S65E","NITRATE+NITRITE-N","mg/L",0.032
"09/13/2017","S65E","NITRATE+NITRITE-N","mg/L",0.01
"09/25/2017","S65E","NITRATE+NITRITE-N","mg/L",0.008
"10/09/2017","S65E","NITRATE+NITRITE-N","mg/L",0.058
"10/23/2017","S65E","NITRATE+NITRITE-N","mg/L",0.098
"11/06/2017","S65E","NITRATE+NITRITE-N","mg/L",0.086
"11/20/2017","S65E","NITRATE+NITRITE-N","mg/L",0.114
"12/04/2017","S65E","NITRATE+NITRITE-N","mg/L",0.206
"12/18/2017","S65E","NITRATE+NITRITE-N","mg/L",0.338
"01/16/2018","S65E","NITRATE+NITRITE-N","mg/L",0.214
"02/12/2018","S65E","NITRATE+NITRITE-N","mg/L",0.106
"03/12/2018","S65E","NITRATE+NITRITE-N","mg/L",0.169
"03/26/2018","S65E","NITRATE+NITRITE-N","mg/L",0.027
"04/09/2018","S65E","NITRATE+NITRITE-N","mg/L",0.019
"04/23/2018","S65E","NITRATE+NITRITE-N","mg/L",0.078
"05/07/2018","S65E","NITRATE+NITRITE-N","mg/L",0.005
"05/21/2018","S65E","NITRATE+NITRITE-N","mg/L",0.038
"06/04/2018","S65E","NITRATE+NITRITE-N","mg/L",0.023
"06/18/2018","S65E","NITRATE+NITRITE-N","mg/L",0.036
"07/02/2018","S65E","NITRATE+NITRITE-N","mg/L",0.049
"07/16/2018","S65E","NITRATE+NITRITE-N","mg/L",-0.005
"07/30/2018","S65E","NITRATE+NITRITE-N","mg/L",-0.005
"08/06/2018","S65E","NITRATE+NITRITE-N","mg/L",0.03
"08/20/2018","S65E","NITRATE+NITRITE-N","mg/L",0.021
"09/04/2018","S65E","NITRATE+NITRITE-N","mg/L",0.078
"09/17/2018","S65E","NITRATE+NITRITE-N","mg/L",0.089
"10/01/2018","S65E","NITRATE+NITRITE-N","mg/L",0.092
"10/04/2018","S65E","NITRATE+NITRITE-N","mg/L",-0.005
"10/15/2018","S65E","NITRATE+NITRITE-N","mg/L",0.08
"10/29/2018","S65E","NITRATE+NITRITE-N","mg/L",0.076
"11/13/2018","S65E","NITRATE+NITRITE-N","mg/L",0.41
"11/26/2018","S65E","NITRATE+NITRITE-N","mg/L",0.415666666666667
"12/11/2018","S65E","NITRATE+NITRITE-N","mg/L",0.362
"12/26/2018","S65E","NITRATE+NITRITE-N","mg/L",0.295
"01/07/2019","S65E","NITRATE+NITRITE-N","mg/L",0.211
"01/22/2019","S65E","NITRATE+NITRITE-N","mg/L",0.201
"02/04/2019","S65E","NITRATE+NITRITE-N","mg/L",0.013
"02/18/2019","S65E","NITRATE+NITRITE-N","mg/L",0.02
"03/04/2019","S65E","NITRATE+NITRITE-N","mg/L",0.0886666666666667
"03/06/2019","S65E","NITRATE+NITRITE-N","mg/L",0.086
"03/18/2019","S65E","NITRATE+NITRITE-N","mg/L",0.085
"04/08/2019","S65E","NITRATE+NITRITE-N","mg/L",0.013
"04/22/2019","S65E","NITRATE+NITRITE-N","mg/L",0.005
"05/06/2019","S65E","NITRATE+NITRITE-N","mg/L",-0.005
"05/20/2019","S65E","NITRATE+NITRITE-N","mg/L",-0.005
"06/03/2019","S65E","NITRATE+NITRITE-N","mg/L",-0.005
"06/17/2019","S65E","NITRATE+NITRITE-N","mg/L",-0.005
"06/20/2019","S65E","NITRATE+NITRITE-N","mg/L",0.014
"07/01/2019","S65E","NITRATE+NITRITE-N","mg/L",-0.005
"07/15/2019","S65E","NITRATE+NITRITE-N","mg/L",0.077
"07/29/2019","S65E","NITRATE+NITRITE-N","mg/L",0.005
"08/12/2019","S65E","NITRATE+NITRITE-N","mg/L",-0.005
"08/26/2019","S65E","NITRATE+NITRITE-N","mg/L",0.011
"09/09/2019","S65E","NITRATE+NITRITE-N","mg/L",0.026
"09/23/2019","S65E","NITRATE+NITRITE-N","mg/L",0.018
"10/08/2019","S65E","NITRATE+NITRITE-N","mg/L",0.074
"10/21/2019","S65E","NITRATE+NITRITE-N","mg/L",0.277
"11/04/2019","S65E","NITRATE+NITRITE-N","mg/L",0.315
"11/18/2019","S65E","NITRATE+NITRITE-N","mg/L",0.325
"12/02/2019","S65E","NITRATE+NITRITE-N","mg/L",0.182
"12/16/2019","S65E","NITRATE+NITRITE-N","mg/L",0.052
"12/30/2019","S65E","NITRATE+NITRITE-N","mg/L",0.116
"01/13/2020","S65E","NITRATE+NITRITE-N","mg/L",0.176
"01/27/2020","S65E","NITRATE+NITRITE-N","mg/L",0.031
"02/10/2020","S65E","NITRATE+NITRITE-N","mg/L",-0.005
"02/24/2020","S65E","NITRATE+NITRITE-N","mg/L",0.013
"03/09/2020","S65E","NITRATE+NITRITE-N","mg/L",-0.005
"03/23/2020","S65E","NITRATE+NITRITE-N","mg/L",-0.005
"04/06/2020","S65E","NITRATE+NITRITE-N","mg/L",-0.005
"04/20/2020","S65E","NITRATE+NITRITE-N","mg/L",-0.005
"05/04/2020","S65E","NITRATE+NITRITE-N","mg/L",-0.005
"05/18/2020","S65E","NITRATE+NITRITE-N","mg/L",-0.005
"06/01/2020","S65E","NITRATE+NITRITE-N","mg/L",-0.005
"06/15/2020","S65E","NITRATE+NITRITE-N","mg/L",0.013
"06/29/2020","S65E","NITRATE+NITRITE-N","mg/L",0.023
"07/13/2020","S65E","NITRATE+NITRITE-N","mg/L",0.01
"07/27/2020","S65E","NITRATE+NITRITE-N","mg/L",0.006
"08/10/2020","S65E","NITRATE+NITRITE-N","mg/L",0.006
"08/24/2020","S65E","NITRATE+NITRITE-N","mg/L",-0.005
"09/08/2020","S65E","NITRATE+NITRITE-N","mg/L",0.01
"09/21/2020","S65E","NITRATE+NITRITE-N","mg/L",0.014
"10/05/2020","S65E","NITRATE+NITRITE-N","mg/L",0.024
"10/19/2020","S65E","NITRATE+NITRITE-N","mg/L",0.039
"11/02/2020","S65E","NITRATE+NITRITE-N","mg/L",0.129
"11/16/2020","S65E","NITRATE+NITRITE-N","mg/L",0.094
"11/30/2020","S65E","NITRATE+NITRITE-N","mg/L",0.038
"12/14/2020","S65E","NITRATE+NITRITE-N","mg/L",-0.005
"12/28/2020","S65E","NITRATE+NITRITE-N","mg/L",0.045
"01/11/2021","S65E","NITRATE+NITRITE-N","mg/L",0.022
"01/25/2021","S65E","NITRATE+NITRITE-N","mg/L",-0.005
"02/08/2021","S65E","NITRATE+NITRITE-N","mg/L",-0.005
"02/22/2021","S65E","NITRATE+NITRITE-N","mg/L",0.032
"03/08/2021","S65E","NITRATE+NITRITE-N","mg/L",0.017
"03/22/2021","S65E","NITRATE+NITRITE-N","mg/L",0.007
"04/05/2021","S65E","NITRATE+NITRITE-N","mg/L",0.008
"04/19/2021","S65E","NITRATE+NITRITE-N","mg/L",-0.005
"05/03/2021","S65E","NITRATE+NITRITE-N","mg/L",-0.005
"05/17/2021","S65E","NITRATE+NITRITE-N","mg/L",-0.005
"06/01/2021","S65E","NITRATE+NITRITE-N","mg/L",-0.005
"06/14/2021","S65E","NITRATE+NITRITE-N","mg/L",-0.005
"06/28/2021","S65E","NITRATE+NITRITE-N","mg/L",0.005
"07/12/2021","S65E","NITRATE+NITRITE-N","mg/L",0.03
"07/26/2021","S65E","NITRATE+NITRITE-N","mg/L",0.005
"08/09/2021","S65E","NITRATE+NITRITE-N","mg/L",0.017
"08/23/2021","S65E","NITRATE+NITRITE-N","mg/L",0.013
"09/07/2021","S65E","NITRATE+NITRITE-N","mg/L",-0.005
"09/20/2021","S65E","NITRATE+NITRITE-N","mg/L",0.012
"10/04/2021","S65E","NITRATE+NITRITE-N","mg/L",0.012
"10/18/2021","S65E","NITRATE+NITRITE-N","mg/L",0.018
"11/01/2021","S65E","NITRATE+NITRITE-N","mg/L",0.03
"11/15/2021","S65E","NITRATE+NITRITE-N","mg/L",0.044
"11/29/2021","S65E","NITRATE+NITRITE-N","mg/L",0.072
"12/13/2021","S65E","NITRATE+NITRITE-N","mg/L",0.048
"12/27/2021","S65E","NITRATE+NITRITE-N","mg/L",0.237
"01/10/2022","S65E","NITRATE+NITRITE-N","mg/L",0.127
"01/24/2022","S65E","NITRATE+NITRITE-N","mg/L",0.108
"02/07/2022","S65E","NITRATE+NITRITE-N","mg/L",-0.005
"02/21/2022","S65E","NITRATE+NITRITE-N","mg/L",-0.005
"03/07/2022","S65E","NITRATE+NITRITE-N","mg/L",0.005
"03/21/2022","S65E","NITRATE+NITRITE-N","mg/L",-0.005
"04/04/2022","S65E","NITRATE+NITRITE-N","mg/L",-0.005
"04/18/2022","S65E","NITRATE+NITRITE-N","mg/L",-0.005
"05/02/2022","S65E","NITRATE+NITRITE-N","mg/L",0.009
"05/16/2022","S65E","NITRATE+NITRITE-N","mg/L",-0.005
"05/31/2022","S65E","NITRATE+NITRITE-N","mg/L",-0.005
"06/13/2022","S65E","NITRATE+NITRITE-N","mg/L",-0.005
"06/27/2022","S65E","NITRATE+NITRITE-N","mg/L",-0.005
"07/11/2022","S65E","NITRATE+NITRITE-N","mg/L",0.35
"07/25/2022","S65E","NITRATE+NITRITE-N","mg/L",0.245
"08/08/2022","S65E","NITRATE+NITRITE-N","mg/L",0.669
"08/22/2022","S65E","NITRATE+NITRITE-N","mg/L",0.447
"09/06/2022","S65E","NITRATE+NITRITE-N","mg/L",0.293
"09/19/2022","S65E","NITRATE+NITRITE-N","mg/L",0.343
"10/03/2022","S65E","NITRATE+NITRITE-N","mg/L",-0.005
"10/17/2022","S65E","NITRATE+NITRITE-N","mg/L",-0.005
"10/31/2022","S65E","NITRATE+NITRITE-N","mg/L",0.006
"11/14/2022","S65E","NITRATE+NITRITE-N","mg/L",0.018
"11/28/2022","S65E","NITRATE+NITRITE-N","mg/L",0.035
"12/12/2022","S65E","NITRATE+NITRITE-N","mg/L",0.068
"12/27/2022","S65E","NITRATE+NITRITE-N","mg/L",0.068
"01/09/2023","S65E","NITRATE+NITRITE-N","mg/L",0.064
"01/23/2023","S65E","NITRATE+NITRITE-N","mg/L",0.064
"02/06/2023","S65E","NITRATE+NITRITE-N","mg/L",0.066
"02/20/2023","S65E","NITRATE+NITRITE-N","mg/L",0.064
"03/06/2023","S65E","NITRATE+NITRITE-N","mg/L",0.046
"03/20/2023","S65E","NITRATE+NITRITE-N","mg/L",0.183
"04/03/2023","S65E","NITRATE+NITRITE-N","mg/L",0.021
"04/17/2023","S65E","NITRATE+NITRITE-N","mg/L",0.141
"05/01/2023","S65E","NITRATE+NITRITE-N","mg/L",-0.005
"04/16/1973","S65E","NITRITE-N","mg/L",-0.002
"04/23/1973","S65E","NITRITE-N","mg/L",-0.002
"04/30/1973","S65E","NITRITE-N","mg/L",-0.002
"05/07/1973","S65E","NITRITE-N","mg/L",0.009
"05/14/1973","S65E","NITRITE-N","mg/L",-0.002
"05/21/1973","S65E","NITRITE-N","mg/L",-0.002
"05/29/1973","S65E","NITRITE-N","mg/L",-0.004
"06/04/1973","S65E","NITRITE-N","mg/L",-0.004
"06/11/1973","S65E","NITRITE-N","mg/L",0.005
"06/13/1973","S65E","NITRITE-N","mg/L",-0.004
"06/18/1973","S65E","NITRITE-N","mg/L",-0.004
"06/25/1973","S65E","NITRITE-N","mg/L",0.01
"07/02/1973","S65E","NITRITE-N","mg/L",-0.008
"07/09/1973","S65E","NITRITE-N","mg/L",0.014
"07/16/1973","S65E","NITRITE-N","mg/L",0.00666666666666667
"07/23/1973","S65E","NITRITE-N","mg/L",0.005
"07/30/1973","S65E","NITRITE-N","mg/L",0.008
"08/06/1973","S65E","NITRITE-N","mg/L",-0.008
"08/13/1973","S65E","NITRITE-N","mg/L",-0.008
"08/20/1973","S65E","NITRITE-N","mg/L",-0.008
"08/27/1973","S65E","NITRITE-N","mg/L",-0.008
"08/29/1973","S65E","NITRITE-N","mg/L",-0.008
"09/04/1973","S65E","NITRITE-N","mg/L",-0.008
"09/10/1973","S65E","NITRITE-N","mg/L",-0.004
"09/17/1973","S65E","NITRITE-N","mg/L",0.008
"09/24/1973","S65E","NITRITE-N","mg/L",0.004
"10/01/1973","S65E","NITRITE-N","mg/L",-0.004
"10/02/1973","S65E","NITRITE-N","mg/L",0
"10/08/1973","S65E","NITRITE-N","mg/L",-0.004
"10/15/1973","S65E","NITRITE-N","mg/L",0.012
"10/23/1973","S65E","NITRITE-N","mg/L",0.03
"10/29/1973","S65E","NITRITE-N","mg/L",0.13
"11/07/1973","S65E","NITRITE-N","mg/L",-0.004
"11/12/1973","S65E","NITRITE-N","mg/L",-0.01
"11/13/1973","S65E","NITRITE-N","mg/L",-0.01
"11/26/1973","S65E","NITRITE-N","mg/L",-0.004
"12/03/1973","S65E","NITRITE-N","mg/L",-0.004
"12/05/1973","S65E","NITRITE-N","mg/L",0
"12/10/1973","S65E","NITRITE-N","mg/L",-0.01
"12/11/1973","S65E","NITRITE-N","mg/L",-0.01
"12/17/1973","S65E","NITRITE-N","mg/L",-0.004
"01/02/1974","S65E","NITRITE-N","mg/L",-0.004
"01/08/1974","S65E","NITRITE-N","mg/L",0.007
"01/14/1974","S65E","NITRITE-N","mg/L",0.019
"01/28/1974","S65E","NITRITE-N","mg/L",0.008
"02/11/1974","S65E","NITRITE-N","mg/L",-0.004
"02/12/1974","S65E","NITRITE-N","mg/L",-0.004
"02/25/1974","S65E","NITRITE-N","mg/L",-0.004
"03/05/1974","S65E","NITRITE-N","mg/L",0.0045
"03/11/1974","S65E","NITRITE-N","mg/L",-0.004
"03/25/1974","S65E","NITRITE-N","mg/L",-0.004
"04/02/1974","S65E","NITRITE-N","mg/L",-0.004
"04/08/1974","S65E","NITRITE-N","mg/L",0.009
"04/22/1974","S65E","NITRITE-N","mg/L",0.005
"05/07/1974","S65E","NITRITE-N","mg/L",-0.004
"05/13/1974","S65E","NITRITE-N","mg/L",-0.004
"05/28/1974","S65E","NITRITE-N","mg/L",0.004
"06/10/1974","S65E","NITRITE-N","mg/L",-0.004
"06/11/1974","S65E","NITRITE-N","mg/L",-0.004
"06/24/1974","S65E","NITRITE-N","mg/L",0.004
"07/08/1974","S65E","NITRITE-N","mg/L",0.005
"07/09/1974","S65E","NITRITE-N","mg/L",0
"07/22/1974","S65E","NITRITE-N","mg/L",-0.004
"08/05/1974","S65E","NITRITE-N","mg/L",0.004
"08/13/1974","S65E","NITRITE-N","mg/L",0.006
"08/19/1974","S65E","NITRITE-N","mg/L",0.005
"09/03/1974","S65E","NITRITE-N","mg/L",0.006
"09/10/1974","S65E","NITRITE-N","mg/L",0.0055
"09/16/1974","S65E","NITRITE-N","mg/L",0.007
"09/30/1974","S65E","NITRITE-N","mg/L",0.005
"10/08/1974","S65E","NITRITE-N","mg/L",0.01
"10/14/1974","S65E","NITRITE-N","mg/L",0.013
"10/28/1974","S65E","NITRITE-N","mg/L",0.035
"11/05/1974","S65E","NITRITE-N","mg/L",-0.008
"11/12/1974","S65E","NITRITE-N","mg/L",-0.004
"12/10/1974","S65E","NITRITE-N","mg/L",5e-04
"01/07/1975","S65E","NITRITE-N","mg/L",0.006
"02/04/1975","S65E","NITRITE-N","mg/L",0.0105
"03/05/1975","S65E","NITRITE-N","mg/L",0.013
"04/08/1975","S65E","NITRITE-N","mg/L",0.009
"05/06/1975","S65E","NITRITE-N","mg/L",-0.004
"06/03/1975","S65E","NITRITE-N","mg/L",-0.004
"07/15/1975","S65E","NITRITE-N","mg/L",0.0255
"08/12/1975","S65E","NITRITE-N","mg/L",0.0045
"09/12/1975","S65E","NITRITE-N","mg/L",0.008
"10/27/1975","S65E","NITRITE-N","mg/L",0.005
"10/28/1975","S65E","NITRITE-N","mg/L",0.0685
"11/18/1975","S65E","NITRITE-N","mg/L",0.01
"02/12/1976","S65E","NITRITE-N","mg/L",0.005
"05/11/1976","S65E","NITRITE-N","mg/L",0.0075
"06/22/1976","S65E","NITRITE-N","mg/L",0.014
"06/25/1976","S65E","NITRITE-N","mg/L",0.019
"07/20/1976","S65E","NITRITE-N","mg/L",0.02
"08/24/1976","S65E","NITRITE-N","mg/L",0
"09/21/1976","S65E","NITRITE-N","mg/L",0.006
"10/19/1976","S65E","NITRITE-N","mg/L",0.0255
"12/06/1976","S65E","NITRITE-N","mg/L",0.0145
"01/25/1977","S65E","NITRITE-N","mg/L",-0.004
"03/21/1977","S65E","NITRITE-N","mg/L",0.006
"05/23/1977","S65E","NITRITE-N","mg/L",0.0045
"07/25/1977","S65E","NITRITE-N","mg/L",0.002
"09/20/1977","S65E","NITRITE-N","mg/L",0.036
"12/01/1977","S65E","NITRITE-N","mg/L",0.02
"01/24/1978","S65E","NITRITE-N","mg/L",0.0205
"03/21/1978","S65E","NITRITE-N","mg/L",-0.004
"05/30/1978","S65E","NITRITE-N","mg/L",0.0025
"06/21/1978","S65E","NITRITE-N","mg/L",0.006
"07/25/1978","S65E","NITRITE-N","mg/L",0.0095
"08/22/1978","S65E","NITRITE-N","mg/L",0.007
"09/18/1978","S65E","NITRITE-N","mg/L",0.0085
"10/09/1978","S65E","NITRITE-N","mg/L",0.0155
"10/17/1978","S65E","NITRITE-N","mg/L",0.009
"10/23/1978","S65E","NITRITE-N","mg/L",0.098
"11/14/1978","S65E","NITRITE-N","mg/L",0.015
"11/20/1978","S65E","NITRITE-N","mg/L",0.023
"12/04/1978","S65E","NITRITE-N","mg/L",0.018
"12/12/1978","S65E","NITRITE-N","mg/L",0.006
"12/19/1978","S65E","NITRITE-N","mg/L",0.005
"01/08/1979","S65E","NITRITE-N","mg/L",0.015
"01/22/1979","S65E","NITRITE-N","mg/L",0.005
"01/23/1979","S65E","NITRITE-N","mg/L",0.005
"02/05/1979","S65E","NITRITE-N","mg/L",0.004
"02/20/1979","S65E","NITRITE-N","mg/L",-0.004
"03/05/1979","S65E","NITRITE-N","mg/L",-0.001
"03/19/1979","S65E","NITRITE-N","mg/L",-0.000666666666666667
"04/02/1979","S65E","NITRITE-N","mg/L",0.008
"04/16/1979","S65E","NITRITE-N","mg/L",0.008
"04/24/1979","S65E","NITRITE-N","mg/L",0.024
"04/30/1979","S65E","NITRITE-N","mg/L",-0.004
"05/14/1979","S65E","NITRITE-N","mg/L",0.009
"05/22/1979","S65E","NITRITE-N","mg/L",-0.004
"05/29/1979","S65E","NITRITE-N","mg/L",-0.004
"06/11/1979","S65E","NITRITE-N","mg/L",-0.004
"06/18/1979","S65E","NITRITE-N","mg/L",0.031
"06/25/1979","S65E","NITRITE-N","mg/L",0.042
"07/09/1979","S65E","NITRITE-N","mg/L",-0.004
"07/17/1979","S65E","NITRITE-N","mg/L",-0.004
"07/23/1979","S65E","NITRITE-N","mg/L",-0.004
"08/06/1979","S65E","NITRITE-N","mg/L",-0.004
"08/20/1979","S65E","NITRITE-N","mg/L",-0.004
"08/21/1979","S65E","NITRITE-N","mg/L",0.011
"09/05/1979","S65E","NITRITE-N","mg/L",0.01
"09/18/1979","S65E","NITRITE-N","mg/L",0.004
"10/01/1979","S65E","NITRITE-N","mg/L",0.007
"10/02/1979","S65E","NITRITE-N","mg/L",0.008
"10/15/1979","S65E","NITRITE-N","mg/L",0.005
"10/29/1979","S65E","NITRITE-N","mg/L",0.018
"11/13/1979","S65E","NITRITE-N","mg/L",0.011
"12/11/1979","S65E","NITRITE-N","mg/L",0.004
"01/08/1980","S65E","NITRITE-N","mg/L",-0.004
"01/22/1980","S65E","NITRITE-N","mg/L",0.004
"02/19/1980","S65E","NITRITE-N","mg/L",0.005
"03/04/1980","S65E","NITRITE-N","mg/L",-0.004
"03/18/1980","S65E","NITRITE-N","mg/L",-0.004
"04/02/1980","S65E","NITRITE-N","mg/L",0.013
"04/16/1980","S65E","NITRITE-N","mg/L",0.017
"04/30/1980","S65E","NITRITE-N","mg/L",0.044
"05/12/1980","S65E","NITRITE-N","mg/L",-0.004
"05/13/1980","S65E","NITRITE-N","mg/L",-0.004
"05/28/1980","S65E","NITRITE-N","mg/L",-0.004
"06/09/1980","S65E","NITRITE-N","mg/L",-0.004
"06/25/1980","S65E","NITRITE-N","mg/L",-0.004
"07/07/1980","S65E","NITRITE-N","mg/L",-0.004
"07/08/1980","S65E","NITRITE-N","mg/L",-0.004
"07/24/1980","S65E","NITRITE-N","mg/L",0.006
"08/04/1980","S65E","NITRITE-N","mg/L",0.006
"08/20/1980","S65E","NITRITE-N","mg/L",0.005
"09/03/1980","S65E","NITRITE-N","mg/L",0.007
"09/17/1980","S65E","NITRITE-N","mg/L",0.024
"09/30/1980","S65E","NITRITE-N","mg/L",0.033
"10/01/1980","S65E","NITRITE-N","mg/L",0.048
"10/14/1980","S65E","NITRITE-N","mg/L",0.01
"10/28/1980","S65E","NITRITE-N","mg/L",0.00466666666666667
"10/29/1980","S65E","NITRITE-N","mg/L",0.008
"11/12/1980","S65E","NITRITE-N","mg/L",0.006
"11/25/1980","S65E","NITRITE-N","mg/L",0.004
"12/02/1980","S65E","NITRITE-N","mg/L",-0.004
"12/23/1980","S65E","NITRITE-N","mg/L",0.007
"12/31/1980","S65E","NITRITE-N","mg/L",0.013
"01/14/1981","S65E","NITRITE-N","mg/L",0.013
"01/20/1981","S65E","NITRITE-N","mg/L",0.016
"01/27/1981","S65E","NITRITE-N","mg/L",0.014
"02/11/1981","S65E","NITRITE-N","mg/L",0.017
"02/17/1981","S65E","NITRITE-N","mg/L",0.021
"02/24/1981","S65E","NITRITE-N","mg/L",-0.004
"03/11/1981","S65E","NITRITE-N","mg/L",-0.004
"03/16/1981","S65E","NITRITE-N","mg/L",0.005
"03/24/1981","S65E","NITRITE-N","mg/L",0.009
"04/08/1981","S65E","NITRITE-N","mg/L",-0.004
"04/13/1981","S65E","NITRITE-N","mg/L",0.005
"04/21/1981","S65E","NITRITE-N","mg/L",0.009
"05/06/1981","S65E","NITRITE-N","mg/L",-0.004
"05/11/1981","S65E","NITRITE-N","mg/L",0.005
"05/19/1981","S65E","NITRITE-N","mg/L",0.005
"06/02/1981","S65E","NITRITE-N","mg/L",0.004
"06/08/1981","S65E","NITRITE-N","mg/L",-0.004
"06/17/1981","S65E","NITRITE-N","mg/L",-0.004
"06/30/1981","S65E","NITRITE-N","mg/L",-0.004
"07/06/1981","S65E","NITRITE-N","mg/L",-0.004
"07/16/1981","S65E","NITRITE-N","mg/L",-0.004
"07/28/1981","S65E","NITRITE-N","mg/L",-0.004
"08/03/1981","S65E","NITRITE-N","mg/L",-0.004
"08/12/1981","S65E","NITRITE-N","mg/L",-0.004
"08/25/1981","S65E","NITRITE-N","mg/L",-0.004
"08/31/1981","S65E","NITRITE-N","mg/L",0.009
"09/10/1981","S65E","NITRITE-N","mg/L",-0.004
"09/23/1981","S65E","NITRITE-N","mg/L",0.013
"09/28/1981","S65E","NITRITE-N","mg/L",0.013
"10/06/1981","S65E","NITRITE-N","mg/L",0.018
"10/20/1981","S65E","NITRITE-N","mg/L",0.00766666666666667
"10/26/1981","S65E","NITRITE-N","mg/L",0.008
"11/04/1981","S65E","NITRITE-N","mg/L",0.017
"11/23/1981","S65E","NITRITE-N","mg/L",0.01
"12/02/1981","S65E","NITRITE-N","mg/L",0.008
"12/21/1981","S65E","NITRITE-N","mg/L",0.006
"12/29/1981","S65E","NITRITE-N","mg/L",0.005
"01/18/1982","S65E","NITRITE-N","mg/L",0.014
"02/16/1982","S65E","NITRITE-N","mg/L",0.017
"02/24/1982","S65E","NITRITE-N","mg/L",0.01
"03/09/1982","S65E","NITRITE-N","mg/L",0.01
"03/15/1982","S65E","NITRITE-N","mg/L",0.008
"04/05/1982","S65E","NITRITE-N","mg/L",0.027
"04/12/1982","S65E","NITRITE-N","mg/L",0.014
"04/19/1982","S65E","NITRITE-N","mg/L",0.01
"05/04/1982","S65E","NITRITE-N","mg/L",0.009
"05/10/1982","S65E","NITRITE-N","mg/L",-0.004
"05/18/1982","S65E","NITRITE-N","mg/L",-0.004
"06/01/1982","S65E","NITRITE-N","mg/L",-0.004
"06/07/1982","S65E","NITRITE-N","mg/L",0.009
"06/14/1982","S65E","NITRITE-N","mg/L",0.006
"07/01/1982","S65E","NITRITE-N","mg/L",-0.004
"07/07/1982","S65E","NITRITE-N","mg/L",-0.004
"07/12/1982","S65E","NITRITE-N","mg/L",-0.004
"07/27/1982","S65E","NITRITE-N","mg/L",-0.004
"08/02/1982","S65E","NITRITE-N","mg/L",-0.004
"08/09/1982","S65E","NITRITE-N","mg/L",-0.004
"08/25/1982","S65E","NITRITE-N","mg/L",0.002
"09/01/1982","S65E","NITRITE-N","mg/L",0.006
"09/09/1982","S65E","NITRITE-N","mg/L",0.007
"09/21/1982","S65E","NITRITE-N","mg/L",0.009
"09/27/1982","S65E","NITRITE-N","mg/L",0.005
"10/05/1982","S65E","NITRITE-N","mg/L",0.005
"10/20/1982","S65E","NITRITE-N","mg/L",0.007
"10/26/1982","S65E","NITRITE-N","mg/L",0.00766666666666667
"11/01/1982","S65E","NITRITE-N","mg/L",0.018
"11/22/1982","S65E","NITRITE-N","mg/L",0.001
"12/06/1982","S65E","NITRITE-N","mg/L",0.017
"12/20/1982","S65E","NITRITE-N","mg/L",-0.004
"12/22/1982","S65E","NITRITE-N","mg/L",-0.004
"01/04/1983","S65E","NITRITE-N","mg/L",0.005
"01/18/1983","S65E","NITRITE-N","mg/L",0.004
"01/19/1983","S65E","NITRITE-N","mg/L",0.005
"02/01/1983","S65E","NITRITE-N","mg/L",0.01
"02/15/1983","S65E","NITRITE-N","mg/L",0.004
"02/17/1983","S65E","NITRITE-N","mg/L",0.007
"03/02/1983","S65E","NITRITE-N","mg/L",0.005
"03/15/1983","S65E","NITRITE-N","mg/L",-0.004
"03/17/1983","S65E","NITRITE-N","mg/L",-0.004
"03/29/1983","S65E","NITRITE-N","mg/L",0.006
"04/14/1983","S65E","NITRITE-N","mg/L",0.00733333333333333
"04/15/1983","S65E","NITRITE-N","mg/L",0.006
"04/26/1983","S65E","NITRITE-N","mg/L",0.006
"05/11/1983","S65E","NITRITE-N","mg/L",0.005
"05/12/1983","S65E","NITRITE-N","mg/L",0.005
"05/24/1983","S65E","NITRITE-N","mg/L",0.007
"06/07/1983","S65E","NITRITE-N","mg/L",0.027
"06/09/1983","S65E","NITRITE-N","mg/L",0.006
"06/21/1983","S65E","NITRITE-N","mg/L",-0.004
"07/06/1983","S65E","NITRITE-N","mg/L",0.005
"07/07/1983","S65E","NITRITE-N","mg/L",-0.004
"07/19/1983","S65E","NITRITE-N","mg/L",-0.004
"08/02/1983","S65E","NITRITE-N","mg/L",0.005
"08/03/1983","S65E","NITRITE-N","mg/L",-0.004
"08/16/1983","S65E","NITRITE-N","mg/L",-0.004
"08/30/1983","S65E","NITRITE-N","mg/L",-0.004
"09/01/1983","S65E","NITRITE-N","mg/L",-0.004
"09/12/1983","S65E","NITRITE-N","mg/L",0.009
"09/27/1983","S65E","NITRITE-N","mg/L",-0.004
"09/28/1983","S65E","NITRITE-N","mg/L",-0.004
"10/10/1983","S65E","NITRITE-N","mg/L",-0.004
"10/25/1983","S65E","NITRITE-N","mg/L",0.022
"10/28/1983","S65E","NITRITE-N","mg/L",0.009
"11/08/1983","S65E","NITRITE-N","mg/L",-0.004
"11/16/1983","S65E","NITRITE-N","mg/L",-0.004
"11/21/1983","S65E","NITRITE-N","mg/L",-0.004
"12/20/1983","S65E","NITRITE-N","mg/L",0.006
"12/29/1983","S65E","NITRITE-N","mg/L",-0.004
"01/04/1984","S65E","NITRITE-N","mg/L",-0.004
"01/17/1984","S65E","NITRITE-N","mg/L",-0.004
"01/25/1984","S65E","NITRITE-N","mg/L",-0.004
"01/31/1984","S65E","NITRITE-N","mg/L",-0.004
"02/14/1984","S65E","NITRITE-N","mg/L",0.005
"02/23/1984","S65E","NITRITE-N","mg/L",0.004
"02/29/1984","S65E","NITRITE-N","mg/L",0.009
"03/13/1984","S65E","NITRITE-N","mg/L",0.008
"03/21/1984","S65E","NITRITE-N","mg/L",0.0136666666666667
"03/27/1984","S65E","NITRITE-N","mg/L",0.016
"04/09/1984","S65E","NITRITE-N","mg/L",0.005
"04/18/1984","S65E","NITRITE-N","mg/L",0.004
"05/31/1984","S65E","NITRITE-N","mg/L",0.004
"06/04/1984","S65E","NITRITE-N","mg/L",0.005
"06/19/1984","S65E","NITRITE-N","mg/L",0.012
"06/27/1984","S65E","NITRITE-N","mg/L",0.012
"07/31/1984","S65E","NITRITE-N","mg/L",0.012
"08/13/1984","S65E","NITRITE-N","mg/L",0.005
"08/22/1984","S65E","NITRITE-N","mg/L",0.004
"08/27/1984","S65E","NITRITE-N","mg/L",0.005
"09/10/1984","S65E","NITRITE-N","mg/L",0.006
"09/21/1984","S65E","NITRITE-N","mg/L",0.007
"09/25/1984","S65E","NITRITE-N","mg/L",0.011
"10/09/1984","S65E","NITRITE-N","mg/L",0.005
"10/23/1984","S65E","NITRITE-N","mg/L",0.007
"10/30/1984","S65E","NITRITE-N","mg/L",0.0126666666666667
"11/06/1984","S65E","NITRITE-N","mg/L",0.042
"11/14/1984","S65E","NITRITE-N","mg/L",-0.004
"12/04/1984","S65E","NITRITE-N","mg/L",-0.004
"12/18/1984","S65E","NITRITE-N","mg/L",0.011
"12/27/1984","S65E","NITRITE-N","mg/L",0.005
"01/15/1985","S65E","NITRITE-N","mg/L",-0.004
"01/24/1985","S65E","NITRITE-N","mg/L",0.008
"02/20/1985","S65E","NITRITE-N","mg/L",0.014
"02/26/1985","S65E","NITRITE-N","mg/L",0.004
"03/20/1985","S65E","NITRITE-N","mg/L",0.005
"03/26/1985","S65E","NITRITE-N","mg/L",-0.004
"04/17/1985","S65E","NITRITE-N","mg/L",0.002
"04/23/1985","S65E","NITRITE-N","mg/L",0.006
"05/06/1985","S65E","NITRITE-N","mg/L",0.005
"05/16/1985","S65E","NITRITE-N","mg/L",-0.004
"05/20/1985","S65E","NITRITE-N","mg/L",0.004
"06/19/1985","S65E","NITRITE-N","mg/L",-0.004
"06/26/1985","S65E","NITRITE-N","mg/L",0.004
"07/02/1985","S65E","NITRITE-N","mg/L",-0.004
"07/23/1985","S65E","NITRITE-N","mg/L",0.01
"07/30/1985","S65E","NITRITE-N","mg/L",0.089
"08/21/1985","S65E","NITRITE-N","mg/L",-0.004
"08/27/1985","S65E","NITRITE-N","mg/L",0.008
"09/09/1985","S65E","NITRITE-N","mg/L",0.012
"09/19/1985","S65E","NITRITE-N","mg/L",0.008
"09/24/1985","S65E","NITRITE-N","mg/L",0.013
"10/08/1985","S65E","NITRITE-N","mg/L",0.016
"10/17/1985","S65E","NITRITE-N","mg/L",0.0126666666666667
"10/22/1985","S65E","NITRITE-N","mg/L",0.012
"11/05/1985","S65E","NITRITE-N","mg/L",-0.004
"11/14/1985","S65E","NITRITE-N","mg/L",0.013
"12/03/1985","S65E","NITRITE-N","mg/L",-0.004
"12/12/1985","S65E","NITRITE-N","mg/L",0.033
"01/14/1986","S65E","NITRITE-N","mg/L",0.016
"01/16/1986","S65E","NITRITE-N","mg/L",0.01
"01/28/1986","S65E","NITRITE-N","mg/L",-0.004
"02/12/1986","S65E","NITRITE-N","mg/L",-0.004
"02/18/1986","S65E","NITRITE-N","mg/L",-0.004
"02/25/1986","S65E","NITRITE-N","mg/L",-0.004
"03/18/1986","S65E","NITRITE-N","mg/L",0.004
"03/25/1986","S65E","NITRITE-N","mg/L",0.009
"04/08/1986","S65E","NITRITE-N","mg/L",-0.004
"04/15/1986","S65E","NITRITE-N","mg/L",-0.004
"04/22/1986","S65E","NITRITE-N","mg/L",-0.004
"05/06/1986","S65E","NITRITE-N","mg/L",-0.004
"05/14/1986","S65E","NITRITE-N","mg/L",0.004
"05/20/1986","S65E","NITRITE-N","mg/L",0.006
"06/04/1986","S65E","NITRITE-N","mg/L",-0.004
"06/19/1986","S65E","NITRITE-N","mg/L",-0.004
"07/01/1986","S65E","NITRITE-N","mg/L",0.014
"07/15/1986","S65E","NITRITE-N","mg/L",0.023
"07/17/1986","S65E","NITRITE-N","mg/L",0.018
"07/29/1986","S65E","NITRITE-N","mg/L",0.019
"08/14/1986","S65E","NITRITE-N","mg/L",0.014
"08/26/1986","S65E","NITRITE-N","mg/L",0.021
"09/09/1986","S65E","NITRITE-N","mg/L",0.011
"09/10/1986","S65E","NITRITE-N","mg/L",0.011
"09/23/1986","S65E","NITRITE-N","mg/L",0.008
"10/07/1986","S65E","NITRITE-N","mg/L",0.027
"10/09/1986","S65E","NITRITE-N","mg/L",0.01
"10/21/1986","S65E","NITRITE-N","mg/L",0.062
"11/04/1986","S65E","NITRITE-N","mg/L",0.016
"11/06/1986","S65E","NITRITE-N","mg/L",0.01
"11/18/1986","S65E","NITRITE-N","mg/L",0.008
"12/03/1986","S65E","NITRITE-N","mg/L",0.008
"12/04/1986","S65E","NITRITE-N","mg/L",0.011
"12/18/1986","S65E","NITRITE-N","mg/L",0.008
"01/07/1987","S65E","NITRITE-N","mg/L",0.01
"01/08/1987","S65E","NITRITE-N","mg/L",0.011
"01/15/1987","S65E","NITRITE-N","mg/L",0.004
"01/22/1987","S65E","NITRITE-N","mg/L",-0.004
"01/29/1987","S65E","NITRITE-N","mg/L",-0.004
"02/03/1987","S65E","NITRITE-N","mg/L",-0.004
"02/05/1987","S65E","NITRITE-N","mg/L",0.004
"02/12/1987","S65E","NITRITE-N","mg/L",0.005
"02/18/1987","S65E","NITRITE-N","mg/L",0.006
"02/19/1987","S65E","NITRITE-N","mg/L",-0.004
"02/26/1987","S65E","NITRITE-N","mg/L",0.017
"03/03/1987","S65E","NITRITE-N","mg/L",0.007
"03/05/1987","S65E","NITRITE-N","mg/L",0.006
"03/12/1987","S65E","NITRITE-N","mg/L",0.007
"03/17/1987","S65E","NITRITE-N","mg/L",-0.004
"03/19/1987","S65E","NITRITE-N","mg/L",-0.004
"03/26/1987","S65E","NITRITE-N","mg/L",-0.004
"03/31/1987","S65E","NITRITE-N","mg/L",0.007
"04/14/1987","S65E","NITRITE-N","mg/L",0.006
"04/22/1987","S65E","NITRITE-N","mg/L",0.006
"04/28/1987","S65E","NITRITE-N","mg/L",0.01
"05/11/1987","S65E","NITRITE-N","mg/L",0.009
"05/13/1987","S65E","NITRITE-N","mg/L",0.008
"05/20/1987","S65E","NITRITE-N","mg/L",0.016
"05/26/1987","S65E","NITRITE-N","mg/L",0.018
"06/01/1987","S65E","NITRITE-N","mg/L",0.009
"06/17/1987","S65E","NITRITE-N","mg/L",0.007
"06/24/1987","S65E","NITRITE-N","mg/L",0.006
"07/01/1987","S65E","NITRITE-N","mg/L",0.005
"07/08/1987","S65E","NITRITE-N","mg/L",0.006
"07/16/1987","S65E","NITRITE-N","mg/L",0.006
"07/21/1987","S65E","NITRITE-N","mg/L",0.009
"07/30/1987","S65E","NITRITE-N","mg/L",0.011
"08/04/1987","S65E","NITRITE-N","mg/L",0.013
"08/12/1987","S65E","NITRITE-N","mg/L",0.011
"08/18/1987","S65E","NITRITE-N","mg/L",0.011
"08/28/1987","S65E","NITRITE-N","mg/L",0.008
"09/09/1987","S65E","NITRITE-N","mg/L",0.004
"09/24/1987","S65E","NITRITE-N","mg/L",0.012
"09/29/1987","S65E","NITRITE-N","mg/L",0.016
"10/07/1987","S65E","NITRITE-N","mg/L",0.023
"10/13/1987","S65E","NITRITE-N","mg/L",0.021
"10/21/1987","S65E","NITRITE-N","mg/L",0.016
"10/28/1987","S65E","NITRITE-N","mg/L",0.014
"11/04/1987","S65E","NITRITE-N","mg/L",0.023
"11/10/1987","S65E","NITRITE-N","mg/L",0.017
"11/18/1987","S65E","NITRITE-N","mg/L",0.023
"11/24/1987","S65E","NITRITE-N","mg/L",0.013
"12/03/1987","S65E","NITRITE-N","mg/L",0.012
"12/08/1987","S65E","NITRITE-N","mg/L",0.006
"12/17/1987","S65E","NITRITE-N","mg/L",0.011
"12/22/1987","S65E","NITRITE-N","mg/L",0.01
"01/05/1988","S65E","NITRITE-N","mg/L",0.0115
"01/06/1988","S65E","NITRITE-N","mg/L",0.015
"01/12/1988","S65E","NITRITE-N","mg/L",0.026
"01/19/1988","S65E","NITRITE-N","mg/L",0.028
"01/21/1988","S65E","NITRITE-N","mg/L",0.028
"01/25/1988","S65E","NITRITE-N","mg/L",0.027
"02/01/1988","S65E","NITRITE-N","mg/L",0.008
"02/02/1988","S65E","NITRITE-N","mg/L",0.008
"02/04/1988","S65E","NITRITE-N","mg/L",0.008
"02/08/1988","S65E","NITRITE-N","mg/L",0.009
"02/16/1988","S65E","NITRITE-N","mg/L",0.006
"02/17/1988","S65E","NITRITE-N","mg/L",0.01
"02/18/1988","S65E","NITRITE-N","mg/L",0.008
"02/22/1988","S65E","NITRITE-N","mg/L",0.005
"02/25/1988","S65E","NITRITE-N","mg/L",0.008
"02/29/1988","S65E","NITRITE-N","mg/L",0.007
"03/01/1988","S65E","NITRITE-N","mg/L",0.008
"03/03/1988","S65E","NITRITE-N","mg/L",0.009
"03/07/1988","S65E","NITRITE-N","mg/L",0.007
"03/14/1988","S65E","NITRITE-N","mg/L",0.007
"03/15/1988","S65E","NITRITE-N","mg/L",0.015
"03/21/1988","S65E","NITRITE-N","mg/L",0.006
"03/28/1988","S65E","NITRITE-N","mg/L",0.012
"03/29/1988","S65E","NITRITE-N","mg/L",0.0075
"04/04/1988","S65E","NITRITE-N","mg/L",0.008
"04/11/1988","S65E","NITRITE-N","mg/L",0.01
"04/12/1988","S65E","NITRITE-N","mg/L",0.01
"04/18/1988","S65E","NITRITE-N","mg/L",0.013
"04/25/1988","S65E","NITRITE-N","mg/L",0.008
"04/26/1988","S65E","NITRITE-N","mg/L",0.009
"05/02/1988","S65E","NITRITE-N","mg/L",0.023
"05/09/1988","S65E","NITRITE-N","mg/L",0.0145
"05/10/1988","S65E","NITRITE-N","mg/L",0.015
"05/17/1988","S65E","NITRITE-N","mg/L",0.009
"05/23/1988","S65E","NITRITE-N","mg/L",0.007
"05/24/1988","S65E","NITRITE-N","mg/L",0.006
"06/01/1988","S65E","NITRITE-N","mg/L",0.031
"06/07/1988","S65E","NITRITE-N","mg/L",0.0045
"06/14/1988","S65E","NITRITE-N","mg/L",0.005
"06/20/1988","S65E","NITRITE-N","mg/L",0.007
"06/21/1988","S65E","NITRITE-N","mg/L",0.005
"06/28/1988","S65E","NITRITE-N","mg/L",0.004
"07/05/1988","S65E","NITRITE-N","mg/L",0.005
"07/06/1988","S65E","NITRITE-N","mg/L",0.007
"07/12/1988","S65E","NITRITE-N","mg/L",0.005
"07/18/1988","S65E","NITRITE-N","mg/L",-0.004
"07/19/1988","S65E","NITRITE-N","mg/L",0.001
"07/25/1988","S65E","NITRITE-N","mg/L",-0.004
"08/02/1988","S65E","NITRITE-N","mg/L",0.007
"08/03/1988","S65E","NITRITE-N","mg/L",0.006
"08/15/1988","S65E","NITRITE-N","mg/L",0.007
"08/16/1988","S65E","NITRITE-N","mg/L",0.009
"08/17/1988","S65E","NITRITE-N","mg/L",0.011
"08/23/1988","S65E","NITRITE-N","mg/L",0.012
"08/29/1988","S65E","NITRITE-N","mg/L",0.013
"08/30/1988","S65E","NITRITE-N","mg/L",0.015
"09/07/1988","S65E","NITRITE-N","mg/L",0.014
"09/12/1988","S65E","NITRITE-N","mg/L",0.0195
"09/13/1988","S65E","NITRITE-N","mg/L",0.012
"09/19/1988","S65E","NITRITE-N","mg/L",-0.004
"09/26/1988","S65E","NITRITE-N","mg/L",0.007
"09/27/1988","S65E","NITRITE-N","mg/L",-0.004
"10/03/1988","S65E","NITRITE-N","mg/L",0.007
"10/10/1988","S65E","NITRITE-N","mg/L",0.008
"10/11/1988","S65E","NITRITE-N","mg/L",0.011
"10/17/1988","S65E","NITRITE-N","mg/L",0.195
"10/24/1988","S65E","NITRITE-N","mg/L",0.03
"10/25/1988","S65E","NITRITE-N","mg/L",5e-04
"10/31/1988","S65E","NITRITE-N","mg/L",0.008
"11/07/1988","S65E","NITRITE-N","mg/L",0.022
"11/21/1988","S65E","NITRITE-N","mg/L",0.006
"11/22/1988","S65E","NITRITE-N","mg/L",0.012
"12/05/1988","S65E","NITRITE-N","mg/L",0.007
"12/19/1988","S65E","NITRITE-N","mg/L",-0.004
"01/03/1989","S65E","NITRITE-N","mg/L",0.02
"01/17/1989","S65E","NITRITE-N","mg/L",5e-04
"01/23/1989","S65E","NITRITE-N","mg/L",-0.004
"01/30/1989","S65E","NITRITE-N","mg/L",-0.004
"01/31/1989","S65E","NITRITE-N","mg/L",0.007
"02/06/1989","S65E","NITRITE-N","mg/L",-0.004
"02/13/1989","S65E","NITRITE-N","mg/L",-0.004
"02/14/1989","S65E","NITRITE-N","mg/L",-0.004
"02/22/1989","S65E","NITRITE-N","mg/L",-0.004
"02/27/1989","S65E","NITRITE-N","mg/L",-0.004
"02/28/1989","S65E","NITRITE-N","mg/L",0.004
"03/09/1989","S65E","NITRITE-N","mg/L",-0.004
"03/13/1989","S65E","NITRITE-N","mg/L",-0.004
"03/15/1989","S65E","NITRITE-N","mg/L",0.004
"03/16/1989","S65E","NITRITE-N","mg/L",-0.004
"03/21/1989","S65E","NITRITE-N","mg/L",-0.004
"03/27/1989","S65E","NITRITE-N","mg/L",0.0055
"03/28/1989","S65E","NITRITE-N","mg/L",-0.004
"04/10/1989","S65E","NITRITE-N","mg/L",5e-04
"04/11/1989","S65E","NITRITE-N","mg/L",0.005
"04/17/1989","S65E","NITRITE-N","mg/L",-0.004
"04/24/1989","S65E","NITRITE-N","mg/L",-0.004
"04/25/1989","S65E","NITRITE-N","mg/L",0.006
"04/26/1989","S65E","NITRITE-N","mg/L",-0.004
"05/01/1989","S65E","NITRITE-N","mg/L",-0.004
"05/08/1989","S65E","NITRITE-N","mg/L",-0.004
"05/10/1989","S65E","NITRITE-N","mg/L",-0.004
"05/16/1989","S65E","NITRITE-N","mg/L",-0.004
"05/22/1989","S65E","NITRITE-N","mg/L",-0.004
"05/24/1989","S65E","NITRITE-N","mg/L",-0.004
"05/30/1989","S65E","NITRITE-N","mg/L",-0.004
"06/05/1989","S65E","NITRITE-N","mg/L",-0.004
"06/12/1989","S65E","NITRITE-N","mg/L",-0.004
"06/19/1989","S65E","NITRITE-N","mg/L",-0.004
"06/21/1989","S65E","NITRITE-N","mg/L",-0.004
"06/26/1989","S65E","NITRITE-N","mg/L",-0.004
"07/03/1989","S65E","NITRITE-N","mg/L",-0.004
"07/05/1989","S65E","NITRITE-N","mg/L",-0.004
"07/11/1989","S65E","NITRITE-N","mg/L",-0.004
"07/17/1989","S65E","NITRITE-N","mg/L",-0.004
"07/18/1989","S65E","NITRITE-N","mg/L",-0.004
"07/19/1989","S65E","NITRITE-N","mg/L",-0.004
"07/25/1989","S65E","NITRITE-N","mg/L",-0.004
"07/31/1989","S65E","NITRITE-N","mg/L",0.0015
"08/02/1989","S65E","NITRITE-N","mg/L",-0.004
"08/08/1989","S65E","NITRITE-N","mg/L",0.005
"08/14/1989","S65E","NITRITE-N","mg/L",0.016
"08/15/1989","S65E","NITRITE-N","mg/L",5e-04
"08/22/1989","S65E","NITRITE-N","mg/L",-0.004
"08/28/1989","S65E","NITRITE-N","mg/L",0.006
"08/29/1989","S65E","NITRITE-N","mg/L",0.005
"09/05/1989","S65E","NITRITE-N","mg/L",0.006
"09/11/1989","S65E","NITRITE-N","mg/L",0.014
"09/12/1989","S65E","NITRITE-N","mg/L",0.009
"09/13/1989","S65E","NITRITE-N","mg/L",0.01
"09/19/1989","S65E","NITRITE-N","mg/L",0.016
"09/25/1989","S65E","NITRITE-N","mg/L",0.013
"09/27/1989","S65E","NITRITE-N","mg/L",-0.004
"10/03/1989","S65E","NITRITE-N","mg/L",-0.004
"10/09/1989","S65E","NITRITE-N","mg/L",-0.004
"10/11/1989","S65E","NITRITE-N","mg/L",-0.004
"10/17/1989","S65E","NITRITE-N","mg/L",-0.004
"10/23/1989","S65E","NITRITE-N","mg/L",-0.004
"10/24/1989","S65E","NITRITE-N","mg/L",-0.004
"10/30/1989","S65E","NITRITE-N","mg/L",0.022
"11/06/1989","S65E","NITRITE-N","mg/L",0.0125
"11/08/1989","S65E","NITRITE-N","mg/L",0.02
"11/13/1989","S65E","NITRITE-N","mg/L",0.021
"11/20/1989","S65E","NITRITE-N","mg/L",0.013
"11/22/1989","S65E","NITRITE-N","mg/L",0.024
"11/27/1989","S65E","NITRITE-N","mg/L",0.011
"12/04/1989","S65E","NITRITE-N","mg/L",0.0215
"12/11/1989","S65E","NITRITE-N","mg/L",0.014
"12/18/1989","S65E","NITRITE-N","mg/L",0.017
"12/19/1989","S65E","NITRITE-N","mg/L",0.01
"12/26/1989","S65E","NITRITE-N","mg/L",0.019
"01/02/1990","S65E","NITRITE-N","mg/L",0.012
"01/03/1990","S65E","NITRITE-N","mg/L",0.007
"01/09/1990","S65E","NITRITE-N","mg/L",0.013
"01/16/1990","S65E","NITRITE-N","mg/L",0.012
"01/23/1990","S65E","NITRITE-N","mg/L",0.01
"01/30/1990","S65E","NITRITE-N","mg/L",-0.004
"02/06/1990","S65E","NITRITE-N","mg/L",-0.004
"02/13/1990","S65E","NITRITE-N","mg/L",-0.004
"02/20/1990","S65E","NITRITE-N","mg/L",-0.004
"02/27/1990","S65E","NITRITE-N","mg/L",0.006
"02/28/1990","S65E","NITRITE-N","mg/L",0.006
"03/16/1990","S65E","NITRITE-N","mg/L",0.006
"03/26/1990","S65E","NITRITE-N","mg/L",0.007
"03/27/1990","S65E","NITRITE-N","mg/L",0.009
"04/03/1990","S65E","NITRITE-N","mg/L",0.044
"04/10/1990","S65E","NITRITE-N","mg/L",0.023
"04/11/1990","S65E","NITRITE-N","mg/L",0.014
"04/17/1990","S65E","NITRITE-N","mg/L",0.013
"04/23/1990","S65E","NITRITE-N","mg/L",0.005
"04/24/1990","S65E","NITRITE-N","mg/L",0.004
"04/30/1990","S65E","NITRITE-N","mg/L",0.005
"05/07/1990","S65E","NITRITE-N","mg/L",-0.004
"05/14/1990","S65E","NITRITE-N","mg/L",0.008
"05/21/1990","S65E","NITRITE-N","mg/L",-0.004
"05/29/1990","S65E","NITRITE-N","mg/L",0.01
"06/04/1990","S65E","NITRITE-N","mg/L",0.007
"06/05/1990","S65E","NITRITE-N","mg/L",-0.004
"06/12/1990","S65E","NITRITE-N","mg/L",0.008
"06/18/1990","S65E","NITRITE-N","mg/L",0
"06/25/1990","S65E","NITRITE-N","mg/L",0.004
"07/02/1990","S65E","NITRITE-N","mg/L",0.0015
"07/03/1990","S65E","NITRITE-N","mg/L",0.007
"07/09/1990","S65E","NITRITE-N","mg/L",-0.004
"07/16/1990","S65E","NITRITE-N","mg/L",-0.004
"07/23/1990","S65E","NITRITE-N","mg/L",-0.004
"07/30/1990","S65E","NITRITE-N","mg/L",5e-04
"08/06/1990","S65E","NITRITE-N","mg/L",-0.004
"08/13/1990","S65E","NITRITE-N","mg/L",0.007
"08/20/1990","S65E","NITRITE-N","mg/L",-0.004
"08/27/1990","S65E","NITRITE-N","mg/L",5e-04
"09/04/1990","S65E","NITRITE-N","mg/L",0.004
"09/10/1990","S65E","NITRITE-N","mg/L",0.005
"09/17/1990","S65E","NITRITE-N","mg/L",0.008
"09/24/1990","S65E","NITRITE-N","mg/L",0.014
"10/01/1990","S65E","NITRITE-N","mg/L",0.004
"10/08/1990","S65E","NITRITE-N","mg/L",0.004
"10/09/1990","S65E","NITRITE-N","mg/L",0.006
"10/16/1990","S65E","NITRITE-N","mg/L",0.005
"10/22/1990","S65E","NITRITE-N","mg/L",-0.004
"10/31/1990","S65E","NITRITE-N","mg/L",-0.004
"11/05/1990","S65E","NITRITE-N","mg/L",0.006
"11/06/1990","S65E","NITRITE-N","mg/L",-0.004
"11/13/1990","S65E","NITRITE-N","mg/L",0.03
"11/19/1990","S65E","NITRITE-N","mg/L",0.065
"11/20/1990","S65E","NITRITE-N","mg/L",0.061
"11/26/1990","S65E","NITRITE-N","mg/L",0.004
"12/03/1990","S65E","NITRITE-N","mg/L",0.0055
"12/10/1990","S65E","NITRITE-N","mg/L",-0.004
"12/17/1990","S65E","NITRITE-N","mg/L",0.018
"12/18/1990","S65E","NITRITE-N","mg/L",0.018
"12/26/1990","S65E","NITRITE-N","mg/L",-0.004
"12/31/1990","S65E","NITRITE-N","mg/L",5e-04
"01/07/1991","S65E","NITRITE-N","mg/L",-0.004
"01/14/1991","S65E","NITRITE-N","mg/L",-0.004
"01/17/1991","S65E","NITRITE-N","mg/L",-0.004
"01/22/1991","S65E","NITRITE-N","mg/L",0.006
"01/28/1991","S65E","NITRITE-N","mg/L",0.014
"02/04/1991","S65E","NITRITE-N","mg/L",-0.004
"02/11/1991","S65E","NITRITE-N","mg/L",0.0075
"02/19/1991","S65E","NITRITE-N","mg/L",-0.004
"02/25/1991","S65E","NITRITE-N","mg/L",-0.004
"02/26/1991","S65E","NITRITE-N","mg/L",0.006
"03/04/1991","S65E","NITRITE-N","mg/L",0.009
"03/11/1991","S65E","NITRITE-N","mg/L",-0.004
"03/18/1991","S65E","NITRITE-N","mg/L",-0.004
"03/25/1991","S65E","NITRITE-N","mg/L",0.003
"04/01/1991","S65E","NITRITE-N","mg/L",-0.004
"04/08/1991","S65E","NITRITE-N","mg/L",0.007
"04/15/1991","S65E","NITRITE-N","mg/L",-0.004
"04/22/1991","S65E","NITRITE-N","mg/L",0.006
"04/29/1991","S65E","NITRITE-N","mg/L",-0.004
"05/06/1991","S65E","NITRITE-N","mg/L",-0.004
"05/13/1991","S65E","NITRITE-N","mg/L",-0.004
"05/20/1991","S65E","NITRITE-N","mg/L",-0.003
"05/28/1991","S65E","NITRITE-N","mg/L",-0.004
"06/03/1991","S65E","NITRITE-N","mg/L",0
"06/10/1991","S65E","NITRITE-N","mg/L",-0.004
"06/17/1991","S65E","NITRITE-N","mg/L",-0.004
"06/18/1991","S65E","NITRITE-N","mg/L",0.005
"06/24/1991","S65E","NITRITE-N","mg/L",-0.004
"07/01/1991","S65E","NITRITE-N","mg/L",-0.004
"07/08/1991","S65E","NITRITE-N","mg/L",-0.004
"07/15/1991","S65E","NITRITE-N","mg/L",-0.004
"07/22/1991","S65E","NITRITE-N","mg/L",0.005
"07/29/1991","S65E","NITRITE-N","mg/L",0.004
"08/05/1991","S65E","NITRITE-N","mg/L",-0.004
"08/12/1991","S65E","NITRITE-N","mg/L",5e-04
"08/19/1991","S65E","NITRITE-N","mg/L",-0.004
"08/26/1991","S65E","NITRITE-N","mg/L",-0.004
"08/28/1991","S65E","NITRITE-N","mg/L",-0.007
"09/03/1991","S65E","NITRITE-N","mg/L",-0.004
"09/09/1991","S65E","NITRITE-N","mg/L",-0.004
"09/17/1991","S65E","NITRITE-N","mg/L",-0.004
"09/23/1991","S65E","NITRITE-N","mg/L",-0.004
"09/30/1991","S65E","NITRITE-N","mg/L",-0.004
"10/07/1991","S65E","NITRITE-N","mg/L",0.001
"10/14/1991","S65E","NITRITE-N","mg/L",0.017
"10/21/1991","S65E","NITRITE-N","mg/L",0.008
"10/28/1991","S65E","NITRITE-N","mg/L",0.008
"11/04/1991","S65E","NITRITE-N","mg/L",0.0245
"11/18/1991","S65E","NITRITE-N","mg/L",-0.004
"11/20/1991","S65E","NITRITE-N","mg/L",0.005
"11/25/1991","S65E","NITRITE-N","mg/L",0.004
"12/02/1991","S65E","NITRITE-N","mg/L",0.0115
"12/09/1991","S65E","NITRITE-N","mg/L",0.005
"12/16/1991","S65E","NITRITE-N","mg/L",0.004
"12/23/1991","S65E","NITRITE-N","mg/L",-0.004
"12/30/1991","S65E","NITRITE-N","mg/L",5e-04
"01/06/1992","S65E","NITRITE-N","mg/L",-0.004
"01/13/1992","S65E","NITRITE-N","mg/L",-0.004
"01/21/1992","S65E","NITRITE-N","mg/L",0.004
"01/27/1992","S65E","NITRITE-N","mg/L",5e-04
"02/03/1992","S65E","NITRITE-N","mg/L",-0.004
"02/10/1992","S65E","NITRITE-N","mg/L",0.007
"02/11/1992","S65E","NITRITE-N","mg/L",0.007
"02/19/1992","S65E","NITRITE-N","mg/L",-0.004
"02/24/1992","S65E","NITRITE-N","mg/L",-0.004
"02/27/1992","S65E","NITRITE-N","mg/L",-0.004
"03/02/1992","S65E","NITRITE-N","mg/L",-0.004
"03/09/1992","S65E","NITRITE-N","mg/L",-0.004
"03/11/1992","S65E","NITRITE-N","mg/L",-0.004
"03/16/1992","S65E","NITRITE-N","mg/L",0.004
"03/23/1992","S65E","NITRITE-N","mg/L",0.006
"03/26/1992","S65E","NITRITE-N","mg/L",0.004
"03/30/1992","S65E","NITRITE-N","mg/L",0.006
"04/06/1992","S65E","NITRITE-N","mg/L",-0.004
"04/07/1992","S65E","NITRITE-N","mg/L",0.004
"04/13/1992","S65E","NITRITE-N","mg/L",0.005
"04/20/1992","S65E","NITRITE-N","mg/L",-0.004
"04/21/1992","S65E","NITRITE-N","mg/L",-0.004
"04/27/1992","S65E","NITRITE-N","mg/L",-0.004
"05/04/1992","S65E","NITRITE-N","mg/L",-0.004
"05/05/1992","S65E","NITRITE-N","mg/L",-0.004
"05/11/1992","S65E","NITRITE-N","mg/L",0.004
"05/18/1992","S65E","NITRITE-N","mg/L",-0.004
"05/19/1992","S65E","NITRITE-N","mg/L",-0.004
"05/26/1992","S65E","NITRITE-N","mg/L",-0.004
"06/01/1992","S65E","NITRITE-N","mg/L",-0.004
"06/02/1992","S65E","NITRITE-N","mg/L",-0.004
"06/08/1992","S65E","NITRITE-N","mg/L",-0.004
"06/15/1992","S65E","NITRITE-N","mg/L",-0.004
"06/16/1992","S65E","NITRITE-N","mg/L",-0.004
"06/22/1992","S65E","NITRITE-N","mg/L",-0.004
"06/29/1992","S65E","NITRITE-N","mg/L",-0.004
"06/30/1992","S65E","NITRITE-N","mg/L",0.012
"07/06/1992","S65E","NITRITE-N","mg/L",0.012
"07/08/1992","S65E","NITRITE-N","mg/L",-0.004
"07/13/1992","S65E","NITRITE-N","mg/L",0.012
"07/14/1992","S65E","NITRITE-N","mg/L",0.01
"07/21/1992","S65E","NITRITE-N","mg/L",0.009
"07/27/1992","S65E","NITRITE-N","mg/L",0.008
"07/28/1992","S65E","NITRITE-N","mg/L",0.015
"08/03/1992","S65E","NITRITE-N","mg/L",0.011
"08/11/1992","S65E","NITRITE-N","mg/L",0.01
"08/17/1992","S65E","NITRITE-N","mg/L",0.01
"08/25/1992","S65E","NITRITE-N","mg/L",-0.004
"08/26/1992","S65E","NITRITE-N","mg/L",-0.004
"08/31/1992","S65E","NITRITE-N","mg/L",-0.004
"09/08/1992","S65E","NITRITE-N","mg/L",0.006
"09/10/1992","S65E","NITRITE-N","mg/L",0.009
"09/15/1992","S65E","NITRITE-N","mg/L",-0.004
"09/21/1992","S65E","NITRITE-N","mg/L",0.004
"09/22/1992","S65E","NITRITE-N","mg/L",-0.004
"09/28/1992","S65E","NITRITE-N","mg/L",-0.004
"10/06/1992","S65E","NITRITE-N","mg/L",0.00485714285714286
"10/13/1992","S65E","NITRITE-N","mg/L",0.006
"10/20/1992","S65E","NITRITE-N","mg/L",0.00471428571428571
"10/27/1992","S65E","NITRITE-N","mg/L",0.009
"11/03/1992","S65E","NITRITE-N","mg/L",-0.004
"11/10/1992","S65E","NITRITE-N","mg/L",0.004
"11/17/1992","S65E","NITRITE-N","mg/L",-0.004
"11/18/1992","S65E","NITRITE-N","mg/L",0.0175
"11/23/1992","S65E","NITRITE-N","mg/L",-0.004
"12/02/1992","S65E","NITRITE-N","mg/L",-0.004
"12/03/1992","S65E","NITRITE-N","mg/L",-0.0025
"12/08/1992","S65E","NITRITE-N","mg/L",-0.004
"12/15/1992","S65E","NITRITE-N","mg/L",-0.004
"12/22/1992","S65E","NITRITE-N","mg/L",-0.004
"12/29/1992","S65E","NITRITE-N","mg/L",-0.004
"12/30/1992","S65E","NITRITE-N","mg/L",-0.004
"01/06/1993","S65E","NITRITE-N","mg/L",0.006
"01/11/1993","S65E","NITRITE-N","mg/L",-0.004
"01/13/1993","S65E","NITRITE-N","mg/L",-0.004
"01/21/1993","S65E","NITRITE-N","mg/L",-0.004
"01/27/1993","S65E","NITRITE-N","mg/L",-0.004
"02/03/1993","S65E","NITRITE-N","mg/L",-0.004
"02/08/1993","S65E","NITRITE-N","mg/L",-0.004
"02/10/1993","S65E","NITRITE-N","mg/L",-0.004
"02/18/1993","S65E","NITRITE-N","mg/L",-0.004
"02/23/1993","S65E","NITRITE-N","mg/L",-0.004
"02/24/1993","S65E","NITRITE-N","mg/L",-0.004
"03/03/1993","S65E","NITRITE-N","mg/L",0.004
"03/08/1993","S65E","NITRITE-N","mg/L",0.00383333333333333
"03/10/1993","S65E","NITRITE-N","mg/L",-0.004
"03/17/1993","S65E","NITRITE-N","mg/L",0.005
"03/23/1993","S65E","NITRITE-N","mg/L",0.00425
"03/25/1993","S65E","NITRITE-N","mg/L",0.004
"03/30/1993","S65E","NITRITE-N","mg/L",-0.004
"04/06/1993","S65E","NITRITE-N","mg/L",-0.004
"04/20/1993","S65E","NITRITE-N","mg/L",-0.004
"05/04/1993","S65E","NITRITE-N","mg/L",-0.004
"05/18/1993","S65E","NITRITE-N","mg/L",-0.004
"05/20/1993","S65E","NITRITE-N","mg/L",-0.004
"06/01/1993","S65E","NITRITE-N","mg/L",0.025
"06/02/1993","S65E","NITRITE-N","mg/L",0.002
"06/15/1993","S65E","NITRITE-N","mg/L",-0.004
"06/26/1993","S65E","NITRITE-N","mg/L",-0.004
"06/29/1993","S65E","NITRITE-N","mg/L",-0.004
"07/13/1993","S65E","NITRITE-N","mg/L",0.006
"07/27/1993","S65E","NITRITE-N","mg/L",-0.004
"08/10/1993","S65E","NITRITE-N","mg/L",-0.004
"08/17/1993","S65E","NITRITE-N","mg/L",-0.004
"08/24/1993","S65E","NITRITE-N","mg/L",-0.004
"09/07/1993","S65E","NITRITE-N","mg/L",-0.004
"09/21/1993","S65E","NITRITE-N","mg/L",0.011
"10/05/1993","S65E","NITRITE-N","mg/L",0.011
"10/19/1993","S65E","NITRITE-N","mg/L",0.017
"11/02/1993","S65E","NITRITE-N","mg/L",0.016
"11/16/1993","S65E","NITRITE-N","mg/L",0.0555
"12/01/1993","S65E","NITRITE-N","mg/L",0.002
"12/14/1993","S65E","NITRITE-N","mg/L",0.004
"12/28/1993","S65E","NITRITE-N","mg/L",0.008
"01/11/1994","S65E","NITRITE-N","mg/L",0.005
"01/19/1994","S65E","NITRITE-N","mg/L",0.01
"01/25/1994","S65E","NITRITE-N","mg/L",0.016
"02/08/1994","S65E","NITRITE-N","mg/L",-0.004
"02/15/1994","S65E","NITRITE-N","mg/L",-0.004
"02/22/1994","S65E","NITRITE-N","mg/L",-0.004
"03/08/1994","S65E","NITRITE-N","mg/L",0.015
"03/15/1994","S65E","NITRITE-N","mg/L",0.005
"03/22/1994","S65E","NITRITE-N","mg/L",-0.004
"04/05/1994","S65E","NITRITE-N","mg/L",-0.004
"04/12/1994","S65E","NITRITE-N","mg/L",-0.004
"04/19/1994","S65E","NITRITE-N","mg/L",-0.004
"05/03/1994","S65E","NITRITE-N","mg/L",-0.004
"05/17/1994","S65E","NITRITE-N","mg/L",-0.004
"05/31/1994","S65E","NITRITE-N","mg/L",-0.004
"06/14/1994","S65E","NITRITE-N","mg/L",5e-04
"06/28/1994","S65E","NITRITE-N","mg/L",-0.004
"07/12/1994","S65E","NITRITE-N","mg/L",0.004
"07/19/1994","S65E","NITRITE-N","mg/L",-0.004
"07/26/1994","S65E","NITRITE-N","mg/L",-0.004
"08/03/1994","S65E","NITRITE-N","mg/L",0.005
"08/09/1994","S65E","NITRITE-N","mg/L",0.004
"08/23/1994","S65E","NITRITE-N","mg/L",0.008
"09/06/1994","S65E","NITRITE-N","mg/L",-0.004
"09/20/1994","S65E","NITRITE-N","mg/L",-0.004
"10/04/1994","S65E","NITRITE-N","mg/L",0.01
"10/18/1994","S65E","NITRITE-N","mg/L",0.004
"11/01/1994","S65E","NITRITE-N","mg/L",0.005
"11/15/1994","S65E","NITRITE-N","mg/L",0.005
"11/29/1994","S65E","NITRITE-N","mg/L",0.008
"12/13/1994","S65E","NITRITE-N","mg/L",0.007
"12/27/1994","S65E","NITRITE-N","mg/L",0.006
"01/10/1995","S65E","NITRITE-N","mg/L",-0.004
"01/24/1995","S65E","NITRITE-N","mg/L",0.005
"02/21/1995","S65E","NITRITE-N","mg/L",-0.004
"03/07/1995","S65E","NITRITE-N","mg/L",0.005
"03/21/1995","S65E","NITRITE-N","mg/L",0.006
"04/04/1995","S65E","NITRITE-N","mg/L",0.006
"04/18/1995","S65E","NITRITE-N","mg/L",0.001
"05/02/1995","S65E","NITRITE-N","mg/L",-0.004
"05/16/1995","S65E","NITRITE-N","mg/L",-0.004
"05/30/1995","S65E","NITRITE-N","mg/L",-0.004
"06/13/1995","S65E","NITRITE-N","mg/L",0.007
"06/27/1995","S65E","NITRITE-N","mg/L",-0.004
"07/11/1995","S65E","NITRITE-N","mg/L",-0.004
"07/25/1995","S65E","NITRITE-N","mg/L",-0.004
"08/08/1995","S65E","NITRITE-N","mg/L",-0.004
"08/22/1995","S65E","NITRITE-N","mg/L",0.004
"09/05/1995","S65E","NITRITE-N","mg/L",-0.004
"09/19/1995","S65E","NITRITE-N","mg/L",0.009
"10/03/1995","S65E","NITRITE-N","mg/L",0.005
"10/17/1995","S65E","NITRITE-N","mg/L",-0.004
"10/31/1995","S65E","NITRITE-N","mg/L",-0.004
"11/14/1995","S65E","NITRITE-N","mg/L",0.005
"11/28/1995","S65E","NITRITE-N","mg/L",0.005
"12/12/1995","S65E","NITRITE-N","mg/L",-0.004
"12/26/1995","S65E","NITRITE-N","mg/L",-0.004
"01/09/1996","S65E","NITRITE-N","mg/L",-0.004
"01/23/1996","S65E","NITRITE-N","mg/L",-0.004
"02/06/1996","S65E","NITRITE-N","mg/L",-0.004
"02/20/1996","S65E","NITRITE-N","mg/L",-0.00175
"03/05/1996","S65E","NITRITE-N","mg/L",-0.004
"03/19/1996","S65E","NITRITE-N","mg/L",-0.004
"04/02/1996","S65E","NITRITE-N","mg/L",0.00475
"04/16/1996","S65E","NITRITE-N","mg/L",0.004
"04/30/1996","S65E","NITRITE-N","mg/L",0.0032
"05/14/1996","S65E","NITRITE-N","mg/L",0.0235
"05/20/1996","S65E","NITRITE-N","mg/L",-0.004
"05/28/1996","S65E","NITRITE-N","mg/L",-0.004
"06/11/1996","S65E","NITRITE-N","mg/L",0.02325
"06/25/1996","S65E","NITRITE-N","mg/L",0.006
"07/09/1996","S65E","NITRITE-N","mg/L",-0.004
"07/23/1996","S65E","NITRITE-N","mg/L",-0.004
"08/06/1996","S65E","NITRITE-N","mg/L",0.001
"08/20/1996","S65E","NITRITE-N","mg/L",0.002
"09/03/1996","S65E","NITRITE-N","mg/L",0.003
"09/17/1996","S65E","NITRITE-N","mg/L",0.007
"10/01/1996","S65E","NITRITE-N","mg/L",0.0015
"10/15/1996","S65E","NITRITE-N","mg/L",-0.004
"10/29/1996","S65E","NITRITE-N","mg/L",0.0035
"11/04/1996","S65E","NITRITE-N","mg/L",0.013
"11/12/1996","S65E","NITRITE-N","mg/L",-8e-04
"11/26/1996","S65E","NITRITE-N","mg/L",-6e-04
"12/10/1996","S65E","NITRITE-N","mg/L",-0.004
"12/26/1996","S65E","NITRITE-N","mg/L",-0.004
"01/07/1997","S65E","NITRITE-N","mg/L",-0.004
"01/21/1997","S65E","NITRITE-N","mg/L",-0.004
"02/05/1997","S65E","NITRITE-N","mg/L",-0.004
"02/18/1997","S65E","NITRITE-N","mg/L",-0.004
"02/24/1997","S65E","NITRITE-N","mg/L",0.007
"03/04/1997","S65E","NITRITE-N","mg/L",-0.004
"03/18/1997","S65E","NITRITE-N","mg/L",0.006
"04/01/1997","S65E","NITRITE-N","mg/L",-0.004
"04/15/1997","S65E","NITRITE-N","mg/L",-0.004
"04/29/1997","S65E","NITRITE-N","mg/L",0.006
"05/13/1997","S65E","NITRITE-N","mg/L",-0.004
"05/19/1997","S65E","NITRITE-N","mg/L",-0.004
"05/27/1997","S65E","NITRITE-N","mg/L",-0.004
"06/10/1997","S65E","NITRITE-N","mg/L",-0.004
"06/24/1997","S65E","NITRITE-N","mg/L",-0.004
"07/08/1997","S65E","NITRITE-N","mg/L",-0.004
"07/22/1997","S65E","NITRITE-N","mg/L",-0.004
"08/05/1997","S65E","NITRITE-N","mg/L",0.006
"08/19/1997","S65E","NITRITE-N","mg/L",0.005
"08/28/1997","S65E","NITRITE-N","mg/L",0.007
"09/02/1997","S65E","NITRITE-N","mg/L",0.0044
"09/16/1997","S65E","NITRITE-N","mg/L",0.005
"09/30/1997","S65E","NITRITE-N","mg/L",0.006
"10/14/1997","S65E","NITRITE-N","mg/L",0.009
"10/28/1997","S65E","NITRITE-N","mg/L",0.012
"11/12/1997","S65E","NITRITE-N","mg/L",0.007
"11/17/1997","S65E","NITRITE-N","mg/L",-0.004
"11/25/1997","S65E","NITRITE-N","mg/L",-0.004
"12/09/1997","S65E","NITRITE-N","mg/L",0.004
"12/23/1997","S65E","NITRITE-N","mg/L",-0.004
"01/06/1998","S65E","NITRITE-N","mg/L",-0.004
"01/20/1998","S65E","NITRITE-N","mg/L",-0.004
"02/03/1998","S65E","NITRITE-N","mg/L",-0.004
"02/17/1998","S65E","NITRITE-N","mg/L",-0.004
"02/18/1998","S65E","NITRITE-N","mg/L",0.004
"03/03/1998","S65E","NITRITE-N","mg/L",-0.004
"03/17/1998","S65E","NITRITE-N","mg/L",0.007
"03/31/1998","S65E","NITRITE-N","mg/L",0.004
"04/14/1998","S65E","NITRITE-N","mg/L",-0.004
"04/28/1998","S65E","NITRITE-N","mg/L",-0.004
"05/12/1998","S65E","NITRITE-N","mg/L",0.011
"05/18/1998","S65E","NITRITE-N","mg/L",-0.004
"05/26/1998","S65E","NITRITE-N","mg/L",-0.004
"06/09/1998","S65E","NITRITE-N","mg/L",0.008
"06/23/1998","S65E","NITRITE-N","mg/L",0.005
"07/07/1998","S65E","NITRITE-N","mg/L",-0.004
"07/21/1998","S65E","NITRITE-N","mg/L",-0.004
"08/04/1998","S65E","NITRITE-N","mg/L",0.005
"08/18/1998","S65E","NITRITE-N","mg/L",0.007
"08/24/1998","S65E","NITRITE-N","mg/L",0.005
"09/01/1998","S65E","NITRITE-N","mg/L",0.006
"09/10/1998","S65E","NITRITE-N","mg/L",0.004
"09/15/1998","S65E","NITRITE-N","mg/L",0.008
"09/29/1998","S65E","NITRITE-N","mg/L",0.008
"10/13/1998","S65E","NITRITE-N","mg/L",0.01
"10/27/1998","S65E","NITRITE-N","mg/L",0.012
"11/09/1998","S65E","NITRITE-N","mg/L",0.013
"11/24/1998","S65E","NITRITE-N","mg/L",0.007
"12/08/1998","S65E","NITRITE-N","mg/L",0.006
"12/22/1998","S65E","NITRITE-N","mg/L",0.007
"01/05/1999","S65E","NITRITE-N","mg/L",0.005
"01/19/1999","S65E","NITRITE-N","mg/L",0.005
"01/25/1999","S65E","NITRITE-N","mg/L",-0.004
"02/02/1999","S65E","NITRITE-N","mg/L",-0.004
"02/16/1999","S65E","NITRITE-N","mg/L",-0.004
"03/02/1999","S65E","NITRITE-N","mg/L",-0.004
"03/16/1999","S65E","NITRITE-N","mg/L",-8e-04
"03/30/1999","S65E","NITRITE-N","mg/L",0.004
"04/13/1999","S65E","NITRITE-N","mg/L",-0.004
"04/19/1999","S65E","NITRITE-N","mg/L",0.004
"04/27/1999","S65E","NITRITE-N","mg/L",-0.004
"05/11/1999","S65E","NITRITE-N","mg/L",-0.004
"05/25/1999","S65E","NITRITE-N","mg/L",0.004
"06/08/1999","S65E","NITRITE-N","mg/L",-0.004
"06/22/1999","S65E","NITRITE-N","mg/L",-0.004
"07/06/1999","S65E","NITRITE-N","mg/L",5e-04
"07/20/1999","S65E","NITRITE-N","mg/L",0.003
"07/26/1999","S65E","NITRITE-N","mg/L",0.012
"08/03/1999","S65E","NITRITE-N","mg/L",0.0025
"08/17/1999","S65E","NITRITE-N","mg/L",0.009
"08/31/1999","S65E","NITRITE-N","mg/L",0.005
"09/16/1999","S65E","NITRITE-N","mg/L",0.0026
"09/28/1999","S65E","NITRITE-N","mg/L",0.002
"10/12/1999","S65E","NITRITE-N","mg/L",0.005
"10/18/1999","S65E","NITRITE-N","mg/L",0.006
"10/26/1999","S65E","NITRITE-N","mg/L",0.006
"11/09/1999","S65E","NITRITE-N","mg/L",0.006
"11/23/1999","S65E","NITRITE-N","mg/L",0.03
"12/07/1999","S65E","NITRITE-N","mg/L",-0.004
"12/21/1999","S65E","NITRITE-N","mg/L",0.001
"01/04/2000","S65E","NITRITE-N","mg/L",0.0024
"01/18/2000","S65E","NITRITE-N","mg/L",0.0015
"01/24/2000","S65E","NITRITE-N","mg/L",0.005
"02/01/2000","S65E","NITRITE-N","mg/L",0.004
"02/15/2000","S65E","NITRITE-N","mg/L",-0.004
"02/29/2000","S65E","NITRITE-N","mg/L",-0.004
"03/14/2000","S65E","NITRITE-N","mg/L",0.008
"03/28/2000","S65E","NITRITE-N","mg/L",-0.004
"04/11/2000","S65E","NITRITE-N","mg/L",-0.004
"04/17/2000","S65E","NITRITE-N","mg/L",-0.004
"04/24/2000","S65E","NITRITE-N","mg/L",0
"05/09/2000","S65E","NITRITE-N","mg/L",0.011
"05/23/2000","S65E","NITRITE-N","mg/L",-0.004
"06/06/2000","S65E","NITRITE-N","mg/L",-0.004
"06/20/2000","S65E","NITRITE-N","mg/L",-0.004
"07/05/2000","S65E","NITRITE-N","mg/L",-0.004
"07/18/2000","S65E","NITRITE-N","mg/L",-0.004
"07/25/2000","S65E","NITRITE-N","mg/L",-0.004
"08/01/2000","S65E","NITRITE-N","mg/L",-0.004
"08/15/2000","S65E","NITRITE-N","mg/L",0.0032
"08/29/2000","S65E","NITRITE-N","mg/L",0.016
"09/12/2000","S65E","NITRITE-N","mg/L",0.007
"09/26/2000","S65E","NITRITE-N","mg/L",0.022
"10/10/2000","S65E","NITRITE-N","mg/L",0.015
"10/16/2000","S65E","NITRITE-N","mg/L",0.02
"10/24/2000","S65E","NITRITE-N","mg/L",0.009
"11/07/2000","S65E","NITRITE-N","mg/L",0.01
"11/21/2000","S65E","NITRITE-N","mg/L",0.01
"12/05/2000","S65E","NITRITE-N","mg/L",0.007
"12/19/2000","S65E","NITRITE-N","mg/L",0.006
"01/02/2001","S65E","NITRITE-N","mg/L",0.001
"01/16/2001","S65E","NITRITE-N","mg/L",0.007
"01/22/2001","S65E","NITRITE-N","mg/L",0.009
"01/30/2001","S65E","NITRITE-N","mg/L",0.008
"02/13/2001","S65E","NITRITE-N","mg/L",0.005
"02/27/2001","S65E","NITRITE-N","mg/L",0.008
"03/13/2001","S65E","NITRITE-N","mg/L",0.008
"03/27/2001","S65E","NITRITE-N","mg/L",0.004
"04/10/2001","S65E","NITRITE-N","mg/L",0.005
"04/16/2001","S65E","NITRITE-N","mg/L",0
"04/24/2001","S65E","NITRITE-N","mg/L",0.0015
"05/08/2001","S65E","NITRITE-N","mg/L",5e-04
"05/22/2001","S65E","NITRITE-N","mg/L",0.005
"06/05/2001","S65E","NITRITE-N","mg/L",0.023
"06/19/2001","S65E","NITRITE-N","mg/L",0
"07/03/2001","S65E","NITRITE-N","mg/L",0.008
"07/16/2001","S65E","NITRITE-N","mg/L",0.031
"07/17/2001","S65E","NITRITE-N","mg/L",0.025
"07/31/2001","S65E","NITRITE-N","mg/L",0.022
"08/14/2001","S65E","NITRITE-N","mg/L",0.008
"08/28/2001","S65E","NITRITE-N","mg/L",0.005
"09/11/2001","S65E","NITRITE-N","mg/L",8e-04
"09/25/2001","S65E","NITRITE-N","mg/L",0.004
"10/08/2001","S65E","NITRITE-N","mg/L",0.004
"10/09/2001","S65E","NITRITE-N","mg/L",0.004
"11/06/2001","S65E","NITRITE-N","mg/L",0.001
"11/20/2001","S65E","NITRITE-N","mg/L",5e-04
"12/04/2001","S65E","NITRITE-N","mg/L",0.0045
"12/18/2001","S65E","NITRITE-N","mg/L",0.006
"01/02/2002","S65E","NITRITE-N","mg/L",0.0015
"01/15/2002","S65E","NITRITE-N","mg/L",0.0015
"01/29/2002","S65E","NITRITE-N","mg/L",0.003
"02/12/2002","S65E","NITRITE-N","mg/L",5e-04
"02/26/2002","S65E","NITRITE-N","mg/L",0.006
"03/12/2002","S65E","NITRITE-N","mg/L",0.01
"03/18/2002","S65E","NITRITE-N","mg/L",0.0025
"03/26/2002","S65E","NITRITE-N","mg/L",0.007
"04/09/2002","S65E","NITRITE-N","mg/L",0.0025
"04/23/2002","S65E","NITRITE-N","mg/L",-0.004
"05/07/2002","S65E","NITRITE-N","mg/L",-0.004
"05/21/2002","S65E","NITRITE-N","mg/L",-0.004
"06/04/2002","S65E","NITRITE-N","mg/L",-0.004
"06/18/2002","S65E","NITRITE-N","mg/L",-0.004
"06/24/2002","S65E","NITRITE-N","mg/L",0
"07/02/2002","S65E","NITRITE-N","mg/L",0.01
"07/16/2002","S65E","NITRITE-N","mg/L",5e-04
"07/30/2002","S65E","NITRITE-N","mg/L",0
"08/13/2002","S65E","NITRITE-N","mg/L",-0.004
"08/27/2002","S65E","NITRITE-N","mg/L",0
"09/10/2002","S65E","NITRITE-N","mg/L",5e-04
"09/16/2002","S65E","NITRITE-N","mg/L",0.0105
"09/24/2002","S65E","NITRITE-N","mg/L",0
"10/08/2002","S65E","NITRITE-N","mg/L",0.005
"10/22/2002","S65E","NITRITE-N","mg/L",0.006
"11/05/2002","S65E","NITRITE-N","mg/L",0.005
"11/19/2002","S65E","NITRITE-N","mg/L",0.008
"12/03/2002","S65E","NITRITE-N","mg/L",0.016
"12/17/2002","S65E","NITRITE-N","mg/L",0.0016
"12/30/2002","S65E","NITRITE-N","mg/L",0.0085
"12/31/2002","S65E","NITRITE-N","mg/L",0.004
"01/14/2003","S65E","NITRITE-N","mg/L",0.005
"01/28/2003","S65E","NITRITE-N","mg/L",0.005
"02/11/2003","S65E","NITRITE-N","mg/L",0.007
"02/25/2003","S65E","NITRITE-N","mg/L",0.018
"03/11/2003","S65E","NITRITE-N","mg/L",0.012
"03/24/2003","S65E","NITRITE-N","mg/L",0.017
"03/25/2003","S65E","NITRITE-N","mg/L",0.021
"04/08/2003","S65E","NITRITE-N","mg/L",0.006
"04/22/2003","S65E","NITRITE-N","mg/L",0.006
"05/06/2003","S65E","NITRITE-N","mg/L",0.001
"05/20/2003","S65E","NITRITE-N","mg/L",0.007
"06/03/2003","S65E","NITRITE-N","mg/L",0.001
"06/16/2003","S65E","NITRITE-N","mg/L",0.0053
"06/17/2003","S65E","NITRITE-N","mg/L",0
"07/01/2003","S65E","NITRITE-N","mg/L",0.006
"07/15/2003","S65E","NITRITE-N","mg/L",0.005
"07/29/2003","S65E","NITRITE-N","mg/L",0.004
"08/12/2003","S65E","NITRITE-N","mg/L",0.007
"08/26/2003","S65E","NITRITE-N","mg/L",0.007
"09/09/2003","S65E","NITRITE-N","mg/L",0.003
"09/15/2003","S65E","NITRITE-N","mg/L",0.008
"09/23/2003","S65E","NITRITE-N","mg/L",0.011
"10/07/2003","S65E","NITRITE-N","mg/L",0.002
"10/21/2003","S65E","NITRITE-N","mg/L",0.013
"11/04/2003","S65E","NITRITE-N","mg/L",0.013
"11/18/2003","S65E","NITRITE-N","mg/L",0.007
"12/02/2003","S65E","NITRITE-N","mg/L",0.014
"12/15/2003","S65E","NITRITE-N","mg/L",0.00666666666666667
"12/16/2003","S65E","NITRITE-N","mg/L",0.013
"12/30/2003","S65E","NITRITE-N","mg/L",0.002
"01/13/2004","S65E","NITRITE-N","mg/L",0.006
"01/27/2004","S65E","NITRITE-N","mg/L",0.004
"02/10/2004","S65E","NITRITE-N","mg/L",0.002
"02/24/2004","S65E","NITRITE-N","mg/L",0.008
"03/09/2004","S65E","NITRITE-N","mg/L",0.011
"03/15/2004","S65E","NITRITE-N","mg/L",0.013
"03/23/2004","S65E","NITRITE-N","mg/L",0.013
"04/06/2004","S65E","NITRITE-N","mg/L",0.019
"04/20/2004","S65E","NITRITE-N","mg/L",0.015
"05/04/2004","S65E","NITRITE-N","mg/L",0.001
"05/17/2004","S65E","NITRITE-N","mg/L",0.00425
"05/18/2004","S65E","NITRITE-N","mg/L",-0.004
"06/08/2004","S65E","NITRITE-N","mg/L",0.009
"06/22/2004","S65E","NITRITE-N","mg/L",-0.004
"07/06/2004","S65E","NITRITE-N","mg/L",-0.004
"07/20/2004","S65E","NITRITE-N","mg/L",0
"08/03/2004","S65E","NITRITE-N","mg/L",-0.004
"08/17/2004","S65E","NITRITE-N","mg/L",0.034
"08/23/2004","S65E","NITRITE-N","mg/L",0.001
"08/31/2004","S65E","NITRITE-N","mg/L",0.011
"09/14/2004","S65E","NITRITE-N","mg/L",0.006
"09/29/2004","S65E","NITRITE-N","mg/L",0.018
"10/12/2004","S65E","NITRITE-N","mg/L",0.012
"10/26/2004","S65E","NITRITE-N","mg/L",0.000333333333333333
"11/09/2004","S65E","NITRITE-N","mg/L",0.011
"11/22/2004","S65E","NITRITE-N","mg/L",0.011
"12/07/2004","S65E","NITRITE-N","mg/L",0.012
"12/21/2004","S65E","NITRITE-N","mg/L",0.005
"01/04/2005","S65E","NITRITE-N","mg/L",0.009
"01/18/2005","S65E","NITRITE-N","mg/L",0.012
"02/01/2005","S65E","NITRITE-N","mg/L",0.011
"02/14/2005","S65E","NITRITE-N","mg/L",0.009
"02/15/2005","S65E","NITRITE-N","mg/L",0.01
"03/01/2005","S65E","NITRITE-N","mg/L",0.004
"03/15/2005","S65E","NITRITE-N","mg/L",0.013
"03/29/2005","S65E","NITRITE-N","mg/L",0.009
"04/12/2005","S65E","NITRITE-N","mg/L",0.007
"04/26/2005","S65E","NITRITE-N","mg/L",0.005
"05/10/2005","S65E","NITRITE-N","mg/L",0.013
"05/16/2005","S65E","NITRITE-N","mg/L",0.0015
"05/24/2005","S65E","NITRITE-N","mg/L",0.009
"06/07/2005","S65E","NITRITE-N","mg/L",0.000333333333333333
"06/21/2005","S65E","NITRITE-N","mg/L",0.008
"07/05/2005","S65E","NITRITE-N","mg/L",0.001
"07/19/2005","S65E","NITRITE-N","mg/L",5e-04
"08/02/2005","S65E","NITRITE-N","mg/L",0.001
"08/16/2005","S65E","NITRITE-N","mg/L",0.006
"08/22/2005","S65E","NITRITE-N","mg/L",0.005
"08/30/2005","S65E","NITRITE-N","mg/L",0.005
"09/12/2005","S65E","NITRITE-N","mg/L",0
"09/26/2005","S65E","NITRITE-N","mg/L",0.005
"10/11/2005","S65E","NITRITE-N","mg/L",0.014
"11/08/2005","S65E","NITRITE-N","mg/L",5e-04
"11/14/2005","S65E","NITRITE-N","mg/L",0.005
"11/16/2005","S65E","NITRITE-N","mg/L",0.004
"12/06/2005","S65E","NITRITE-N","mg/L",0.005
"12/20/2005","S65E","NITRITE-N","mg/L",0.005
"01/03/2006","S65E","NITRITE-N","mg/L",0.005
"01/17/2006","S65E","NITRITE-N","mg/L",0.006
"01/30/2006","S65E","NITRITE-N","mg/L",0.008
"02/13/2006","S65E","NITRITE-N","mg/L",0.0015
"02/21/2006","S65E","NITRITE-N","mg/L",5e-04
"02/28/2006","S65E","NITRITE-N","mg/L",0.005
"03/13/2006","S65E","NITRITE-N","mg/L",0.006
"03/28/2006","S65E","NITRITE-N","mg/L",0.012
"04/11/2006","S65E","NITRITE-N","mg/L",0.0025
"04/24/2006","S65E","NITRITE-N","mg/L",0.006
"05/08/2006","S65E","NITRITE-N","mg/L",-0.004
"05/22/2006","S65E","NITRITE-N","mg/L",0.01
"05/23/2006","S65E","NITRITE-N","mg/L",-0.004
"06/06/2006","S65E","NITRITE-N","mg/L",-0.004
"06/19/2006","S65E","NITRITE-N","mg/L",0.0045
"07/18/2006","S65E","NITRITE-N","mg/L",-0.004
"07/31/2006","S65E","NITRITE-N","mg/L",0.0035
"08/14/2006","S65E","NITRITE-N","mg/L",-0.004
"08/21/2006","S65E","NITRITE-N","mg/L",0.061
"08/31/2006","S65E","NITRITE-N","mg/L",0.012
"09/11/2006","S65E","NITRITE-N","mg/L",0.00133333333333333
"09/25/2006","S65E","NITRITE-N","mg/L",0.013
"10/10/2006","S65E","NITRITE-N","mg/L",0.014
"10/24/2006","S65E","NITRITE-N","mg/L",0.02
"11/07/2006","S65E","NITRITE-N","mg/L",0.018
"11/21/2006","S65E","NITRITE-N","mg/L",0.018
"11/27/2006","S65E","NITRITE-N","mg/L",0.017
"12/05/2006","S65E","NITRITE-N","mg/L",0.0045
"12/19/2006","S65E","NITRITE-N","mg/L",0.0135
"01/02/2007","S65E","NITRITE-N","mg/L",0.0035
"01/16/2007","S65E","NITRITE-N","mg/L",0.014
"01/30/2007","S65E","NITRITE-N","mg/L",0.0035
"02/13/2007","S65E","NITRITE-N","mg/L",0.009
"02/26/2007","S65E","NITRITE-N","mg/L",0.009
"02/27/2007","S65E","NITRITE-N","mg/L",0.008
"03/13/2007","S65E","NITRITE-N","mg/L",0.006
"03/27/2007","S65E","NITRITE-N","mg/L",0.012
"04/10/2007","S65E","NITRITE-N","mg/L",0.011
"04/24/2007","S65E","NITRITE-N","mg/L",0.008
"05/08/2007","S65E","NITRITE-N","mg/L",0.0035
"05/21/2007","S65E","NITRITE-N","mg/L",0.01
"05/22/2007","S65E","NITRITE-N","mg/L",0.011
"06/05/2007","S65E","NITRITE-N","mg/L",0.0034
"06/19/2007","S65E","NITRITE-N","mg/L",0.03
"07/02/2007","S65E","NITRITE-N","mg/L",0.006
"07/17/2007","S65E","NITRITE-N","mg/L",0.007
"08/06/2007","S65E","NITRITE-N","mg/L",0.004
"08/20/2007","S65E","NITRITE-N","mg/L",0.00775
"08/21/2007","S65E","NITRITE-N","mg/L",0.01
"09/04/2007","S65E","NITRITE-N","mg/L",0.038
"09/17/2007","S65E","NITRITE-N","mg/L",0.013
"10/01/2007","S65E","NITRITE-N","mg/L",0.01
"10/15/2007","S65E","NITRITE-N","mg/L",0.0055
"10/29/2007","S65E","NITRITE-N","mg/L",0.012
"11/05/2007","S65E","NITRITE-N","mg/L",0.007
"11/20/2007","S65E","NITRITE-N","mg/L",0.008
"11/26/2007","S65E","NITRITE-N","mg/L",0.005
"12/03/2007","S65E","NITRITE-N","mg/L",0.0028
"12/18/2007","S65E","NITRITE-N","mg/L",0.004
"01/17/2008","S65E","NITRITE-N","mg/L",0.004
"01/29/2008","S65E","NITRITE-N","mg/L",5e-04
"02/04/2008","S65E","NITRITE-N","mg/L",0.002
"02/19/2008","S65E","NITRITE-N","mg/L",0.002
"02/20/2008","S65E","NITRITE-N","mg/L",0.002
"03/03/2008","S65E","NITRITE-N","mg/L",8e-04
"03/17/2008","S65E","NITRITE-N","mg/L",0
"04/07/2008","S65E","NITRITE-N","mg/L",0.003
"04/21/2008","S65E","NITRITE-N","mg/L",0.003
"05/06/2008","S65E","NITRITE-N","mg/L",0.003
"05/19/2008","S65E","NITRITE-N","mg/L",-0.002
"05/28/2008","S65E","NITRITE-N","mg/L",0.002
"06/03/2008","S65E","NITRITE-N","mg/L",4e-04
"06/17/2008","S65E","NITRITE-N","mg/L",-0.002
"07/01/2008","S65E","NITRITE-N","mg/L",0
"07/16/2008","S65E","NITRITE-N","mg/L",0.003
"08/06/2008","S65E","NITRITE-N","mg/L",0.01
"08/26/2008","S65E","NITRITE-N","mg/L",0.007
"08/28/2008","S65E","NITRITE-N","mg/L",0.006
"09/08/2008","S65E","NITRITE-N","mg/L",0.0054
"09/22/2008","S65E","NITRITE-N","mg/L",0.006
"10/06/2008","S65E","NITRITE-N","mg/L",0.005
"10/20/2008","S65E","NITRITE-N","mg/L",0.0015
"11/13/2008","S65E","NITRITE-N","mg/L",0.0025
"11/19/2008","S65E","NITRITE-N","mg/L",0.011
"11/24/2008","S65E","NITRITE-N","mg/L",0.004
"12/10/2008","S65E","NITRITE-N","mg/L",0.001
"12/23/2008","S65E","NITRITE-N","mg/L",5e-04
"01/14/2009","S65E","NITRITE-N","mg/L",5e-04
"01/27/2009","S65E","NITRITE-N","mg/L",0.003
"02/02/2009","S65E","NITRITE-N","mg/L",0.003
"02/17/2009","S65E","NITRITE-N","mg/L",0.003
"02/18/2009","S65E","NITRITE-N","mg/L",0.004
"03/03/2009","S65E","NITRITE-N","mg/L",0.004
"03/17/2009","S65E","NITRITE-N","mg/L",0.002
"03/31/2009","S65E","NITRITE-N","mg/L",5e-04
"04/14/2009","S65E","NITRITE-N","mg/L",0.0025
"04/29/2009","S65E","NITRITE-N","mg/L",0.011
"05/13/2009","S65E","NITRITE-N","mg/L",0.0015
"05/20/2009","S65E","NITRITE-N","mg/L",0.003
"05/27/2009","S65E","NITRITE-N","mg/L",0.027
"06/02/2009","S65E","NITRITE-N","mg/L",0.0015
"06/16/2009","S65E","NITRITE-N","mg/L",0
"07/07/2009","S65E","NITRITE-N","mg/L",0.004
"07/20/2009","S65E","NITRITE-N","mg/L",0.005
"08/04/2009","S65E","NITRITE-N","mg/L",0.0015
"08/18/2009","S65E","NITRITE-N","mg/L",0.0025
"08/26/2009","S65E","NITRITE-N","mg/L",0.017
"09/08/2009","S65E","NITRITE-N","mg/L",0.004
"09/22/2009","S65E","NITRITE-N","mg/L",0.0024
"10/07/2009","S65E","NITRITE-N","mg/L",0.006
"10/21/2009","S65E","NITRITE-N","mg/L",0.004
"11/09/2009","S65E","NITRITE-N","mg/L",0.0095
"11/30/2009","S65E","NITRITE-N","mg/L",0.005
"12/16/2009","S65E","NITRITE-N","mg/L",0.001
"12/28/2009","S65E","NITRITE-N","mg/L",0.003
"01/11/2010","S65E","NITRITE-N","mg/L",0.01
"01/25/2010","S65E","NITRITE-N","mg/L",0.011
"02/08/2010","S65E","NITRITE-N","mg/L",0.029
"02/17/2010","S65E","NITRITE-N","mg/L",0.01
"03/15/2010","S65E","NITRITE-N","mg/L",0.0034
"03/29/2010","S65E","NITRITE-N","mg/L",0.006
"04/12/2010","S65E","NITRITE-N","mg/L",0.0025
"04/26/2010","S65E","NITRITE-N","mg/L",0.007
"05/10/2010","S65E","NITRITE-N","mg/L",0.0025
"05/24/2010","S65E","NITRITE-N","mg/L",0.006
"06/07/2010","S65E","NITRITE-N","mg/L",0.00275
"06/21/2010","S65E","NITRITE-N","mg/L",0.005
"07/08/2010","S65E","NITRITE-N","mg/L",0.016
"07/19/2010","S65E","NITRITE-N","mg/L",0.01
"08/02/2010","S65E","NITRITE-N","mg/L",0.065
"08/16/2010","S65E","NITRITE-N","mg/L",0.015
"09/14/2010","S65E","NITRITE-N","mg/L",0.008
"09/27/2010","S65E","NITRITE-N","mg/L",0.059
"10/11/2010","S65E","NITRITE-N","mg/L",0.016
"10/26/2010","S65E","NITRITE-N","mg/L",0.004
"11/09/2010","S65E","NITRITE-N","mg/L",0.012
"11/29/2010","S65E","NITRITE-N","mg/L",0.003
"12/09/2010","S65E","NITRITE-N","mg/L",0.002
"12/22/2010","S65E","NITRITE-N","mg/L",0.003
"01/10/2011","S65E","NITRITE-N","mg/L",0.003
"01/24/2011","S65E","NITRITE-N","mg/L",0.005
"02/07/2011","S65E","NITRITE-N","mg/L",-0.002
"02/23/2011","S65E","NITRITE-N","mg/L",0.002
"03/09/2011","S65E","NITRITE-N","mg/L",0.00233333333333333
"03/23/2011","S65E","NITRITE-N","mg/L",0.002
"04/13/2011","S65E","NITRITE-N","mg/L",0.002
"04/27/2011","S65E","NITRITE-N","mg/L",0.003
"05/11/2011","S65E","NITRITE-N","mg/L",0.002
"05/25/2011","S65E","NITRITE-N","mg/L",-0.002
"06/08/2011","S65E","NITRITE-N","mg/L",-0.002
"06/20/2011","S65E","NITRITE-N","mg/L",-0.002
"07/06/2011","S65E","NITRITE-N","mg/L",-0.002
"07/20/2011","S65E","NITRITE-N","mg/L",0.016
"08/03/2011","S65E","NITRITE-N","mg/L",0.013
"08/17/2011","S65E","NITRITE-N","mg/L",0.048
"08/31/2011","S65E","NITRITE-N","mg/L",0.05
"09/14/2011","S65E","NITRITE-N","mg/L",0.00466666666666667
"09/28/2011","S65E","NITRITE-N","mg/L",0.006
"10/12/2011","S65E","NITRITE-N","mg/L",0.004
"10/26/2011","S65E","NITRITE-N","mg/L",0.006
"11/07/2011","S65E","NITRITE-N","mg/L",0.007
"11/22/2011","S65E","NITRITE-N","mg/L",0.009
"12/07/2011","S65E","NITRITE-N","mg/L",0.024
"12/21/2011","S65E","NITRITE-N","mg/L",0.03
"01/04/2012","S65E","NITRITE-N","mg/L",0.018
"01/18/2012","S65E","NITRITE-N","mg/L",0.01
"02/01/2012","S65E","NITRITE-N","mg/L",0.004
"02/15/2012","S65E","NITRITE-N","mg/L",0.008
"02/29/2012","S65E","NITRITE-N","mg/L",0.005
"03/14/2012","S65E","NITRITE-N","mg/L",0.008
"03/28/2012","S65E","NITRITE-N","mg/L",-0.002
"04/11/2012","S65E","NITRITE-N","mg/L",0.006
"04/25/2012","S65E","NITRITE-N","mg/L",0.004
"05/09/2012","S65E","NITRITE-N","mg/L",0.002
"05/23/2012","S65E","NITRITE-N","mg/L",0.004
"06/06/2012","S65E","NITRITE-N","mg/L",-0.002
"06/20/2012","S65E","NITRITE-N","mg/L",0.002
"07/11/2012","S65E","NITRITE-N","mg/L",0.009
"07/25/2012","S65E","NITRITE-N","mg/L",0.02
"08/08/2012","S65E","NITRITE-N","mg/L",0.03
"08/22/2012","S65E","NITRITE-N","mg/L",0.02
"09/05/2012","S65E","NITRITE-N","mg/L",0.009
"09/19/2012","S65E","NITRITE-N","mg/L",0.008
"10/03/2012","S65E","NITRITE-N","mg/L",0.006
"10/17/2012","S65E","NITRITE-N","mg/L",0.007
"10/31/2012","S65E","NITRITE-N","mg/L",0.015
"11/14/2012","S65E","NITRITE-N","mg/L",0.041
"11/28/2012","S65E","NITRITE-N","mg/L",0.007
"12/05/2012","S65E","NITRITE-N","mg/L",0.014
"12/19/2012","S65E","NITRITE-N","mg/L",0.021
"01/02/2013","S65E","NITRITE-N","mg/L",0.025
"01/16/2013","S65E","NITRITE-N","mg/L",0.006
"01/30/2013","S65E","NITRITE-N","mg/L",0.009
"02/13/2013","S65E","NITRITE-N","mg/L",0.005
"02/27/2013","S65E","NITRITE-N","mg/L",0.003
"03/13/2013","S65E","NITRITE-N","mg/L",0.013
"03/27/2013","S65E","NITRITE-N","mg/L",0.002
"04/10/2013","S65E","NITRITE-N","mg/L",0.004
"04/24/2013","S65E","NITRITE-N","mg/L",-0.002
"05/08/2013","S65E","NITRITE-N","mg/L",-0.002
"05/22/2013","S65E","NITRITE-N","mg/L",0.002
"06/05/2013","S65E","NITRITE-N","mg/L",0.002
"06/19/2013","S65E","NITRITE-N","mg/L",0.01
"07/02/2013","S65E","NITRITE-N","mg/L",0.007
"07/17/2013","S65E","NITRITE-N","mg/L",0.007
"07/31/2013","S65E","NITRITE-N","mg/L",0.006
"08/14/2013","S65E","NITRITE-N","mg/L",0.005
"08/28/2013","S65E","NITRITE-N","mg/L",0.007
"09/11/2013","S65E","NITRITE-N","mg/L",0.007
"09/25/2013","S65E","NITRITE-N","mg/L",0.009
"10/09/2013","S65E","NITRITE-N","mg/L",0.006
"10/23/2013","S65E","NITRITE-N","mg/L",0.044
"11/06/2013","S65E","NITRITE-N","mg/L",0.025
"11/20/2013","S65E","NITRITE-N","mg/L",0.005
"12/04/2013","S65E","NITRITE-N","mg/L",0.008
"12/18/2013","S65E","NITRITE-N","mg/L",0.007
"12/30/2013","S65E","NITRITE-N","mg/L",0.005
"01/15/2014","S65E","NITRITE-N","mg/L",0.004
"01/29/2014","S65E","NITRITE-N","mg/L",0.007
"02/12/2014","S65E","NITRITE-N","mg/L",0.008
"02/26/2014","S65E","NITRITE-N","mg/L",0.002
"03/12/2014","S65E","NITRITE-N","mg/L",0.004
"03/26/2014","S65E","NITRITE-N","mg/L",0.006
"04/09/2014","S65E","NITRITE-N","mg/L",0.002
"04/23/2014","S65E","NITRITE-N","mg/L",0.002
"05/07/2014","S65E","NITRITE-N","mg/L",0.002
"05/21/2014","S65E","NITRITE-N","mg/L",0.002
"06/04/2014","S65E","NITRITE-N","mg/L",0.002
"06/18/2014","S65E","NITRITE-N","mg/L",0.004
"07/01/2014","S65E","NITRITE-N","mg/L",0.014
"07/16/2014","S65E","NITRITE-N","mg/L",0.013
"07/30/2014","S65E","NITRITE-N","mg/L",0.005
"08/13/2014","S65E","NITRITE-N","mg/L",0.006
"08/27/2014","S65E","NITRITE-N","mg/L",0.006
"09/10/2014","S65E","NITRITE-N","mg/L",0.024
"09/24/2014","S65E","NITRITE-N","mg/L",0.014
"10/08/2014","S65E","NITRITE-N","mg/L",0.006
"10/22/2014","S65E","NITRITE-N","mg/L",0.013
"11/05/2014","S65E","NITRITE-N","mg/L",0.007
"11/19/2014","S65E","NITRITE-N","mg/L",0.007
"12/03/2014","S65E","NITRITE-N","mg/L",0.017
"12/17/2014","S65E","NITRITE-N","mg/L",0.004
"12/30/2014","S65E","NITRITE-N","mg/L",0.005
"01/14/2015","S65E","NITRITE-N","mg/L",0.008
"01/28/2015","S65E","NITRITE-N","mg/L",0.004
"02/11/2015","S65E","NITRITE-N","mg/L",0.003
"02/25/2015","S65E","NITRITE-N","mg/L",0.004
"03/11/2015","S65E","NITRITE-N","mg/L",0.005
"03/25/2015","S65E","NITRITE-N","mg/L",0.009
"04/08/2015","S65E","NITRITE-N","mg/L",0.009
"04/22/2015","S65E","NITRITE-N","mg/L",0.005
"05/06/2015","S65E","NITRITE-N","mg/L",0.005
"05/20/2015","S65E","NITRITE-N","mg/L",0.004
"06/03/2015","S65E","NITRITE-N","mg/L",0.005
"06/17/2015","S65E","NITRITE-N","mg/L",0.003
"07/01/2015","S65E","NITRITE-N","mg/L",0.013
"07/15/2015","S65E","NITRITE-N","mg/L",0.003
"07/29/2015","S65E","NITRITE-N","mg/L",0.027
"08/12/2015","S65E","NITRITE-N","mg/L",0.019
"08/26/2015","S65E","NITRITE-N","mg/L",0.005
"09/09/2015","S65E","NITRITE-N","mg/L",0.004
"09/23/2015","S65E","NITRITE-N","mg/L",0.005
"10/07/2015","S65E","NITRITE-N","mg/L",0.006
"10/21/2015","S65E","NITRITE-N","mg/L",0.004
"11/04/2015","S65E","NITRITE-N","mg/L",0.005
"11/18/2015","S65E","NITRITE-N","mg/L",0.064
"12/02/2015","S65E","NITRITE-N","mg/L",0.016
"01/09/2017","S65E","NITRITE-N","mg/L",0.068
"01/23/2017","S65E","NITRITE-N","mg/L",0.007
"02/06/2017","S65E","NITRITE-N","mg/L",0.005
"02/20/2017","S65E","NITRITE-N","mg/L",0.004
"03/06/2017","S65E","NITRITE-N","mg/L",0.009
"03/20/2017","S65E","NITRITE-N","mg/L",0.003
"04/17/2017","S65E","NITRITE-N","mg/L",0.024
"04/24/2017","S65E","NITRITE-N","mg/L",0.025
"05/01/2017","S65E","NITRITE-N","mg/L",0.021
"05/08/2017","S65E","NITRITE-N","mg/L",0.004
"06/05/2017","S65E","NITRITE-N","mg/L",0.002
"06/12/2017","S65E","NITRITE-N","mg/L",0.009
"06/19/2017","S65E","NITRITE-N","mg/L",0.042
"07/05/2017","S65E","NITRITE-N","mg/L",0.009
"07/17/2017","S65E","NITRITE-N","mg/L",0.256
"08/01/2017","S65E","NITRITE-N","mg/L",0.023
"08/14/2017","S65E","NITRITE-N","mg/L",0.009
"08/28/2017","S65E","NITRITE-N","mg/L",0.01
"09/13/2017","S65E","NITRITE-N","mg/L",0.005
"09/25/2017","S65E","NITRITE-N","mg/L",0.005
"10/09/2017","S65E","NITRITE-N","mg/L",0.016
"10/23/2017","S65E","NITRITE-N","mg/L",0.013
"11/06/2017","S65E","NITRITE-N","mg/L",0.007
"11/20/2017","S65E","NITRITE-N","mg/L",0.012
"12/04/2017","S65E","NITRITE-N","mg/L",0.033
"01/16/2018","S65E","NITRITE-N","mg/L",0.016
"02/12/2018","S65E","NITRITE-N","mg/L",0.018
"03/12/2018","S65E","NITRITE-N","mg/L",0.007
"03/26/2018","S65E","NITRITE-N","mg/L",0.007
"04/23/2018","S65E","NITRITE-N","mg/L",0.011
"05/07/2018","S65E","NITRITE-N","mg/L",0.002
"05/21/2018","S65E","NITRITE-N","mg/L",0.013
"06/18/2018","S65E","NITRITE-N","mg/L",0.008
"07/02/2018","S65E","NITRITE-N","mg/L",0.014
"07/16/2018","S65E","NITRITE-N","mg/L",0.004
"07/30/2018","S65E","NITRITE-N","mg/L",0.002
"08/06/2018","S65E","NITRITE-N","mg/L",0.002
"08/20/2018","S65E","NITRITE-N","mg/L",0.004
"09/04/2018","S65E","NITRITE-N","mg/L",0.013
"09/17/2018","S65E","NITRITE-N","mg/L",0.011
"10/01/2018","S65E","NITRITE-N","mg/L",0.011
"10/04/2018","S65E","NITRITE-N","mg/L",0.002
"10/15/2018","S65E","NITRITE-N","mg/L",0.013
"10/29/2018","S65E","NITRITE-N","mg/L",0.018
"11/13/2018","S65E","NITRITE-N","mg/L",0.018
"11/26/2018","S65E","NITRITE-N","mg/L",0.004
"12/11/2018","S65E","NITRITE-N","mg/L",0.018
"12/26/2018","S65E","NITRITE-N","mg/L",0.012
"01/07/2019","S65E","NITRITE-N","mg/L",0.013
"01/22/2019","S65E","NITRITE-N","mg/L",0.01
"02/04/2019","S65E","NITRITE-N","mg/L",0.003
"02/18/2019","S65E","NITRITE-N","mg/L",0.005
"03/04/2019","S65E","NITRITE-N","mg/L",0.025
"03/06/2019","S65E","NITRITE-N","mg/L",0.009
"03/18/2019","S65E","NITRITE-N","mg/L",0.016
"04/08/2019","S65E","NITRITE-N","mg/L",0.008
"04/22/2019","S65E","NITRITE-N","mg/L",0.004
"05/06/2019","S65E","NITRITE-N","mg/L",-0.002
"05/20/2019","S65E","NITRITE-N","mg/L",-0.002
"06/03/2019","S65E","NITRITE-N","mg/L",0.002
"06/17/2019","S65E","NITRITE-N","mg/L",0.002
"06/20/2019","S65E","NITRITE-N","mg/L",0.003
"07/01/2019","S65E","NITRITE-N","mg/L",0.011
"07/15/2019","S65E","NITRITE-N","mg/L",0.09
"07/29/2019","S65E","NITRITE-N","mg/L",0.003
"08/12/2019","S65E","NITRITE-N","mg/L",0.008
"08/26/2019","S65E","NITRITE-N","mg/L",0.005
"09/09/2019","S65E","NITRITE-N","mg/L",0.006
"09/23/2019","S65E","NITRITE-N","mg/L",0.005
"10/08/2019","S65E","NITRITE-N","mg/L",0.04
"10/21/2019","S65E","NITRITE-N","mg/L",0.008
"11/04/2019","S65E","NITRITE-N","mg/L",0.019
"11/18/2019","S65E","NITRITE-N","mg/L",0.011
"12/02/2019","S65E","NITRITE-N","mg/L",0.012
"12/16/2019","S65E","NITRITE-N","mg/L",0.012
"01/07/2020","S65E","NITRITE-N","mg/L",0.014
"01/13/2020","S65E","NITRITE-N","mg/L",0.017
"01/27/2020","S65E","NITRITE-N","mg/L",0.006
"02/10/2020","S65E","NITRITE-N","mg/L",0.003
"02/24/2020","S65E","NITRITE-N","mg/L",0.009
"03/09/2020","S65E","NITRITE-N","mg/L",0.002
"03/23/2020","S65E","NITRITE-N","mg/L",0.002
"04/06/2020","S65E","NITRITE-N","mg/L",0.002
"04/20/2020","S65E","NITRITE-N","mg/L",0.002
"05/04/2020","S65E","NITRITE-N","mg/L",-0.002
"05/18/2020","S65E","NITRITE-N","mg/L",-0.002
"06/01/2020","S65E","NITRITE-N","mg/L",-0.002
"06/15/2020","S65E","NITRITE-N","mg/L",0.01
"06/29/2020","S65E","NITRITE-N","mg/L",0.009
"07/13/2020","S65E","NITRITE-N","mg/L",0.005
"07/27/2020","S65E","NITRITE-N","mg/L",0.005
"08/10/2020","S65E","NITRITE-N","mg/L",0.004
"08/24/2020","S65E","NITRITE-N","mg/L",0.004
"09/08/2020","S65E","NITRITE-N","mg/L",0.004
"09/21/2020","S65E","NITRITE-N","mg/L",0.005
"10/05/2020","S65E","NITRITE-N","mg/L",0.005
"10/19/2020","S65E","NITRITE-N","mg/L",0.006
"11/02/2020","S65E","NITRITE-N","mg/L",0.038
"11/16/2020","S65E","NITRITE-N","mg/L",0.021
"11/30/2020","S65E","NITRITE-N","mg/L",0.005
"12/14/2020","S65E","NITRITE-N","mg/L",0.003
"12/28/2020","S65E","NITRITE-N","mg/L",0.003
"01/11/2021","S65E","NITRITE-N","mg/L",0.004
"01/25/2021","S65E","NITRITE-N","mg/L",0.003
"02/08/2021","S65E","NITRITE-N","mg/L",0.002
"02/22/2021","S65E","NITRITE-N","mg/L",0.006
"03/08/2021","S65E","NITRITE-N","mg/L",0.004
"03/22/2021","S65E","NITRITE-N","mg/L",0.004
"04/05/2021","S65E","NITRITE-N","mg/L",0.004
"04/19/2021","S65E","NITRITE-N","mg/L",0.002
"05/03/2021","S65E","NITRITE-N","mg/L",0.003
"05/17/2021","S65E","NITRITE-N","mg/L",0.002
"06/01/2021","S65E","NITRITE-N","mg/L",-0.002
"06/14/2021","S65E","NITRITE-N","mg/L",-0.002
"06/28/2021","S65E","NITRITE-N","mg/L",0.002
"07/12/2021","S65E","NITRITE-N","mg/L",0.006
"07/26/2021","S65E","NITRITE-N","mg/L",0.003
"08/09/2021","S65E","NITRITE-N","mg/L",0.006
"08/23/2021","S65E","NITRITE-N","mg/L",0.005
"09/07/2021","S65E","NITRITE-N","mg/L",0.003
"09/20/2021","S65E","NITRITE-N","mg/L",0.005
"10/04/2021","S65E","NITRITE-N","mg/L",0.005
"10/18/2021","S65E","NITRITE-N","mg/L",0.005
"11/01/2021","S65E","NITRITE-N","mg/L",0.004
"11/15/2021","S65E","NITRITE-N","mg/L",0.004
"11/29/2021","S65E","NITRITE-N","mg/L",0.016
"12/13/2021","S65E","NITRITE-N","mg/L",0.017
"12/27/2021","S65E","NITRITE-N","mg/L",0.006
"01/10/2022","S65E","NITRITE-N","mg/L",0.017
"01/24/2022","S65E","NITRITE-N","mg/L",0.01
"02/07/2022","S65E","NITRITE-N","mg/L",-0.002
"02/21/2022","S65E","NITRITE-N","mg/L",-0.002
"03/07/2022","S65E","NITRITE-N","mg/L",0.004
"03/21/2022","S65E","NITRITE-N","mg/L",0.002
"04/04/2022","S65E","NITRITE-N","mg/L",-0.002
"04/18/2022","S65E","NITRITE-N","mg/L",0.002
"05/02/2022","S65E","NITRITE-N","mg/L",0.003
"05/16/2022","S65E","NITRITE-N","mg/L",0.002
"05/31/2022","S65E","NITRITE-N","mg/L",0.002
"06/13/2022","S65E","NITRITE-N","mg/L",0.002
"06/27/2022","S65E","NITRITE-N","mg/L",-0.002
"07/11/2022","S65E","NITRITE-N","mg/L",0.104
"07/25/2022","S65E","NITRITE-N","mg/L",0.071
"08/08/2022","S65E","NITRITE-N","mg/L",0.034
"08/22/2022","S65E","NITRITE-N","mg/L",0.006
"09/06/2022","S65E","NITRITE-N","mg/L",0.021
"09/19/2022","S65E","NITRITE-N","mg/L",0.028
"10/03/2022","S65E","NITRITE-N","mg/L",0.004
"10/17/2022","S65E","NITRITE-N","mg/L",0.009
"10/31/2022","S65E","NITRITE-N","mg/L",0.006
"11/14/2022","S65E","NITRITE-N","mg/L",0.007
"11/28/2022","S65E","NITRITE-N","mg/L",0.006
"12/12/2022","S65E","NITRITE-N","mg/L",0.007
"12/27/2022","S65E","NITRITE-N","mg/L",0.005
"01/09/2023","S65E","NITRITE-N","mg/L",0.005
"01/23/2023","S65E","NITRITE-N","mg/L",0.005
"02/06/2023","S65E","NITRITE-N","mg/L",0.006
"02/20/2023","S65E","NITRITE-N","mg/L",0.005
"03/06/2023","S65E","NITRITE-N","mg/L",0.007
"03/20/2023","S65E","NITRITE-N","mg/L",0.009
"04/03/2023","S65E","NITRITE-N","mg/L",0.003
"04/17/2023","S65E","NITRITE-N","mg/L",0.007
"05/01/2023","S65E","NITRITE-N","mg/L",0.003
"03/21/2001","S65E","NO BOTTLE SAMPLE","Units",0
"09/19/2001","S65E","NO BOTTLE SAMPLE","Units",0
"11/28/2001","S65E","NO BOTTLE SAMPLE","Units",0
"12/05/2001","S65E","NO BOTTLE SAMPLE","Units",0
"08/14/2002","S65E","NO BOTTLE SAMPLE","Units",0
"11/06/2002","S65E","NO BOTTLE SAMPLE","Units",0
"11/13/2002","S65E","NO BOTTLE SAMPLE","Units",0
"02/05/2003","S65E","NO BOTTLE SAMPLE","Units",0
"04/30/2003","S65E","NO BOTTLE SAMPLE","Units",0
"11/15/2004","S65E","NO BOTTLE SAMPLE","Units",0
"12/22/2004","S65E","NO BOTTLE SAMPLE","Units",0
"01/27/2005","S65E","NO BOTTLE SAMPLE","Units",0
"03/24/2005","S65E","NO BOTTLE SAMPLE","Units",0
"12/27/2006","S65E","NO BOTTLE SAMPLE","Units",0
"12/12/2007","S65E","NO BOTTLE SAMPLE","Units",0
"10/29/2008","S65E","NO BOTTLE SAMPLE","Units",0
"11/05/2008","S65E","NO BOTTLE SAMPLE","Units",0
"11/26/2008","S65E","NO BOTTLE SAMPLE","Units",0
"12/04/2008","S65E","NO BOTTLE SAMPLE","Units",0
"12/10/2008","S65E","NO BOTTLE SAMPLE","Units",0
"12/24/2008","S65E","NO BOTTLE SAMPLE","Units",0
"12/31/2008","S65E","NO BOTTLE SAMPLE","Units",0
"01/07/2009","S65E","NO BOTTLE SAMPLE","Units",0
"01/21/2009","S65E","NO BOTTLE SAMPLE","Units",0
"01/27/2009","S65E","NO BOTTLE SAMPLE","Units",0
"02/04/2009","S65E","NO BOTTLE SAMPLE","Units",0
"02/11/2009","S65E","NO BOTTLE SAMPLE","Units",0
"03/04/2009","S65E","NO BOTTLE SAMPLE","Units",0
"03/10/2009","S65E","NO BOTTLE SAMPLE","Units",0
"03/18/2009","S65E","NO BOTTLE SAMPLE","Units",0
"03/24/2009","S65E","NO BOTTLE SAMPLE","Units",0
"04/15/2009","S65E","NO BOTTLE SAMPLE","Units",0
"04/22/2009","S65E","NO BOTTLE SAMPLE","Units",0
"06/10/2009","S65E","NO BOTTLE SAMPLE","Units",0
"12/14/2010","S65E","NO BOTTLE SAMPLE","Units",0
"06/15/2011","S65E","NO BOTTLE SAMPLE","Units",0
"06/29/2011","S65E","NO BOTTLE SAMPLE","Units",0
"10/25/2011","S65E","NO BOTTLE SAMPLE","Units",0
"04/04/2012","S65E","NO BOTTLE SAMPLE","Units",0
"04/11/2012","S65E","NO BOTTLE SAMPLE","Units",0
"03/20/2013","S65E","NO BOTTLE SAMPLE","Units",0
"03/27/2013","S65E","NO BOTTLE SAMPLE","Units",0
"07/01/2014","S65E","NO BOTTLE SAMPLE","Units",0
"07/21/2016","S65E","NO BOTTLE SAMPLE","Units",0
"12/05/2016","S65E","NO BOTTLE SAMPLE","Units",0
"01/03/2017","S65E","NO BOTTLE SAMPLE","Units",0
"02/20/2017","S65E","NO BOTTLE SAMPLE","Units",0
"02/27/2017","S65E","NO BOTTLE SAMPLE","Units",0
"03/06/2017","S65E","NO BOTTLE SAMPLE","Units",0
"03/13/2017","S65E","NO BOTTLE SAMPLE","Units",0
"03/20/2017","S65E","NO BOTTLE SAMPLE","Units",0
"03/27/2017","S65E","NO BOTTLE SAMPLE","Units",0
"04/03/2017","S65E","NO BOTTLE SAMPLE","Units",0
"04/10/2017","S65E","NO BOTTLE SAMPLE","Units",0
"04/17/2017","S65E","NO BOTTLE SAMPLE","Units",0
"04/24/2017","S65E","NO BOTTLE SAMPLE","Units",0
"05/01/2017","S65E","NO BOTTLE SAMPLE","Units",0
"05/08/2017","S65E","NO BOTTLE SAMPLE","Units",0
"05/15/2017","S65E","NO BOTTLE SAMPLE","Units",0
"05/18/2017","S65E","NO BOTTLE SAMPLE","Units",0
"05/22/2017","S65E","NO BOTTLE SAMPLE","Units",0
"05/30/2017","S65E","NO BOTTLE SAMPLE","Units",0
"06/05/2017","S65E","NO BOTTLE SAMPLE","Units",0
"06/12/2017","S65E","NO BOTTLE SAMPLE","Units",0
"06/19/2017","S65E","NO BOTTLE SAMPLE","Units",0
"06/26/2017","S65E","NO BOTTLE SAMPLE","Units",0
"07/03/2017","S65E","NO BOTTLE SAMPLE","Units",0
"07/10/2017","S65E","NO BOTTLE SAMPLE","Units",0
"07/17/2017","S65E","NO BOTTLE SAMPLE","Units",0
"07/24/2017","S65E","NO BOTTLE SAMPLE","Units",0
"07/31/2017","S65E","NO BOTTLE SAMPLE","Units",0
"08/07/2017","S65E","NO BOTTLE SAMPLE","Units",0
"08/14/2017","S65E","NO BOTTLE SAMPLE","Units",0
"08/21/2017","S65E","NO BOTTLE SAMPLE","Units",0
"08/28/2017","S65E","NO BOTTLE SAMPLE","Units",0
"09/05/2017","S65E","NO BOTTLE SAMPLE","Units",0
"12/11/2017","S65E","NO BOTTLE SAMPLE","Units",0
"12/18/2017","S65E","NO BOTTLE SAMPLE","Units",0
"12/26/2017","S65E","NO BOTTLE SAMPLE","Units",0
"01/02/2018","S65E","NO BOTTLE SAMPLE","Units",0
"01/08/2018","S65E","NO BOTTLE SAMPLE","Units",0
"01/16/2018","S65E","NO BOTTLE SAMPLE","Units",0
"01/22/2018","S65E","NO BOTTLE SAMPLE","Units",0
"01/29/2018","S65E","NO BOTTLE SAMPLE","Units",0
"02/05/2018","S65E","NO BOTTLE SAMPLE","Units",0
"02/12/2018","S65E","NO BOTTLE SAMPLE","Units",0
"02/19/2018","S65E","NO BOTTLE SAMPLE","Units",0
"02/26/2018","S65E","NO BOTTLE SAMPLE","Units",0
"03/05/2018","S65E","NO BOTTLE SAMPLE","Units",0
"03/12/2018","S65E","NO BOTTLE SAMPLE","Units",0
"03/19/2018","S65E","NO BOTTLE SAMPLE","Units",0
"03/26/2018","S65E","NO BOTTLE SAMPLE","Units",0
"04/02/2018","S65E","NO BOTTLE SAMPLE","Units",0
"04/16/2018","S65E","NO BOTTLE SAMPLE","Units",0
"04/23/2018","S65E","NO BOTTLE SAMPLE","Units",0
"04/30/2018","S65E","NO BOTTLE SAMPLE","Units",0
"05/07/2018","S65E","NO BOTTLE SAMPLE","Units",0
"05/14/2018","S65E","NO BOTTLE SAMPLE","Units",0
"05/29/2018","S65E","NO BOTTLE SAMPLE","Units",0
"06/04/2018","S65E","NO BOTTLE SAMPLE","Units",0
"06/11/2018","S65E","NO BOTTLE SAMPLE","Units",0
"06/18/2018","S65E","NO BOTTLE SAMPLE","Units",0
"06/25/2018","S65E","NO BOTTLE SAMPLE","Units",0
"07/02/2018","S65E","NO BOTTLE SAMPLE","Units",0
"07/09/2018","S65E","NO BOTTLE SAMPLE","Units",0
"07/16/2018","S65E","NO BOTTLE SAMPLE","Units",0
"07/23/2018","S65E","NO BOTTLE SAMPLE","Units",0
"07/30/2018","S65E","NO BOTTLE SAMPLE","Units",0
"08/09/1988","S65E","ORP","mv",131
"08/17/1988","S65E","ORP","mv",186
"10/31/1988","S65E","ORP","mv",291
"01/17/1989","S65E","ORP","mv",127
"02/13/1989","S65E","ORP","mv",144
"02/22/1989","S65E","ORP","mv",126
"03/27/1989","S65E","ORP","mv",133
"05/08/1989","S65E","ORP","mv",159
"06/12/1989","S65E","ORP","mv",86
"07/18/1989","S65E","ORP","mv",19
"08/22/1989","S65E","ORP","mv",125
"08/29/1989","S65E","ORP","mv",145
"09/19/1989","S65E","ORP","mv",238
"09/27/1989","S65E","ORP","mv",228
"10/03/1989","S65E","ORP","mv",245
"12/26/1989","S65E","ORP","mv",151
"01/03/1990","S65E","ORP","mv",186
"01/16/1990","S65E","ORP","mv",331
"01/23/1990","S65E","ORP","mv",350
"02/06/1990","S65E","ORP","mv",108
"02/13/1990","S65E","ORP","mv",79
"02/20/1990","S65E","ORP","mv",75
"02/27/1990","S65E","ORP","mv",85
"03/16/1990","S65E","ORP","mv",172
"03/27/1990","S65E","ORP","mv",160
"04/03/1990","S65E","ORP","mv",264
"04/10/1990","S65E","ORP","mv",243
"04/17/1990","S65E","ORP","mv",258
"04/24/1990","S65E","ORP","mv",190
"04/30/1990","S65E","ORP","mv",280
"05/07/1990","S65E","ORP","mv",276
"05/14/1990","S65E","ORP","mv",296
"05/21/1990","S65E","ORP","mv",363
"05/29/1990","S65E","ORP","mv",250
"06/04/1990","S65E","ORP","mv",225
"06/12/1990","S65E","ORP","mv",357
"06/18/1990","S65E","ORP","mv",358
"06/25/1990","S65E","ORP","mv",265
"07/02/1990","S65E","ORP","mv",307
"07/09/1990","S65E","ORP","mv",306
"07/16/1990","S65E","ORP","mv",315
"07/23/1990","S65E","ORP","mv",314
"07/30/1990","S65E","ORP","mv",315
"08/06/1990","S65E","ORP","mv",300
"08/13/1990","S65E","ORP","mv",332
"08/20/1990","S65E","ORP","mv",336
"08/27/1990","S65E","ORP","mv",290
"09/04/1990","S65E","ORP","mv",214
"09/17/1990","S65E","ORP","mv",283
"09/24/1990","S65E","ORP","mv",291
"10/01/1990","S65E","ORP","mv",288
"10/16/1990","S65E","ORP","mv",111
"10/31/1990","S65E","ORP","mv",425
"11/06/1990","S65E","ORP","mv",377
"11/19/1990","S65E","ORP","mv",72
"12/03/1990","S65E","ORP","mv",366
"12/10/1990","S65E","ORP","mv",377
"12/18/1990","S65E","ORP","mv",162
"12/26/1990","S65E","ORP","mv",252
"12/31/1990","S65E","ORP","mv",99
"01/07/1991","S65E","ORP","mv",267
"01/14/1991","S65E","ORP","mv",267
"01/17/1991","S65E","ORP","mv",93
"01/22/1991","S65E","ORP","mv",85
"01/28/1991","S65E","ORP","mv",120
"02/04/1991","S65E","ORP","mv",302
"02/16/1991","S65E","ORP","mv",13
"02/19/1991","S65E","ORP","mv",83
"02/25/1991","S65E","ORP","mv",257
"03/04/1991","S65E","ORP","mv",331
"03/11/1991","S65E","ORP","mv",312
"03/18/1991","S65E","ORP","mv",390
"04/01/1991","S65E","ORP","mv",268
"04/08/1991","S65E","ORP","mv",330
"04/15/1991","S65E","ORP","mv",383
"04/22/1991","S65E","ORP","mv",345
"04/29/1991","S65E","ORP","mv",352
"05/06/1991","S65E","ORP","mv",298
"05/13/1991","S65E","ORP","mv",398
"05/20/1991","S65E","ORP","mv",302
"05/28/1991","S65E","ORP","mv",79
"06/10/1991","S65E","ORP","mv",64
"06/17/1991","S65E","ORP","mv",39
"07/15/1991","S65E","ORP","mv",54
"07/22/1991","S65E","ORP","mv",91
"08/05/1991","S65E","ORP","mv",34
"08/12/1991","S65E","ORP","mv",58
"08/19/1991","S65E","ORP","mv",58
"08/26/1991","S65E","ORP","mv",86
"09/03/1991","S65E","ORP","mv",112
"09/09/1991","S65E","ORP","mv",75
"09/17/1991","S65E","ORP","mv",143
"09/23/1991","S65E","ORP","mv",127
"09/30/1991","S65E","ORP","mv",138
"10/07/1991","S65E","ORP","mv",151
"10/14/1991","S65E","ORP","mv",122
"10/21/1991","S65E","ORP","mv",160
"10/28/1991","S65E","ORP","mv",165
"11/04/1991","S65E","ORP","mv",235
"11/18/1991","S65E","ORP","mv",201
"11/25/1991","S65E","ORP","mv",198
"12/02/1991","S65E","ORP","mv",190
"12/09/1991","S65E","ORP","mv",130
"12/16/1991","S65E","ORP","mv",182
"12/23/1991","S65E","ORP","mv",158
"12/30/1991","S65E","ORP","mv",171
"01/06/1992","S65E","ORP","mv",174
"01/13/1992","S65E","ORP","mv",176
"01/21/1992","S65E","ORP","mv",152
"01/27/1992","S65E","ORP","mv",110
"02/03/1992","S65E","ORP","mv",157
"02/10/1992","S65E","ORP","mv",160
"02/19/1992","S65E","ORP","mv",190
"02/24/1992","S65E","ORP","mv",166
"03/02/1992","S65E","ORP","mv",185
"03/09/1992","S65E","ORP","mv",222
"03/16/1992","S65E","ORP","mv",113
"03/23/1992","S65E","ORP","mv",173
"03/30/1992","S65E","ORP","mv",147
"04/06/1992","S65E","ORP","mv",178
"04/13/1992","S65E","ORP","mv",168
"04/20/1992","S65E","ORP","mv",153
"04/27/1992","S65E","ORP","mv",147
"05/04/1992","S65E","ORP","mv",155
"05/11/1992","S65E","ORP","mv",165
"05/18/1992","S65E","ORP","mv",170
"05/26/1992","S65E","ORP","mv",132
"06/01/1992","S65E","ORP","mv",136
"06/08/1992","S65E","ORP","mv",160
"06/15/1992","S65E","ORP","mv",168
"06/22/1992","S65E","ORP","mv",146
"06/29/1992","S65E","ORP","mv",200
"07/06/1992","S65E","ORP","mv",141
"07/13/1992","S65E","ORP","mv",142
"07/21/1992","S65E","ORP","mv",134
"07/27/1992","S65E","ORP","mv",89
"08/03/1992","S65E","ORP","mv",128
"08/11/1992","S65E","ORP","mv",111
"08/17/1992","S65E","ORP","mv",176
"08/25/1992","S65E","ORP","mv",151
"09/15/1992","S65E","ORP","mv",136
"09/21/1992","S65E","ORP","mv",134
"09/28/1992","S65E","ORP","mv",237
"10/06/1992","S65E","ORP","mv",114
"10/13/1992","S65E","ORP","mv",149
"10/20/1992","S65E","ORP","mv",123.5
"10/27/1992","S65E","ORP","mv",140
"11/03/1992","S65E","ORP","mv",462.5
"11/10/1992","S65E","ORP","mv",207
"11/18/1992","S65E","ORP","mv",91
"11/23/1992","S65E","ORP","mv",130
"12/03/1992","S65E","ORP","mv",120.5
"12/08/1992","S65E","ORP","mv",95
"12/15/1992","S65E","ORP","mv",175
"12/29/1992","S65E","ORP","mv",227
"01/06/1993","S65E","ORP","mv",188
"01/13/1993","S65E","ORP","mv",129
"01/21/1993","S65E","ORP","mv",148
"01/27/1993","S65E","ORP","mv",138
"02/03/1993","S65E","ORP","mv",187
"02/10/1993","S65E","ORP","mv",177
"02/18/1993","S65E","ORP","mv",189
"02/24/1993","S65E","ORP","mv",146
"03/03/1993","S65E","ORP","mv",187
"03/10/1993","S65E","ORP","mv",217
"03/17/1993","S65E","ORP","mv",227
"03/25/1993","S65E","ORP","mv",231
"03/30/1993","S65E","ORP","mv",474
"04/06/1993","S65E","ORP","mv",195.5
"04/20/1993","S65E","ORP","mv",190.5
"05/04/1993","S65E","ORP","mv",139
"05/18/1993","S65E","ORP","mv",106
"04/09/1973","S65E","PH, FIELD","None",8.4
"04/16/1973","S65E","PH, FIELD","None",7.31
"04/23/1973","S65E","PH, FIELD","None",7.33
"04/30/1973","S65E","PH, FIELD","None",7.27
"05/07/1973","S65E","PH, FIELD","None",7.33
"05/14/1973","S65E","PH, FIELD","None",7.35
"05/21/1973","S65E","PH, FIELD","None",7.08
"05/29/1973","S65E","PH, FIELD","None",7.07
"06/04/1973","S65E","PH, FIELD","None",7.15
"06/11/1973","S65E","PH, FIELD","None",7.01
"06/13/1973","S65E","PH, FIELD","None",6.65
"06/18/1973","S65E","PH, FIELD","None",7.07
"06/25/1973","S65E","PH, FIELD","None",6.88
"07/02/1973","S65E","PH, FIELD","None",6.8
"07/09/1973","S65E","PH, FIELD","None",6.81
"07/16/1973","S65E","PH, FIELD","None",5.89
"07/23/1973","S65E","PH, FIELD","None",6.72
"07/30/1973","S65E","PH, FIELD","None",6.42
"08/06/1973","S65E","PH, FIELD","None",6.62
"08/13/1973","S65E","PH, FIELD","None",6.76
"08/20/1973","S65E","PH, FIELD","None",7.03
"08/27/1973","S65E","PH, FIELD","None",6.87
"08/29/1973","S65E","PH, FIELD","None",6.2
"09/04/1973","S65E","PH, FIELD","None",7.13
"09/10/1973","S65E","PH, FIELD","None",6.9
"09/17/1973","S65E","PH, FIELD","None",6.85
"09/24/1973","S65E","PH, FIELD","None",6.98
"10/01/1973","S65E","PH, FIELD","None",8.4
"10/02/1973","S65E","PH, FIELD","None",6.2
"10/08/1973","S65E","PH, FIELD","None",8.4
"10/15/1973","S65E","PH, FIELD","None",8.4
"10/23/1973","S65E","PH, FIELD","None",8.4
"10/29/1973","S65E","PH, FIELD","None",8.4
"11/07/1973","S65E","PH, FIELD","None",6.6
"11/12/1973","S65E","PH, FIELD","None",7.6
"11/13/1973","S65E","PH, FIELD","None",7.8
"11/26/1973","S65E","PH, FIELD","None",8.4
"12/03/1973","S65E","PH, FIELD","None",6.7
"12/05/1973","S65E","PH, FIELD","None",6.8
"12/10/1973","S65E","PH, FIELD","None",8
"12/11/1973","S65E","PH, FIELD","None",7.8
"12/17/1973","S65E","PH, FIELD","None",7.5
"01/08/1974","S65E","PH, FIELD","None",7.25
"02/12/1974","S65E","PH, FIELD","None",7.35
"03/05/1974","S65E","PH, FIELD","None",7.3
"04/02/1974","S65E","PH, FIELD","None",6.8
"05/07/1974","S65E","PH, FIELD","None",6.575
"06/11/1974","S65E","PH, FIELD","None",6.95
"07/09/1974","S65E","PH, FIELD","None",6.2
"08/13/1974","S65E","PH, FIELD","None",6.1
"09/10/1974","S65E","PH, FIELD","None",6.15
"10/08/1974","S65E","PH, FIELD","None",6.525
"11/05/1974","S65E","PH, FIELD","None",6.575
"12/10/1974","S65E","PH, FIELD","None",7.2
"01/07/1975","S65E","PH, FIELD","None",6.725
"02/04/1975","S65E","PH, FIELD","None",7.45
"03/05/1975","S65E","PH, FIELD","None",7.625
"04/08/1975","S65E","PH, FIELD","None",7.65
"05/06/1975","S65E","PH, FIELD","None",7
"06/03/1975","S65E","PH, FIELD","None",6.8
"07/15/1975","S65E","PH, FIELD","None",6.075
"08/12/1975","S65E","PH, FIELD","None",6.325
"09/12/1975","S65E","PH, FIELD","None",6
"10/27/1975","S65E","PH, FIELD","None",6.7
"10/28/1975","S65E","PH, FIELD","None",6.2
"02/12/1976","S65E","PH, FIELD","None",7.225
"05/11/1976","S65E","PH, FIELD","None",7.025
"06/22/1976","S65E","PH, FIELD","None",6.8
"07/20/1976","S65E","PH, FIELD","None",6.6
"09/21/1976","S65E","PH, FIELD","None",5.875
"12/06/1976","S65E","PH, FIELD","None",6.9
"01/25/1977","S65E","PH, FIELD","None",6.8
"03/21/1977","S65E","PH, FIELD","None",6.55
"05/23/1977","S65E","PH, FIELD","None",7.25
"07/25/1977","S65E","PH, FIELD","None",7.45
"09/20/1977","S65E","PH, FIELD","None",6.65
"12/01/1977","S65E","PH, FIELD","None",6.6
"01/24/1978","S65E","PH, FIELD","None",6.6
"03/21/1978","S65E","PH, FIELD","None",6.4
"05/30/1978","S65E","PH, FIELD","None",6.775
"06/21/1978","S65E","PH, FIELD","None",5.975
"07/25/1978","S65E","PH, FIELD","None",5.7
"08/22/1978","S65E","PH, FIELD","None",5.875
"09/18/1978","S65E","PH, FIELD","None",5.95
"10/17/1978","S65E","PH, FIELD","None",5.475
"10/23/1978","S65E","PH, FIELD","None",6.4
"11/14/1978","S65E","PH, FIELD","None",6.39
"11/20/1978","S65E","PH, FIELD","None",6.4
"12/04/1978","S65E","PH, FIELD","None",6.7
"12/12/1978","S65E","PH, FIELD","None",6.55
"12/19/1978","S65E","PH, FIELD","None",6.6
"01/08/1979","S65E","PH, FIELD","None",6.9
"01/22/1979","S65E","PH, FIELD","None",6.35
"01/23/1979","S65E","PH, FIELD","None",6.35
"02/05/1979","S65E","PH, FIELD","None",6.8
"02/20/1979","S65E","PH, FIELD","None",6.85
"03/05/1979","S65E","PH, FIELD","None",6.89
"03/19/1979","S65E","PH, FIELD","None",6.5
"04/02/1979","S65E","PH, FIELD","None",6.8
"04/16/1979","S65E","PH, FIELD","None",7.9
"04/24/1979","S65E","PH, FIELD","None",6.65
"04/30/1979","S65E","PH, FIELD","None",7
"05/14/1979","S65E","PH, FIELD","None",6.8
"05/22/1979","S65E","PH, FIELD","None",6.35
"05/29/1979","S65E","PH, FIELD","None",6.6
"06/11/1979","S65E","PH, FIELD","None",6.6
"06/18/1979","S65E","PH, FIELD","None",6.4
"06/25/1979","S65E","PH, FIELD","None",6.4
"07/17/1979","S65E","PH, FIELD","None",6.335
"07/23/1979","S65E","PH, FIELD","None",6.5
"08/06/1979","S65E","PH, FIELD","None",6.51
"08/20/1979","S65E","PH, FIELD","None",6
"08/21/1979","S65E","PH, FIELD","None",6.46
"09/05/1979","S65E","PH, FIELD","None",6.45
"09/18/1979","S65E","PH, FIELD","None",5.81666666666667
"10/01/1979","S65E","PH, FIELD","None",6.3
"10/02/1979","S65E","PH, FIELD","None",6.52
"10/15/1979","S65E","PH, FIELD","None",6.23
"10/29/1979","S65E","PH, FIELD","None",6.48
"11/13/1979","S65E","PH, FIELD","None",6.6
"12/11/1979","S65E","PH, FIELD","None",6.77
"01/08/1980","S65E","PH, FIELD","None",6.97
"01/22/1980","S65E","PH, FIELD","None",6.88
"02/19/1980","S65E","PH, FIELD","None",7.01
"03/04/1980","S65E","PH, FIELD","None",7.4
"03/18/1980","S65E","PH, FIELD","None",7.51
"04/02/1980","S65E","PH, FIELD","None",6.94
"04/16/1980","S65E","PH, FIELD","None",7.36
"04/30/1980","S65E","PH, FIELD","None",6.88
"05/13/1980","S65E","PH, FIELD","None",6.73
"05/28/1980","S65E","PH, FIELD","None",7.14
"06/09/1980","S65E","PH, FIELD","None",8.38
"06/25/1980","S65E","PH, FIELD","None",7.32
"07/08/1980","S65E","PH, FIELD","None",8.65
"07/24/1980","S65E","PH, FIELD","None",7.09
"08/04/1980","S65E","PH, FIELD","None",6.88
"08/20/1980","S65E","PH, FIELD","None",6.87
"09/02/1980","S65E","PH, FIELD","None",6.79
"09/03/1980","S65E","PH, FIELD","None",6.53
"09/17/1980","S65E","PH, FIELD","None",6.34
"09/30/1980","S65E","PH, FIELD","None",6.61
"10/01/1980","S65E","PH, FIELD","None",6.54
"10/14/1980","S65E","PH, FIELD","None",6.64
"10/28/1980","S65E","PH, FIELD","None",6.96666666666667
"10/29/1980","S65E","PH, FIELD","None",6.58
"11/12/1980","S65E","PH, FIELD","None",6.55
"11/25/1980","S65E","PH, FIELD","None",6.62
"12/02/1980","S65E","PH, FIELD","None",6.81
"12/23/1980","S65E","PH, FIELD","None",7.23
"12/31/1980","S65E","PH, FIELD","None",7.2
"01/14/1981","S65E","PH, FIELD","None",7.37
"01/20/1981","S65E","PH, FIELD","None",7.29
"01/27/1981","S65E","PH, FIELD","None",7.47
"02/11/1981","S65E","PH, FIELD","None",7.14
"02/24/1981","S65E","PH, FIELD","None",7.12
"03/11/1981","S65E","PH, FIELD","None",7.08
"03/24/1981","S65E","PH, FIELD","None",7.43
"04/08/1981","S65E","PH, FIELD","None",7.23
"04/21/1981","S65E","PH, FIELD","None",8.73
"05/06/1981","S65E","PH, FIELD","None",7.16
"05/11/1981","S65E","PH, FIELD","None",7.85
"05/19/1981","S65E","PH, FIELD","None",7.26
"06/02/1981","S65E","PH, FIELD","None",7.41
"06/08/1981","S65E","PH, FIELD","None",7.72
"06/17/1981","S65E","PH, FIELD","None",8.01
"06/30/1981","S65E","PH, FIELD","None",7.06
"07/16/1981","S65E","PH, FIELD","None",8.94
"07/28/1981","S65E","PH, FIELD","None",7.56
"08/03/1981","S65E","PH, FIELD","None",8
"08/12/1981","S65E","PH, FIELD","None",7.93
"08/25/1981","S65E","PH, FIELD","None",8.47
"09/10/1981","S65E","PH, FIELD","None",6.86
"09/23/1981","S65E","PH, FIELD","None",6.19
"10/06/1981","S65E","PH, FIELD","None",6.19
"10/20/1981","S65E","PH, FIELD","None",6.44
"11/04/1981","S65E","PH, FIELD","None",6.55
"11/23/1981","S65E","PH, FIELD","None",7.44666666666667
"12/02/1981","S65E","PH, FIELD","None",6.87
"02/24/1982","S65E","PH, FIELD","None",7.21
"03/09/1982","S65E","PH, FIELD","None",6.9
"04/05/1982","S65E","PH, FIELD","None",6.76
"04/19/1982","S65E","PH, FIELD","None",6.68
"05/04/1982","S65E","PH, FIELD","None",6.5
"05/18/1982","S65E","PH, FIELD","None",6.97
"06/01/1982","S65E","PH, FIELD","None",6.8
"06/14/1982","S65E","PH, FIELD","None",7.28
"07/01/1982","S65E","PH, FIELD","None",6.68
"07/12/1982","S65E","PH, FIELD","None",6.4
"07/27/1982","S65E","PH, FIELD","None",6.67
"08/25/1982","S65E","PH, FIELD","None",6.39
"09/09/1982","S65E","PH, FIELD","None",6.03
"10/05/1982","S65E","PH, FIELD","None",6.12
"10/20/1982","S65E","PH, FIELD","None",6.37
"11/01/1982","S65E","PH, FIELD","None",6.51
"11/22/1982","S65E","PH, FIELD","None",6.36
"12/06/1982","S65E","PH, FIELD","None",6.56
"12/22/1982","S65E","PH, FIELD","None",7.11
"01/04/1983","S65E","PH, FIELD","None",6.99
"01/18/1983","S65E","PH, FIELD","None",7.06
"02/01/1983","S65E","PH, FIELD","None",7.15
"02/17/1983","S65E","PH, FIELD","None",6.49
"03/02/1983","S65E","PH, FIELD","None",6.71
"03/15/1983","S65E","PH, FIELD","None",7.31
"03/29/1983","S65E","PH, FIELD","None",7.34
"04/15/1983","S65E","PH, FIELD","None",6.42
"04/26/1983","S65E","PH, FIELD","None",6.86
"05/12/1983","S65E","PH, FIELD","None",6.67
"05/24/1983","S65E","PH, FIELD","None",6.9
"06/07/1983","S65E","PH, FIELD","None",6.57
"06/21/1983","S65E","PH, FIELD","None",6.28
"07/06/1983","S65E","PH, FIELD","None",6.36
"07/19/1983","S65E","PH, FIELD","None",7.18
"08/02/1983","S65E","PH, FIELD","None",6.32
"08/30/1983","S65E","PH, FIELD","None",7.51
"09/12/1983","S65E","PH, FIELD","None",6.22
"09/27/1983","S65E","PH, FIELD","None",6.57
"10/10/1983","S65E","PH, FIELD","None",6.3
"10/25/1983","S65E","PH, FIELD","None",6.78
"11/21/1983","S65E","PH, FIELD","None",6.5
"12/20/1983","S65E","PH, FIELD","None",6.58
"01/04/1984","S65E","PH, FIELD","None",7.28
"01/17/1984","S65E","PH, FIELD","None",7.2
"01/31/1984","S65E","PH, FIELD","None",7.17
"02/14/1984","S65E","PH, FIELD","None",7.08
"02/29/1984","S65E","PH, FIELD","None",7.29
"03/13/1984","S65E","PH, FIELD","None",6.67
"03/27/1984","S65E","PH, FIELD","None",6.59
"04/09/1984","S65E","PH, FIELD","None",6.84
"04/25/1984","S65E","PH, FIELD","None",6.76
"06/04/1984","S65E","PH, FIELD","None",6.82
"06/19/1984","S65E","PH, FIELD","None",6.39
"07/31/1984","S65E","PH, FIELD","None",6.02
"08/13/1984","S65E","PH, FIELD","None",6.52
"08/27/1984","S65E","PH, FIELD","None",5.96
"09/10/1984","S65E","PH, FIELD","None",6.41
"09/25/1984","S65E","PH, FIELD","None",6.3
"10/09/1984","S65E","PH, FIELD","None",6.78
"10/23/1984","S65E","PH, FIELD","None",6.6
"11/06/1984","S65E","PH, FIELD","None",6.83
"11/14/1984","S65E","PH, FIELD","None",7.42
"12/04/1984","S65E","PH, FIELD","None",7.2
"12/18/1984","S65E","PH, FIELD","None",6.87
"01/15/1985","S65E","PH, FIELD","None",7
"02/26/1985","S65E","PH, FIELD","None",7.6
"03/26/1985","S65E","PH, FIELD","None",7.4
"04/23/1985","S65E","PH, FIELD","None",7.2
"05/06/1985","S65E","PH, FIELD","None",7.3
"05/20/1985","S65E","PH, FIELD","None",7.2
"06/19/1985","S65E","PH, FIELD","None",7.52
"07/02/1985","S65E","PH, FIELD","None",8.29
"07/30/1985","S65E","PH, FIELD","None",6.5
"08/27/1985","S65E","PH, FIELD","None",6.7
"09/09/1985","S65E","PH, FIELD","None",6.36
"09/24/1985","S65E","PH, FIELD","None",6.33
"10/08/1985","S65E","PH, FIELD","None",6.5
"10/22/1985","S65E","PH, FIELD","None",6.5
"11/05/1985","S65E","PH, FIELD","None",7
"12/03/1985","S65E","PH, FIELD","None",6.68
"12/12/1985","S65E","PH, FIELD","None",7.1
"01/14/1986","S65E","PH, FIELD","None",6.9
"01/16/1986","S65E","PH, FIELD","None",7.44
"01/28/1986","S65E","PH, FIELD","None",7.7
"02/12/1986","S65E","PH, FIELD","None",6.7
"02/18/1986","S65E","PH, FIELD","None",7.16
"02/25/1986","S65E","PH, FIELD","None",6.4
"03/25/1986","S65E","PH, FIELD","None",6.3
"04/08/1986","S65E","PH, FIELD","None",6.3
"04/15/1986","S65E","PH, FIELD","None",6.87
"04/22/1986","S65E","PH, FIELD","None",7.98
"05/06/1986","S65E","PH, FIELD","None",7.8
"05/20/1986","S65E","PH, FIELD","None",7.3
"06/04/1986","S65E","PH, FIELD","None",7.3
"06/19/1986","S65E","PH, FIELD","None",6.76
"07/01/1986","S65E","PH, FIELD","None",6.6
"07/15/1986","S65E","PH, FIELD","None",6.77
"07/29/1986","S65E","PH, FIELD","None",6
"08/14/1986","S65E","PH, FIELD","None",6.9
"08/26/1986","S65E","PH, FIELD","None",6.5
"09/09/1986","S65E","PH, FIELD","None",7.1
"09/23/1986","S65E","PH, FIELD","None",6.2
"10/07/1986","S65E","PH, FIELD","None",6.4
"10/09/1986","S65E","PH, FIELD","None",6.78
"10/21/1986","S65E","PH, FIELD","None",6.7
"11/04/1986","S65E","PH, FIELD","None",6.6
"11/06/1986","S65E","PH, FIELD","None",6.76
"11/18/1986","S65E","PH, FIELD","None",7.1
"12/03/1986","S65E","PH, FIELD","None",6.8
"12/04/1986","S65E","PH, FIELD","None",6.6
"12/18/1986","S65E","PH, FIELD","None",7.2
"01/07/1987","S65E","PH, FIELD","None",6.8
"01/08/1987","S65E","PH, FIELD","None",6.96
"01/15/1987","S65E","PH, FIELD","None",6.9
"01/22/1987","S65E","PH, FIELD","None",7.4
"01/29/1987","S65E","PH, FIELD","None",6.98
"02/03/1987","S65E","PH, FIELD","None",7.3
"02/05/1987","S65E","PH, FIELD","None",7.39
"02/12/1987","S65E","PH, FIELD","None",6.9
"02/18/1987","S65E","PH, FIELD","None",7.2
"02/19/1987","S65E","PH, FIELD","None",7.83
"02/26/1987","S65E","PH, FIELD","None",7.35
"03/03/1987","S65E","PH, FIELD","None",7.2
"03/05/1987","S65E","PH, FIELD","None",7.06
"03/12/1987","S65E","PH, FIELD","None",6.93
"03/17/1987","S65E","PH, FIELD","None",7.5
"03/19/1987","S65E","PH, FIELD","None",7.58
"03/26/1987","S65E","PH, FIELD","None",7.79
"03/31/1987","S65E","PH, FIELD","None",7.4
"04/14/1987","S65E","PH, FIELD","None",6.9
"04/22/1987","S65E","PH, FIELD","None",7.41
"04/28/1987","S65E","PH, FIELD","None",7.1
"05/11/1987","S65E","PH, FIELD","None",6.4
"05/13/1987","S65E","PH, FIELD","None",6.4
"05/26/1987","S65E","PH, FIELD","None",6.37
"06/01/1987","S65E","PH, FIELD","None",6.4
"06/24/1987","S65E","PH, FIELD","None",7.2
"07/01/1987","S65E","PH, FIELD","None",7.1
"07/08/1987","S65E","PH, FIELD","None",7.5
"07/21/1987","S65E","PH, FIELD","None",7
"07/30/1987","S65E","PH, FIELD","None",7.64
"08/04/1987","S65E","PH, FIELD","None",7.2
"08/18/1987","S65E","PH, FIELD","None",7.4
"08/28/1987","S65E","PH, FIELD","None",7.08
"09/09/1987","S65E","PH, FIELD","None",7.65
"09/24/1987","S65E","PH, FIELD","None",6.72
"09/29/1987","S65E","PH, FIELD","None",6.4
"10/07/1987","S65E","PH, FIELD","None",6.8
"10/13/1987","S65E","PH, FIELD","None",6.8
"10/28/1987","S65E","PH, FIELD","None",6
"11/10/1987","S65E","PH, FIELD","None",6
"11/24/1987","S65E","PH, FIELD","None",6.5
"12/08/1987","S65E","PH, FIELD","None",6.2
"12/17/1987","S65E","PH, FIELD","None",6.89
"12/22/1987","S65E","PH, FIELD","None",7.2
"01/05/1988","S65E","PH, FIELD","None",6.6
"01/19/1988","S65E","PH, FIELD","None",7.4
"01/21/1988","S65E","PH, FIELD","None",7.61
"02/02/1988","S65E","PH, FIELD","None",7
"02/04/1988","S65E","PH, FIELD","None",6.12
"02/16/1988","S65E","PH, FIELD","None",7.4
"03/01/1988","S65E","PH, FIELD","None",7.2
"03/07/1988","S65E","PH, FIELD","None",6.56
"03/14/1988","S65E","PH, FIELD","None",6.955
"03/21/1988","S65E","PH, FIELD","None",6.91
"03/28/1988","S65E","PH, FIELD","None",6.57
"03/29/1988","S65E","PH, FIELD","None",6.8
"04/04/1988","S65E","PH, FIELD","None",7.14
"04/11/1988","S65E","PH, FIELD","None",7.03
"04/12/1988","S65E","PH, FIELD","None",6.5
"04/18/1988","S65E","PH, FIELD","None",6.46
"04/25/1988","S65E","PH, FIELD","None",7.125
"04/26/1988","S65E","PH, FIELD","None",7.1
"05/02/1988","S65E","PH, FIELD","None",6.95
"05/09/1988","S65E","PH, FIELD","None",6.9
"05/10/1988","S65E","PH, FIELD","None",6.8
"05/23/1988","S65E","PH, FIELD","None",7.5
"05/24/1988","S65E","PH, FIELD","None",7
"06/07/1988","S65E","PH, FIELD","None",6.7
"06/20/1988","S65E","PH, FIELD","None",6.8
"07/05/1988","S65E","PH, FIELD","None",7.9
"07/12/1988","S65E","PH, FIELD","None",7.51
"07/18/1988","S65E","PH, FIELD","None",7.1
"07/19/1988","S65E","PH, FIELD","None",7.625
"07/25/1988","S65E","PH, FIELD","None",6.83
"08/02/1988","S65E","PH, FIELD","None",6.6
"08/03/1988","S65E","PH, FIELD","None",6.64
"08/09/1988","S65E","PH, FIELD","None",8.05
"08/15/1988","S65E","PH, FIELD","None",6.5
"08/16/1988","S65E","PH, FIELD","None",6.5
"08/17/1988","S65E","PH, FIELD","None",6.37
"08/29/1988","S65E","PH, FIELD","None",6.4
"09/12/1988","S65E","PH, FIELD","None",6.5
"09/13/1988","S65E","PH, FIELD","None",6.6
"09/26/1988","S65E","PH, FIELD","None",6.2
"09/27/1988","S65E","PH, FIELD","None",6.8
"10/03/1988","S65E","PH, FIELD","None",6.68
"10/10/1988","S65E","PH, FIELD","None",6.35
"10/11/1988","S65E","PH, FIELD","None",7
"10/17/1988","S65E","PH, FIELD","None",6.67
"10/25/1988","S65E","PH, FIELD","None",7
"10/31/1988","S65E","PH, FIELD","None",6.25
"11/07/1988","S65E","PH, FIELD","None",6.6
"11/21/1988","S65E","PH, FIELD","None",6.3
"11/22/1988","S65E","PH, FIELD","None",6.3
"12/05/1988","S65E","PH, FIELD","None",6.7
"12/19/1988","S65E","PH, FIELD","None",7.1
"01/03/1989","S65E","PH, FIELD","None",7.2
"01/17/1989","S65E","PH, FIELD","None",7.1
"01/30/1989","S65E","PH, FIELD","None",6.89
"01/31/1989","S65E","PH, FIELD","None",6.6
"02/13/1989","S65E","PH, FIELD","None",6.935
"02/14/1989","S65E","PH, FIELD","None",6.8
"02/22/1989","S65E","PH, FIELD","None",7.27
"02/27/1989","S65E","PH, FIELD","None",7.3
"03/13/1989","S65E","PH, FIELD","None",7.2
"03/15/1989","S65E","PH, FIELD","None",7.4
"03/27/1989","S65E","PH, FIELD","None",6.82
"03/28/1989","S65E","PH, FIELD","None",7
"04/10/1989","S65E","PH, FIELD","None",6.8
"04/11/1989","S65E","PH, FIELD","None",7.4
"04/24/1989","S65E","PH, FIELD","None",6.7
"05/08/1989","S65E","PH, FIELD","None",6.955
"05/10/1989","S65E","PH, FIELD","None",7.1
"05/22/1989","S65E","PH, FIELD","None",6.9
"05/24/1989","S65E","PH, FIELD","None",7.4
"06/05/1989","S65E","PH, FIELD","None",6.9
"06/12/1989","S65E","PH, FIELD","None",7.16
"06/19/1989","S65E","PH, FIELD","None",7
"06/21/1989","S65E","PH, FIELD","None",7.2
"07/03/1989","S65E","PH, FIELD","None",7.4
"07/17/1989","S65E","PH, FIELD","None",6.9
"07/18/1989","S65E","PH, FIELD","None",7.57
"07/19/1989","S65E","PH, FIELD","None",7.5
"07/31/1989","S65E","PH, FIELD","None",7
"08/02/1989","S65E","PH, FIELD","None",6.7
"08/14/1989","S65E","PH, FIELD","None",7.1
"08/15/1989","S65E","PH, FIELD","None",7.2
"08/22/1989","S65E","PH, FIELD","None",7
"08/28/1989","S65E","PH, FIELD","None",6.5
"08/29/1989","S65E","PH, FIELD","None",6.545
"09/12/1989","S65E","PH, FIELD","None",6.6
"09/13/1989","S65E","PH, FIELD","None",6.4
"09/19/1989","S65E","PH, FIELD","None",6.44
"09/25/1989","S65E","PH, FIELD","None",7
"09/27/1989","S65E","PH, FIELD","None",6.655
"10/03/1989","S65E","PH, FIELD","None",6.2
"10/09/1989","S65E","PH, FIELD","None",6.6
"10/11/1989","S65E","PH, FIELD","None",6.5
"10/23/1989","S65E","PH, FIELD","None",6.5
"10/24/1989","S65E","PH, FIELD","None",6.3
"11/06/1989","S65E","PH, FIELD","None",6.8
"11/08/1989","S65E","PH, FIELD","None",6.5
"11/20/1989","S65E","PH, FIELD","None",6.7
"12/04/1989","S65E","PH, FIELD","None",6.3
"12/18/1989","S65E","PH, FIELD","None",7.05
"12/26/1989","S65E","PH, FIELD","None",6.65
"01/02/1990","S65E","PH, FIELD","None",7.3
"01/03/1990","S65E","PH, FIELD","None",6.78
"01/09/1990","S65E","PH, FIELD","None",7.2
"01/16/1990","S65E","PH, FIELD","None",6.05
"01/23/1990","S65E","PH, FIELD","None",5.74
"01/30/1990","S65E","PH, FIELD","None",7.5
"02/06/1990","S65E","PH, FIELD","None",7.34
"02/13/1990","S65E","PH, FIELD","None",6.81
"02/20/1990","S65E","PH, FIELD","None",7.5
"02/27/1990","S65E","PH, FIELD","None",6.92
"02/28/1990","S65E","PH, FIELD","None",7
"03/16/1990","S65E","PH, FIELD","None",6.86
"03/26/1990","S65E","PH, FIELD","None",6.7
"03/27/1990","S65E","PH, FIELD","None",6.5
"04/03/1990","S65E","PH, FIELD","None",6.87
"04/10/1990","S65E","PH, FIELD","None",7.06
"04/11/1990","S65E","PH, FIELD","None",6.4
"04/17/1990","S65E","PH, FIELD","None",6.86
"04/23/1990","S65E","PH, FIELD","None",6.4
"04/24/1990","S65E","PH, FIELD","None",7.34
"04/30/1990","S65E","PH, FIELD","None",6.7
"05/07/1990","S65E","PH, FIELD","None",6.605
"05/14/1990","S65E","PH, FIELD","None",6.6
"05/21/1990","S65E","PH, FIELD","None",6.22
"05/29/1990","S65E","PH, FIELD","None",7.65
"06/04/1990","S65E","PH, FIELD","None",6.82
"06/05/1990","S65E","PH, FIELD","None",7.3
"06/12/1990","S65E","PH, FIELD","None",6.06
"06/18/1990","S65E","PH, FIELD","None",6.41
"06/25/1990","S65E","PH, FIELD","None",7.53
"07/02/1990","S65E","PH, FIELD","None",6.745
"07/03/1990","S65E","PH, FIELD","None",6.7
"07/09/1990","S65E","PH, FIELD","None",7.17
"07/16/1990","S65E","PH, FIELD","None",6.615
"07/23/1990","S65E","PH, FIELD","None",7.18
"07/30/1990","S65E","PH, FIELD","None",6.25
"08/06/1990","S65E","PH, FIELD","None",7.28
"08/13/1990","S65E","PH, FIELD","None",7.45
"08/20/1990","S65E","PH, FIELD","None",8.33
"08/27/1990","S65E","PH, FIELD","None",6.95
"09/04/1990","S65E","PH, FIELD","None",5.85
"09/10/1990","S65E","PH, FIELD","None",5.8
"09/17/1990","S65E","PH, FIELD","None",7.11
"09/24/1990","S65E","PH, FIELD","None",6.51
"10/01/1990","S65E","PH, FIELD","None",5.9
"10/08/1990","S65E","PH, FIELD","None",6
"10/09/1990","S65E","PH, FIELD","None",7.27
"10/16/1990","S65E","PH, FIELD","None",7.92
"10/22/1990","S65E","PH, FIELD","None",5.8
"10/31/1990","S65E","PH, FIELD","None",5.13
"11/05/1990","S65E","PH, FIELD","None",6.1
"11/06/1990","S65E","PH, FIELD","None",6.98
"11/19/1990","S65E","PH, FIELD","None",7.14
"11/20/1990","S65E","PH, FIELD","None",6.9
"12/03/1990","S65E","PH, FIELD","None",6.365
"12/10/1990","S65E","PH, FIELD","None",5.8
"12/17/1990","S65E","PH, FIELD","None",6.4
"12/18/1990","S65E","PH, FIELD","None",6.3
"12/26/1990","S65E","PH, FIELD","None",7.15
"12/31/1990","S65E","PH, FIELD","None",7.165
"01/07/1991","S65E","PH, FIELD","None",7.81
"01/14/1991","S65E","PH, FIELD","None",7.285
"01/17/1991","S65E","PH, FIELD","None",7.79
"01/22/1991","S65E","PH, FIELD","None",7.21
"01/28/1991","S65E","PH, FIELD","None",7.06
"02/04/1991","S65E","PH, FIELD","None",7.49
"02/11/1991","S65E","PH, FIELD","None",7
"02/19/1991","S65E","PH, FIELD","None",7.3
"02/25/1991","S65E","PH, FIELD","None",6.775
"02/26/1991","S65E","PH, FIELD","None",6.7
"03/04/1991","S65E","PH, FIELD","None",7.27
"03/11/1991","S65E","PH, FIELD","None",7.065
"03/18/1991","S65E","PH, FIELD","None",6.52
"03/25/1991","S65E","PH, FIELD","None",6.53
"04/01/1991","S65E","PH, FIELD","None",7.77
"04/08/1991","S65E","PH, FIELD","None",7.03
"04/15/1991","S65E","PH, FIELD","None",6.61
"04/22/1991","S65E","PH, FIELD","None",6.92
"04/29/1991","S65E","PH, FIELD","None",6.76
"05/06/1991","S65E","PH, FIELD","None",6.615
"05/13/1991","S65E","PH, FIELD","None",6.63
"05/20/1991","S65E","PH, FIELD","None",7.28
"05/28/1991","S65E","PH, FIELD","None",6.92
"06/03/1991","S65E","PH, FIELD","None",6.7
"06/10/1991","S65E","PH, FIELD","None",6.87
"06/17/1991","S65E","PH, FIELD","None",6.81
"06/18/1991","S65E","PH, FIELD","None",6.78
"07/15/1991","S65E","PH, FIELD","None",6.63
"07/22/1991","S65E","PH, FIELD","None",6.33
"08/05/1991","S65E","PH, FIELD","None",6.75
"08/12/1991","S65E","PH, FIELD","None",6.36
"08/19/1991","S65E","PH, FIELD","None",6.36
"08/26/1991","S65E","PH, FIELD","None",6.28
"08/28/1991","S65E","PH, FIELD","None",5.2
"09/03/1991","S65E","PH, FIELD","None",6.35
"09/09/1991","S65E","PH, FIELD","None",6.375
"09/17/1991","S65E","PH, FIELD","None",6.32
"09/23/1991","S65E","PH, FIELD","None",6.595
"09/30/1991","S65E","PH, FIELD","None",6.18
"10/07/1991","S65E","PH, FIELD","None",6.61
"10/14/1991","S65E","PH, FIELD","None",6.75
"10/21/1991","S65E","PH, FIELD","None",5.43
"10/28/1991","S65E","PH, FIELD","None",6.18
"11/04/1991","S65E","PH, FIELD","None",5.795
"11/18/1991","S65E","PH, FIELD","None",6.18
"11/20/1991","S65E","PH, FIELD","None",6
"11/25/1991","S65E","PH, FIELD","None",6.91
"12/02/1991","S65E","PH, FIELD","None",6.26
"12/09/1991","S65E","PH, FIELD","None",7.62
"12/16/1991","S65E","PH, FIELD","None",7.35
"12/23/1991","S65E","PH, FIELD","None",6.81
"12/30/1991","S65E","PH, FIELD","None",6.725
"01/06/1992","S65E","PH, FIELD","None",6.37
"01/13/1992","S65E","PH, FIELD","None",6.29
"01/21/1992","S65E","PH, FIELD","None",6.88
"01/27/1992","S65E","PH, FIELD","None",6.655
"02/03/1992","S65E","PH, FIELD","None",6.85
"02/10/1992","S65E","PH, FIELD","None",6.96
"02/11/1992","S65E","PH, FIELD","None",6.62
"02/19/1992","S65E","PH, FIELD","None",7.08
"02/24/1992","S65E","PH, FIELD","None",7.17
"02/27/1992","S65E","PH, FIELD","None",6.81
"03/02/1992","S65E","PH, FIELD","None",6.7
"03/09/1992","S65E","PH, FIELD","None",6.49
"03/11/1992","S65E","PH, FIELD","None",6.83
"03/16/1992","S65E","PH, FIELD","None",6.79
"03/23/1992","S65E","PH, FIELD","None",6.53
"03/26/1992","S65E","PH, FIELD","None",5.8
"03/30/1992","S65E","PH, FIELD","None",6.77
"04/06/1992","S65E","PH, FIELD","None",6.87
"04/07/1992","S65E","PH, FIELD","None",5.5
"04/13/1992","S65E","PH, FIELD","None",6.7
"04/20/1992","S65E","PH, FIELD","None",6.81
"04/21/1992","S65E","PH, FIELD","None",5.8
"04/27/1992","S65E","PH, FIELD","None",6.81
"05/04/1992","S65E","PH, FIELD","None",6.58
"05/05/1992","S65E","PH, FIELD","None",6.6
"05/11/1992","S65E","PH, FIELD","None",6.94
"05/18/1992","S65E","PH, FIELD","None",6.86
"05/19/1992","S65E","PH, FIELD","None",5.8
"05/26/1992","S65E","PH, FIELD","None",7.16
"06/01/1992","S65E","PH, FIELD","None",7.16
"06/02/1992","S65E","PH, FIELD","None",6.5
"06/08/1992","S65E","PH, FIELD","None",7.25
"06/15/1992","S65E","PH, FIELD","None",7.97
"06/16/1992","S65E","PH, FIELD","None",6
"06/22/1992","S65E","PH, FIELD","None",7.82
"06/29/1992","S65E","PH, FIELD","None",7.18
"06/30/1992","S65E","PH, FIELD","None",5.7
"07/06/1992","S65E","PH, FIELD","None",7.05
"07/08/1992","S65E","PH, FIELD","None",6
"07/13/1992","S65E","PH, FIELD","None",6.8
"07/14/1992","S65E","PH, FIELD","None",5
"07/21/1992","S65E","PH, FIELD","None",6.31
"07/27/1992","S65E","PH, FIELD","None",7.19
"08/03/1992","S65E","PH, FIELD","None",6.61
"08/11/1992","S65E","PH, FIELD","None",6.82
"08/17/1992","S65E","PH, FIELD","None",6.5
"08/25/1992","S65E","PH, FIELD","None",6.76
"08/26/1992","S65E","PH, FIELD","None",6.3
"09/10/1992","S65E","PH, FIELD","None",7
"09/15/1992","S65E","PH, FIELD","None",7.09
"09/21/1992","S65E","PH, FIELD","None",7.63
"09/22/1992","S65E","PH, FIELD","None",6.8
"09/28/1992","S65E","PH, FIELD","None",6.92
"10/06/1992","S65E","PH, FIELD","None",7.24
"10/13/1992","S65E","PH, FIELD","None",7.08
"10/20/1992","S65E","PH, FIELD","None",7.22
"10/27/1992","S65E","PH, FIELD","None",7.39
"11/03/1992","S65E","PH, FIELD","None",5.85666666666667
"11/10/1992","S65E","PH, FIELD","None",7.22
"11/17/1992","S65E","PH, FIELD","None",6.86
"11/18/1992","S65E","PH, FIELD","None",7.095
"11/23/1992","S65E","PH, FIELD","None",7.34
"12/02/1992","S65E","PH, FIELD","None",9.3
"12/03/1992","S65E","PH, FIELD","None",7.48
"12/08/1992","S65E","PH, FIELD","None",7.38
"12/15/1992","S65E","PH, FIELD","None",7.235
"12/29/1992","S65E","PH, FIELD","None",7.85
"01/06/1993","S65E","PH, FIELD","None",7.8
"01/11/1993","S65E","PH, FIELD","None",6.63
"01/13/1993","S65E","PH, FIELD","None",7.55
"01/21/1993","S65E","PH, FIELD","None",7.68
"01/27/1993","S65E","PH, FIELD","None",7.185
"02/03/1993","S65E","PH, FIELD","None",7.48
"02/08/1993","S65E","PH, FIELD","None",6.7
"02/10/1993","S65E","PH, FIELD","None",7.53
"02/18/1993","S65E","PH, FIELD","None",7.565
"02/23/1993","S65E","PH, FIELD","None",7.21
"02/24/1993","S65E","PH, FIELD","None",7.66
"03/03/1993","S65E","PH, FIELD","None",7.56
"03/08/1993","S65E","PH, FIELD","None",7.6825
"03/10/1993","S65E","PH, FIELD","None",8.03
"03/17/1993","S65E","PH, FIELD","None",7.31
"03/23/1993","S65E","PH, FIELD","None",6.31
"03/25/1993","S65E","PH, FIELD","None",6.94
"03/30/1993","S65E","PH, FIELD","None",6.61
"04/06/1993","S65E","PH, FIELD","None",7.25
"04/20/1993","S65E","PH, FIELD","None",7.305
"05/04/1993","S65E","PH, FIELD","None",7.4725
"05/18/1993","S65E","PH, FIELD","None",7.04
"05/20/1993","S65E","PH, FIELD","None",7.22
"06/01/1993","S65E","PH, FIELD","None",7.05
"06/02/1993","S65E","PH, FIELD","None",7.79
"06/15/1993","S65E","PH, FIELD","None",6.53
"06/26/1993","S65E","PH, FIELD","None",6.57
"06/29/1993","S65E","PH, FIELD","None",6.92
"07/13/1993","S65E","PH, FIELD","None",6.32
"07/27/1993","S65E","PH, FIELD","None",7
"08/10/1993","S65E","PH, FIELD","None",7.515
"08/17/1993","S65E","PH, FIELD","None",7.52
"08/24/1993","S65E","PH, FIELD","None",9.07
"09/07/1993","S65E","PH, FIELD","None",6.62
"09/21/1993","S65E","PH, FIELD","None",7.14
"10/05/1993","S65E","PH, FIELD","None",7.24
"10/19/1993","S65E","PH, FIELD","None",6.86
"11/02/1993","S65E","PH, FIELD","None",6.67
"11/16/1993","S65E","PH, FIELD","None",6.945
"12/01/1993","S65E","PH, FIELD","None",7.21
"12/14/1993","S65E","PH, FIELD","None",7.3375
"12/28/1993","S65E","PH, FIELD","None",6.78
"01/11/1994","S65E","PH, FIELD","None",6.99
"01/19/1994","S65E","PH, FIELD","None",7.4
"01/25/1994","S65E","PH, FIELD","None",7.18
"02/08/1994","S65E","PH, FIELD","None",7.14
"02/15/1994","S65E","PH, FIELD","None",7.56
"02/22/1994","S65E","PH, FIELD","None",7.14
"03/08/1994","S65E","PH, FIELD","None",6.93
"03/15/1994","S65E","PH, FIELD","None",7.08
"03/22/1994","S65E","PH, FIELD","None",7.78
"04/05/1994","S65E","PH, FIELD","None",7.58
"04/12/1994","S65E","PH, FIELD","None",6.17
"04/19/1994","S65E","PH, FIELD","None",7.3
"05/03/1994","S65E","PH, FIELD","None",7.32
"05/17/1994","S65E","PH, FIELD","None",6.8475
"05/31/1994","S65E","PH, FIELD","None",7.24
"06/14/1994","S65E","PH, FIELD","None",6.605
"06/28/1994","S65E","PH, FIELD","None",6.99
"07/12/1994","S65E","PH, FIELD","None",6.49
"07/19/1994","S65E","PH, FIELD","None",6.89
"07/26/1994","S65E","PH, FIELD","None",6.74
"08/03/1994","S65E","PH, FIELD","None",7.06
"08/09/1994","S65E","PH, FIELD","None",6.76
"08/23/1994","S65E","PH, FIELD","None",6.74
"09/06/1994","S65E","PH, FIELD","None",6.91
"10/04/1994","S65E","PH, FIELD","None",6.42
"10/18/1994","S65E","PH, FIELD","None",7.13
"11/01/1994","S65E","PH, FIELD","None",7.34
"11/15/1994","S65E","PH, FIELD","None",6.81
"11/29/1994","S65E","PH, FIELD","None",7.96
"12/13/1994","S65E","PH, FIELD","None",7.26
"12/27/1994","S65E","PH, FIELD","None",5.97
"01/10/1995","S65E","PH, FIELD","None",6.69
"01/24/1995","S65E","PH, FIELD","None",7.39
"02/21/1995","S65E","PH, FIELD","None",6.73
"03/07/1995","S65E","PH, FIELD","None",7.66
"03/21/1995","S65E","PH, FIELD","None",6.76
"04/04/1995","S65E","PH, FIELD","None",7
"04/18/1995","S65E","PH, FIELD","None",6.63333333333333
"05/02/1995","S65E","PH, FIELD","None",6.98
"05/16/1995","S65E","PH, FIELD","None",7.11
"05/30/1995","S65E","PH, FIELD","None",6.87
"06/13/1995","S65E","PH, FIELD","None",7.19
"06/27/1995","S65E","PH, FIELD","None",7.88
"07/11/1995","S65E","PH, FIELD","None",7.38
"07/25/1995","S65E","PH, FIELD","None",6.72
"08/08/1995","S65E","PH, FIELD","None",6.42
"08/22/1995","S65E","PH, FIELD","None",6.62
"09/05/1995","S65E","PH, FIELD","None",6.68
"09/19/1995","S65E","PH, FIELD","None",7.04
"10/03/1995","S65E","PH, FIELD","None",6.78
"10/17/1995","S65E","PH, FIELD","None",7.1
"10/31/1995","S65E","PH, FIELD","None",6.65
"11/14/1995","S65E","PH, FIELD","None",6.47
"11/28/1995","S65E","PH, FIELD","None",7.53
"12/12/1995","S65E","PH, FIELD","None",7.39
"12/26/1995","S65E","PH, FIELD","None",7.7
"01/09/1996","S65E","PH, FIELD","None",7.36
"01/23/1996","S65E","PH, FIELD","None",7.13
"02/06/1996","S65E","PH, FIELD","None",7.43
"02/20/1996","S65E","PH, FIELD","None",8.01
"03/05/1996","S65E","PH, FIELD","None",6.83
"03/19/1996","S65E","PH, FIELD","None",7.34
"04/02/1996","S65E","PH, FIELD","None",7
"04/16/1996","S65E","PH, FIELD","None",6.86
"04/30/1996","S65E","PH, FIELD","None",6.84
"05/14/1996","S65E","PH, FIELD","None",6.56
"05/20/1996","S65E","PH, FIELD","None",7.11
"05/28/1996","S65E","PH, FIELD","None",7.22
"06/11/1996","S65E","PH, FIELD","None",7.02
"06/25/1996","S65E","PH, FIELD","None",7.51
"07/09/1996","S65E","PH, FIELD","None",7.65
"07/23/1996","S65E","PH, FIELD","None",6.67
"08/06/1996","S65E","PH, FIELD","None",7.1
"08/20/1996","S65E","PH, FIELD","None",6.7
"09/03/1996","S65E","PH, FIELD","None",6.47
"09/17/1996","S65E","PH, FIELD","None",6.5
"10/01/1996","S65E","PH, FIELD","None",6.54
"10/15/1996","S65E","PH, FIELD","None",6.92
"10/29/1996","S65E","PH, FIELD","None",7.04
"11/04/1996","S65E","PH, FIELD","None",7.04
"11/12/1996","S65E","PH, FIELD","None",6.95
"11/26/1996","S65E","PH, FIELD","None",6.89
"12/10/1996","S65E","PH, FIELD","None",7.07
"12/26/1996","S65E","PH, FIELD","None",7.05
"01/07/1997","S65E","PH, FIELD","None",7.09
"01/21/1997","S65E","PH, FIELD","None",6.96
"02/05/1997","S65E","PH, FIELD","None",6.8
"02/18/1997","S65E","PH, FIELD","None",7.24
"02/24/1997","S65E","PH, FIELD","None",7.27
"03/04/1997","S65E","PH, FIELD","None",7.4
"03/18/1997","S65E","PH, FIELD","None",7.46
"04/01/1997","S65E","PH, FIELD","None",7.01
"04/15/1997","S65E","PH, FIELD","None",7.14
"04/29/1997","S65E","PH, FIELD","None",7.02
"05/13/1997","S65E","PH, FIELD","None",7
"05/19/1997","S65E","PH, FIELD","None",6.77
"05/27/1997","S65E","PH, FIELD","None",7.06
"06/10/1997","S65E","PH, FIELD","None",7.14
"06/24/1997","S65E","PH, FIELD","None",6.48
"07/08/1997","S65E","PH, FIELD","None",6.85
"07/22/1997","S65E","PH, FIELD","None",7.25
"08/05/1997","S65E","PH, FIELD","None",6.39
"08/19/1997","S65E","PH, FIELD","None",6.49
"08/28/1997","S65E","PH, FIELD","None",6.46
"09/02/1997","S65E","PH, FIELD","None",6.36
"09/16/1997","S65E","PH, FIELD","None",6.54
"09/30/1997","S65E","PH, FIELD","None",6.48
"10/14/1997","S65E","PH, FIELD","None",6.34
"10/28/1997","S65E","PH, FIELD","None",6.73
"11/12/1997","S65E","PH, FIELD","None",6.74
"11/17/1997","S65E","PH, FIELD","None",6.57
"11/25/1997","S65E","PH, FIELD","None",7.18
"12/09/1997","S65E","PH, FIELD","None",6.87
"12/23/1997","S65E","PH, FIELD","None",7.52
"01/06/1998","S65E","PH, FIELD","None",7.01
"01/20/1998","S65E","PH, FIELD","None",6.63
"02/03/1998","S65E","PH, FIELD","None",6.86
"02/17/1998","S65E","PH, FIELD","None",6.73
"02/18/1998","S65E","PH, FIELD","None",5.91
"03/03/1998","S65E","PH, FIELD","None",6.9
"03/17/1998","S65E","PH, FIELD","None",7.36
"03/31/1998","S65E","PH, FIELD","None",6.97
"04/14/1998","S65E","PH, FIELD","None",7.38
"04/28/1998","S65E","PH, FIELD","None",7.16
"05/12/1998","S65E","PH, FIELD","None",7.37
"05/18/1998","S65E","PH, FIELD","None",7.23
"05/26/1998","S65E","PH, FIELD","None",6.9
"06/09/1998","S65E","PH, FIELD","None",6.29
"06/23/1998","S65E","PH, FIELD","None",6.58
"07/07/1998","S65E","PH, FIELD","None",7.06
"07/21/1998","S65E","PH, FIELD","None",6.71
"08/04/1998","S65E","PH, FIELD","None",6.85
"08/18/1998","S65E","PH, FIELD","None",7
"08/24/1998","S65E","PH, FIELD","None",6.45
"09/15/1998","S65E","PH, FIELD","None",7.19
"09/29/1998","S65E","PH, FIELD","None",6.55
"10/13/1998","S65E","PH, FIELD","None",5.34
"10/27/1998","S65E","PH, FIELD","None",6.67
"11/24/1998","S65E","PH, FIELD","None",6.72
"12/08/1998","S65E","PH, FIELD","None",6.43
"12/22/1998","S65E","PH, FIELD","None",7.82
"01/05/1999","S65E","PH, FIELD","None",7.57
"01/19/1999","S65E","PH, FIELD","None",6.67
"01/25/1999","S65E","PH, FIELD","None",6.93
"02/02/1999","S65E","PH, FIELD","None",6.97
"02/16/1999","S65E","PH, FIELD","None",6.78
"03/16/1999","S65E","PH, FIELD","None",7.86
"03/30/1999","S65E","PH, FIELD","None",7.66
"04/13/1999","S65E","PH, FIELD","None",8.7
"04/19/1999","S65E","PH, FIELD","None",7.78
"04/27/1999","S65E","PH, FIELD","None",7.76
"05/11/1999","S65E","PH, FIELD","None",7.74
"05/25/1999","S65E","PH, FIELD","None",7.37
"06/08/1999","S65E","PH, FIELD","None",6.94
"06/22/1999","S65E","PH, FIELD","None",8.13
"07/06/1999","S65E","PH, FIELD","None",6.42
"07/20/1999","S65E","PH, FIELD","None",6.3
"07/26/1999","S65E","PH, FIELD","None",6.61
"08/03/1999","S65E","PH, FIELD","None",6.84
"08/17/1999","S65E","PH, FIELD","None",7.04
"08/31/1999","S65E","PH, FIELD","None",6.56
"09/16/1999","S65E","PH, FIELD","None",6.77
"09/28/1999","S65E","PH, FIELD","None",7.05
"10/12/1999","S65E","PH, FIELD","None",6.44
"10/18/1999","S65E","PH, FIELD","None",7.22
"11/09/1999","S65E","PH, FIELD","None",7.01
"11/23/1999","S65E","PH, FIELD","None",7.3
"12/07/1999","S65E","PH, FIELD","None",7.62
"12/21/1999","S65E","PH, FIELD","None",6.92
"01/04/2000","S65E","PH, FIELD","None",7.27
"01/18/2000","S65E","PH, FIELD","None",7.11
"01/24/2000","S65E","PH, FIELD","None",7.12
"02/01/2000","S65E","PH, FIELD","None",7.38
"02/15/2000","S65E","PH, FIELD","None",7.46
"02/29/2000","S65E","PH, FIELD","None",7.12
"03/14/2000","S65E","PH, FIELD","None",6.93
"03/28/2000","S65E","PH, FIELD","None",7.08
"04/11/2000","S65E","PH, FIELD","None",6.55
"04/17/2000","S65E","PH, FIELD","None",7.35
"04/24/2000","S65E","PH, FIELD","None",7.15
"05/09/2000","S65E","PH, FIELD","None",7.21
"05/23/2000","S65E","PH, FIELD","None",8.02
"06/06/2000","S65E","PH, FIELD","None",7.54
"06/20/2000","S65E","PH, FIELD","None",7.59
"07/24/2000","S65E","PH, FIELD","None",7.16
"07/25/2000","S65E","PH, FIELD","None",7.16
"08/01/2000","S65E","PH, FIELD","None",7.4
"08/15/2000","S65E","PH, FIELD","None",7.66
"08/29/2000","S65E","PH, FIELD","None",6.99
"09/12/2000","S65E","PH, FIELD","None",7.06
"10/10/2000","S65E","PH, FIELD","None",6.7
"10/16/2000","S65E","PH, FIELD","None",6.89
"10/24/2000","S65E","PH, FIELD","None",6.81
"11/21/2000","S65E","PH, FIELD","None",7.48
"12/19/2000","S65E","PH, FIELD","None",7.55
"01/16/2001","S65E","PH, FIELD","None",7.74
"01/22/2001","S65E","PH, FIELD","None",7.32
"01/30/2001","S65E","PH, FIELD","None",7.7
"02/13/2001","S65E","PH, FIELD","None",6.99
"03/13/2001","S65E","PH, FIELD","None",7.18
"03/27/2001","S65E","PH, FIELD","None",7.18
"04/10/2001","S65E","PH, FIELD","None",9.06
"04/16/2001","S65E","PH, FIELD","None",8.55
"04/24/2001","S65E","PH, FIELD","None",7.44
"05/08/2001","S65E","PH, FIELD","None",7.72
"05/22/2001","S65E","PH, FIELD","None",7.8
"06/05/2001","S65E","PH, FIELD","None",7.04
"06/19/2001","S65E","PH, FIELD","None",7.44
"07/03/2001","S65E","PH, FIELD","None",7.1
"07/16/2001","S65E","PH, FIELD","None",6.93
"07/17/2001","S65E","PH, FIELD","None",7.32
"07/31/2001","S65E","PH, FIELD","None",6.44
"08/14/2001","S65E","PH, FIELD","None",6.56
"09/11/2001","S65E","PH, FIELD","None",6.44
"09/25/2001","S65E","PH, FIELD","None",6.37
"10/08/2001","S65E","PH, FIELD","None",6.43
"10/09/2001","S65E","PH, FIELD","None",7.03
"11/06/2001","S65E","PH, FIELD","None",7.17
"11/20/2001","S65E","PH, FIELD","None",7.52
"12/04/2001","S65E","PH, FIELD","None",6.51
"12/18/2001","S65E","PH, FIELD","None",6.81
"01/02/2002","S65E","PH, FIELD","None",7.26
"01/15/2002","S65E","PH, FIELD","None",7.71
"01/29/2002","S65E","PH, FIELD","None",6.95
"02/12/2002","S65E","PH, FIELD","None",7.64
"02/26/2002","S65E","PH, FIELD","None",6.97
"03/12/2002","S65E","PH, FIELD","None",7.59
"03/18/2002","S65E","PH, FIELD","None",6.91
"03/26/2002","S65E","PH, FIELD","None",6.8
"04/09/2002","S65E","PH, FIELD","None",6.98
"05/07/2002","S65E","PH, FIELD","None",6.92
"05/21/2002","S65E","PH, FIELD","None",6.99
"06/04/2002","S65E","PH, FIELD","None",7.36
"06/18/2002","S65E","PH, FIELD","None",7.02
"06/24/2002","S65E","PH, FIELD","None",6.93
"07/02/2002","S65E","PH, FIELD","None",6.04
"07/16/2002","S65E","PH, FIELD","None",6.01
"07/30/2002","S65E","PH, FIELD","None",6.34
"08/27/2002","S65E","PH, FIELD","None",6.8
"09/10/2002","S65E","PH, FIELD","None",6.3
"09/16/2002","S65E","PH, FIELD","None",6.91
"09/24/2002","S65E","PH, FIELD","None",6.19
"10/08/2002","S65E","PH, FIELD","None",6.62
"10/22/2002","S65E","PH, FIELD","None",6.28
"11/05/2002","S65E","PH, FIELD","None",6.16
"11/19/2002","S65E","PH, FIELD","None",6.24
"12/03/2002","S65E","PH, FIELD","None",6.7
"12/17/2002","S65E","PH, FIELD","None",6.47666666666667
"12/30/2002","S65E","PH, FIELD","None",6.67
"12/31/2002","S65E","PH, FIELD","None",6.58
"01/14/2003","S65E","PH, FIELD","None",6.61
"01/28/2003","S65E","PH, FIELD","None",6.46
"02/11/2003","S65E","PH, FIELD","None",6.62
"02/25/2003","S65E","PH, FIELD","None",8.23
"03/11/2003","S65E","PH, FIELD","None",6.61
"03/24/2003","S65E","PH, FIELD","None",6.81
"03/25/2003","S65E","PH, FIELD","None",7.02
"04/08/2003","S65E","PH, FIELD","None",6.65
"04/22/2003","S65E","PH, FIELD","None",6.56
"05/06/2003","S65E","PH, FIELD","None",6.54
"05/20/2003","S65E","PH, FIELD","None",6.5
"06/03/2003","S65E","PH, FIELD","None",6.72
"06/16/2003","S65E","PH, FIELD","None",6.85
"06/17/2003","S65E","PH, FIELD","None",6.72
"07/01/2003","S65E","PH, FIELD","None",7.01
"07/15/2003","S65E","PH, FIELD","None",6.73
"07/29/2003","S65E","PH, FIELD","None",7.79
"08/12/2003","S65E","PH, FIELD","None",6.31
"08/26/2003","S65E","PH, FIELD","None",6.26
"09/09/2003","S65E","PH, FIELD","None",6.46
"09/15/2003","S65E","PH, FIELD","None",6.13
"09/23/2003","S65E","PH, FIELD","None",6.38
"10/07/2003","S65E","PH, FIELD","None",6.42
"10/21/2003","S65E","PH, FIELD","None",6.45
"11/04/2003","S65E","PH, FIELD","None",6.58
"11/18/2003","S65E","PH, FIELD","None",6.85
"12/02/2003","S65E","PH, FIELD","None",6.98
"12/15/2003","S65E","PH, FIELD","None",7.87
"12/16/2003","S65E","PH, FIELD","None",6.89
"12/30/2003","S65E","PH, FIELD","None",7.24
"01/13/2004","S65E","PH, FIELD","None",7.33
"01/27/2004","S65E","PH, FIELD","None",7.85
"02/10/2004","S65E","PH, FIELD","None",6.93
"02/24/2004","S65E","PH, FIELD","None",7.15
"03/09/2004","S65E","PH, FIELD","None",7.01
"03/15/2004","S65E","PH, FIELD","None",7.49
"03/23/2004","S65E","PH, FIELD","None",6.48
"04/06/2004","S65E","PH, FIELD","None",7.05
"04/20/2004","S65E","PH, FIELD","None",6.85
"05/04/2004","S65E","PH, FIELD","None",7.22
"05/17/2004","S65E","PH, FIELD","None",7.11
"05/18/2004","S65E","PH, FIELD","None",6.76
"06/08/2004","S65E","PH, FIELD","None",6.96
"06/22/2004","S65E","PH, FIELD","None",7
"07/06/2004","S65E","PH, FIELD","None",6.97
"07/20/2004","S65E","PH, FIELD","None",6.81
"08/03/2004","S65E","PH, FIELD","None",6.8
"08/17/2004","S65E","PH, FIELD","None",6.89
"08/23/2004","S65E","PH, FIELD","None",6.9
"08/31/2004","S65E","PH, FIELD","None",6.91
"09/14/2004","S65E","PH, FIELD","None",6.27
"09/29/2004","S65E","PH, FIELD","None",6.64
"10/12/2004","S65E","PH, FIELD","None",6.32
"10/26/2004","S65E","PH, FIELD","None",6.17
"11/09/2004","S65E","PH, FIELD","None",6.73
"11/22/2004","S65E","PH, FIELD","None",6.13
"12/07/2004","S65E","PH, FIELD","None",6.73
"12/21/2004","S65E","PH, FIELD","None",6.82
"01/04/2005","S65E","PH, FIELD","None",6.63
"01/18/2005","S65E","PH, FIELD","None",6.68
"02/01/2005","S65E","PH, FIELD","None",7.22
"02/14/2005","S65E","PH, FIELD","None",6.95
"02/15/2005","S65E","PH, FIELD","None",7.25
"03/01/2005","S65E","PH, FIELD","None",7.18
"03/15/2005","S65E","PH, FIELD","None",7.01
"03/29/2005","S65E","PH, FIELD","None",6.86
"04/12/2005","S65E","PH, FIELD","None",6.56
"04/26/2005","S65E","PH, FIELD","None",6.89
"05/10/2005","S65E","PH, FIELD","None",6.41
"05/16/2005","S65E","PH, FIELD","None",6.44
"05/24/2005","S65E","PH, FIELD","None",6.43
"06/07/2005","S65E","PH, FIELD","None",6.3
"07/05/2005","S65E","PH, FIELD","None",6.44
"07/19/2005","S65E","PH, FIELD","None",6.23
"08/02/2005","S65E","PH, FIELD","None",6.27
"08/16/2005","S65E","PH, FIELD","None",7.35
"08/22/2005","S65E","PH, FIELD","None",6.61
"08/30/2005","S65E","PH, FIELD","None",6.34
"09/12/2005","S65E","PH, FIELD","None",6.35
"09/26/2005","S65E","PH, FIELD","None",7.54
"10/11/2005","S65E","PH, FIELD","None",6.9
"11/08/2005","S65E","PH, FIELD","None",6.6
"11/14/2005","S65E","PH, FIELD","None",6.69
"11/16/2005","S65E","PH, FIELD","None",7.96
"12/06/2005","S65E","PH, FIELD","None",6.97
"12/20/2005","S65E","PH, FIELD","None",6.75
"01/03/2006","S65E","PH, FIELD","None",6.8
"01/17/2006","S65E","PH, FIELD","None",7.01
"01/30/2006","S65E","PH, FIELD","None",6.48
"02/13/2006","S65E","PH, FIELD","None",6.86
"02/21/2006","S65E","PH, FIELD","None",7.55
"02/28/2006","S65E","PH, FIELD","None",6.6
"03/13/2006","S65E","PH, FIELD","None",7.42
"03/28/2006","S65E","PH, FIELD","None",7.42
"04/11/2006","S65E","PH, FIELD","None",7.31
"04/24/2006","S65E","PH, FIELD","None",7.39
"05/08/2006","S65E","PH, FIELD","None",7.32
"05/22/2006","S65E","PH, FIELD","None",7.04
"05/23/2006","S65E","PH, FIELD","None",7.51
"06/06/2006","S65E","PH, FIELD","None",7.29666666666667
"06/19/2006","S65E","PH, FIELD","None",7.085
"07/18/2006","S65E","PH, FIELD","None",7.24
"07/31/2006","S65E","PH, FIELD","None",7.135
"08/14/2006","S65E","PH, FIELD","None",7.1
"08/21/2006","S65E","PH, FIELD","None",6.93
"08/31/2006","S65E","PH, FIELD","None",7.5
"09/11/2006","S65E","PH, FIELD","None",6.15
"09/25/2006","S65E","PH, FIELD","None",6.4
"10/10/2006","S65E","PH, FIELD","None",6.5
"10/24/2006","S65E","PH, FIELD","None",6.2
"11/07/2006","S65E","PH, FIELD","None",7.15
"11/21/2006","S65E","PH, FIELD","None",7.4
"11/27/2006","S65E","PH, FIELD","None",7.1
"12/05/2006","S65E","PH, FIELD","None",8.2
"12/19/2006","S65E","PH, FIELD","None",6.66666666666667
"01/02/2007","S65E","PH, FIELD","None",7.25
"01/16/2007","S65E","PH, FIELD","None",7
"01/30/2007","S65E","PH, FIELD","None",8
"02/13/2007","S65E","PH, FIELD","None",7.1
"02/26/2007","S65E","PH, FIELD","None",7.1
"02/27/2007","S65E","PH, FIELD","None",7.3
"03/13/2007","S65E","PH, FIELD","None",7.23333333333333
"03/27/2007","S65E","PH, FIELD","None",7.3
"04/10/2007","S65E","PH, FIELD","None",7.2
"04/24/2007","S65E","PH, FIELD","None",7.9
"05/08/2007","S65E","PH, FIELD","None",7.9
"05/21/2007","S65E","PH, FIELD","None",7.5
"05/22/2007","S65E","PH, FIELD","None",7.7
"06/05/2007","S65E","PH, FIELD","None",7.6
"06/19/2007","S65E","PH, FIELD","None",7.3
"07/02/2007","S65E","PH, FIELD","None",8
"07/17/2007","S65E","PH, FIELD","None",7
"08/06/2007","S65E","PH, FIELD","None",7.2
"08/20/2007","S65E","PH, FIELD","None",6.86666666666667
"08/21/2007","S65E","PH, FIELD","None",7
"09/04/2007","S65E","PH, FIELD","None",6.9
"09/17/2007","S65E","PH, FIELD","None",6.6
"10/01/2007","S65E","PH, FIELD","None",7
"10/15/2007","S65E","PH, FIELD","None",6.6
"10/29/2007","S65E","PH, FIELD","None",6
"11/05/2007","S65E","PH, FIELD","None",6.8
"11/20/2007","S65E","PH, FIELD","None",6.8
"11/26/2007","S65E","PH, FIELD","None",7
"12/03/2007","S65E","PH, FIELD","None",6.86666666666667
"12/18/2007","S65E","PH, FIELD","None",7.8
"01/17/2008","S65E","PH, FIELD","None",7.3
"01/29/2008","S65E","PH, FIELD","None",8.1
"02/04/2008","S65E","PH, FIELD","None",7.2
"02/19/2008","S65E","PH, FIELD","None",7.2
"02/20/2008","S65E","PH, FIELD","None",7.3
"03/03/2008","S65E","PH, FIELD","None",7.4
"03/17/2008","S65E","PH, FIELD","None",7.4
"04/07/2008","S65E","PH, FIELD","None",7.3
"04/21/2008","S65E","PH, FIELD","None",6.8
"05/06/2008","S65E","PH, FIELD","None",7.6
"05/19/2008","S65E","PH, FIELD","None",7.6
"05/28/2008","S65E","PH, FIELD","None",7.8
"06/03/2008","S65E","PH, FIELD","None",7.56666666666667
"06/17/2008","S65E","PH, FIELD","None",7.8
"07/01/2008","S65E","PH, FIELD","None",8
"07/16/2008","S65E","PH, FIELD","None",7.4
"08/06/2008","S65E","PH, FIELD","None",6.4
"08/26/2008","S65E","PH, FIELD","None",5.8
"08/28/2008","S65E","PH, FIELD","None",6
"09/08/2008","S65E","PH, FIELD","None",7.36666666666667
"09/22/2008","S65E","PH, FIELD","None",5.5
"10/06/2008","S65E","PH, FIELD","None",6.9
"10/20/2008","S65E","PH, FIELD","None",6.3
"11/13/2008","S65E","PH, FIELD","None",7.5
"11/19/2008","S65E","PH, FIELD","None",7.7
"11/24/2008","S65E","PH, FIELD","None",7.8
"12/10/2008","S65E","PH, FIELD","None",7.3
"12/23/2008","S65E","PH, FIELD","None",6.3
"01/14/2009","S65E","PH, FIELD","None",7.2
"01/27/2009","S65E","PH, FIELD","None",7.8
"02/02/2009","S65E","PH, FIELD","None",8
"02/18/2009","S65E","PH, FIELD","None",7.3
"03/03/2009","S65E","PH, FIELD","None",7.8
"03/17/2009","S65E","PH, FIELD","None",7.7
"03/31/2009","S65E","PH, FIELD","None",7.3
"04/14/2009","S65E","PH, FIELD","None",7.8
"04/29/2009","S65E","PH, FIELD","None",7.7
"05/13/2009","S65E","PH, FIELD","None",7.5
"05/20/2009","S65E","PH, FIELD","None",7.5
"05/27/2009","S65E","PH, FIELD","None",7.4
"06/02/2009","S65E","PH, FIELD","None",6.8
"06/16/2009","S65E","PH, FIELD","None",7
"07/07/2009","S65E","PH, FIELD","None",6.8
"07/20/2009","S65E","PH, FIELD","None",7.9
"08/04/2009","S65E","PH, FIELD","None",7.1
"08/18/2009","S65E","PH, FIELD","None",6.4
"08/26/2009","S65E","PH, FIELD","None",6.5
"09/08/2009","S65E","PH, FIELD","None",6.3
"09/22/2009","S65E","PH, FIELD","None",6.96666666666667
"10/07/2009","S65E","PH, FIELD","None",6.8
"10/21/2009","S65E","PH, FIELD","None",7
"11/09/2009","S65E","PH, FIELD","None",8
"11/18/2009","S65E","PH, FIELD","None",7.4
"11/30/2009","S65E","PH, FIELD","None",8.5
"12/16/2009","S65E","PH, FIELD","None",7.1
"12/28/2009","S65E","PH, FIELD","None",7.2
"01/11/2010","S65E","PH, FIELD","None",6.6
"01/25/2010","S65E","PH, FIELD","None",7.2
"02/08/2010","S65E","PH, FIELD","None",7.1
"02/17/2010","S65E","PH, FIELD","None",7.9
"02/24/2010","S65E","PH, FIELD","None",7
"03/15/2010","S65E","PH, FIELD","None",7.33333333333333
"03/29/2010","S65E","PH, FIELD","None",7.6
"04/12/2010","S65E","PH, FIELD","None",6.9
"04/26/2010","S65E","PH, FIELD","None",7.8
"05/10/2010","S65E","PH, FIELD","None",6.6
"05/24/2010","S65E","PH, FIELD","None",6.7
"05/26/2010","S65E","PH, FIELD","None",6.8
"06/07/2010","S65E","PH, FIELD","None",6.66666666666667
"06/21/2010","S65E","PH, FIELD","None",7.1
"07/08/2010","S65E","PH, FIELD","None",7
"07/19/2010","S65E","PH, FIELD","None",6.5
"08/02/2010","S65E","PH, FIELD","None",7.4
"08/16/2010","S65E","PH, FIELD","None",7.1
"08/18/2010","S65E","PH, FIELD","None",6.8
"09/14/2010","S65E","PH, FIELD","None",6.86666666666667
"09/27/2010","S65E","PH, FIELD","None",6.7
"10/11/2010","S65E","PH, FIELD","None",6.8
"10/26/2010","S65E","PH, FIELD","None",6.9
"11/09/2010","S65E","PH, FIELD","None",6.8
"11/17/2010","S65E","PH, FIELD","None",7
"11/29/2010","S65E","PH, FIELD","None",7
"12/09/2010","S65E","PH, FIELD","None",6.5
"12/22/2010","S65E","PH, FIELD","None",8
"01/10/2011","S65E","PH, FIELD","None",7.4
"01/24/2011","S65E","PH, FIELD","None",7.2
"02/07/2011","S65E","PH, FIELD","None",7.1
"02/17/2011","S65E","PH, FIELD","None",7.4
"02/23/2011","S65E","PH, FIELD","None",8.2
"03/09/2011","S65E","PH, FIELD","None",7.06666666666667
"03/23/2011","S65E","PH, FIELD","None",7.2
"04/13/2011","S65E","PH, FIELD","None",7.4
"04/27/2011","S65E","PH, FIELD","None",7.2
"05/11/2011","S65E","PH, FIELD","None",7.5
"05/18/2011","S65E","PH, FIELD","None",7.8
"05/25/2011","S65E","PH, FIELD","None",7.6
"06/08/2011","S65E","PH, FIELD","None",7.4
"06/20/2011","S65E","PH, FIELD","None",7.9
"07/06/2011","S65E","PH, FIELD","None",7.8
"07/20/2011","S65E","PH, FIELD","None",6.6
"08/03/2011","S65E","PH, FIELD","None",7.2
"08/17/2011","S65E","PH, FIELD","None",7
"08/24/2011","S65E","PH, FIELD","None",6.9
"08/31/2011","S65E","PH, FIELD","None",7
"09/14/2011","S65E","PH, FIELD","None",6.9
"09/28/2011","S65E","PH, FIELD","None",6.6
"10/12/2011","S65E","PH, FIELD","None",6.6
"10/26/2011","S65E","PH, FIELD","None",6.8
"11/07/2011","S65E","PH, FIELD","None",6.4
"11/16/2011","S65E","PH, FIELD","None",7.4
"11/22/2011","S65E","PH, FIELD","None",7.3
"12/07/2011","S65E","PH, FIELD","None",6.8
"12/21/2011","S65E","PH, FIELD","None",6.9
"01/04/2012","S65E","PH, FIELD","None",7.2
"01/18/2012","S65E","PH, FIELD","None",6.7
"02/01/2012","S65E","PH, FIELD","None",7.1
"02/15/2012","S65E","PH, FIELD","None",7.1
"02/22/2012","S65E","PH, FIELD","None",7.8
"02/29/2012","S65E","PH, FIELD","None",7
"03/14/2012","S65E","PH, FIELD","None",7.2
"03/28/2012","S65E","PH, FIELD","None",7.2
"04/11/2012","S65E","PH, FIELD","None",7.1
"04/25/2012","S65E","PH, FIELD","None",7.6
"05/09/2012","S65E","PH, FIELD","None",7.8
"05/16/2012","S65E","PH, FIELD","None",7.9
"05/23/2012","S65E","PH, FIELD","None",7.5
"06/06/2012","S65E","PH, FIELD","None",7.9
"06/20/2012","S65E","PH, FIELD","None",7
"07/11/2012","S65E","PH, FIELD","None",6.8
"07/25/2012","S65E","PH, FIELD","None",6.7
"08/08/2012","S65E","PH, FIELD","None",7.1
"08/22/2012","S65E","PH, FIELD","None",6.8
"09/05/2012","S65E","PH, FIELD","None",6.3
"09/19/2012","S65E","PH, FIELD","None",6.4
"10/03/2012","S65E","PH, FIELD","None",6.5
"10/17/2012","S65E","PH, FIELD","None",6.6
"10/31/2012","S65E","PH, FIELD","None",7
"11/14/2012","S65E","PH, FIELD","None",7.1
"11/28/2012","S65E","PH, FIELD","None",7.3
"12/05/2012","S65E","PH, FIELD","None",7
"12/19/2012","S65E","PH, FIELD","None",7.4
"01/02/2013","S65E","PH, FIELD","None",6.8
"01/16/2013","S65E","PH, FIELD","None",7
"01/30/2013","S65E","PH, FIELD","None",6.8
"02/06/2013","S65E","PH, FIELD","None",7.6
"02/13/2013","S65E","PH, FIELD","None",8
"02/27/2013","S65E","PH, FIELD","None",7.3
"03/13/2013","S65E","PH, FIELD","None",7.6
"03/27/2013","S65E","PH, FIELD","None",7.6
"04/10/2013","S65E","PH, FIELD","None",7.3
"04/24/2013","S65E","PH, FIELD","None",7.8
"05/08/2013","S65E","PH, FIELD","None",7.7
"05/22/2013","S65E","PH, FIELD","None",7.5
"06/05/2013","S65E","PH, FIELD","None",7.8
"06/19/2013","S65E","PH, FIELD","None",6.7
"07/02/2013","S65E","PH, FIELD","None",6.7
"07/17/2013","S65E","PH, FIELD","None",6.7
"07/31/2013","S65E","PH, FIELD","None",6.3
"08/07/2013","S65E","PH, FIELD","None",6.4
"08/14/2013","S65E","PH, FIELD","None",6.4
"08/28/2013","S65E","PH, FIELD","None",6.5
"09/11/2013","S65E","PH, FIELD","None",6.7
"09/25/2013","S65E","PH, FIELD","None",6.3
"10/09/2013","S65E","PH, FIELD","None",7.1
"10/23/2013","S65E","PH, FIELD","None",6.8
"11/04/2013","S65E","PH, FIELD","None",7
"11/06/2013","S65E","PH, FIELD","None",6.9
"11/20/2013","S65E","PH, FIELD","None",8.4
"12/04/2013","S65E","PH, FIELD","None",8
"12/18/2013","S65E","PH, FIELD","None",7.8
"12/30/2013","S65E","PH, FIELD","None",8.6
"01/15/2014","S65E","PH, FIELD","None",7.5
"01/29/2014","S65E","PH, FIELD","None",7.4
"02/03/2014","S65E","PH, FIELD","None",7.4
"02/12/2014","S65E","PH, FIELD","None",7.1
"02/26/2014","S65E","PH, FIELD","None",7
"03/12/2014","S65E","PH, FIELD","None",7.1
"03/26/2014","S65E","PH, FIELD","None",7.2
"04/09/2014","S65E","PH, FIELD","None",7.5
"04/23/2014","S65E","PH, FIELD","None",7.3
"05/05/2014","S65E","PH, FIELD","None",7.5
"05/07/2014","S65E","PH, FIELD","None",6.9
"05/21/2014","S65E","PH, FIELD","None",7.4
"06/04/2014","S65E","PH, FIELD","None",7.2
"06/18/2014","S65E","PH, FIELD","None",6.7
"07/01/2014","S65E","PH, FIELD","None",6.6
"07/16/2014","S65E","PH, FIELD","None",6.3
"07/30/2014","S65E","PH, FIELD","None",6.6
"08/13/2014","S65E","PH, FIELD","None",6.6
"08/18/2014","S65E","PH, FIELD","None",6.8
"08/27/2014","S65E","PH, FIELD","None",6.7
"09/10/2014","S65E","PH, FIELD","None",7.9
"09/24/2014","S65E","PH, FIELD","None",6.2
"10/08/2014","S65E","PH, FIELD","None",5.7
"10/22/2014","S65E","PH, FIELD","None",7.1
"11/03/2014","S65E","PH, FIELD","None",7
"11/05/2014","S65E","PH, FIELD","None",6.5
"11/19/2014","S65E","PH, FIELD","None",7.6
"12/03/2014","S65E","PH, FIELD","None",7.2
"12/17/2014","S65E","PH, FIELD","None",6.5
"12/30/2014","S65E","PH, FIELD","None",7.4
"01/14/2015","S65E","PH, FIELD","None",7.1
"01/28/2015","S65E","PH, FIELD","None",7.2
"02/02/2015","S65E","PH, FIELD","None",7.6
"02/25/2015","S65E","PH, FIELD","None",8
"03/11/2015","S65E","PH, FIELD","None",6.5
"03/25/2015","S65E","PH, FIELD","None",7.4
"04/08/2015","S65E","PH, FIELD","None",6.7
"04/22/2015","S65E","PH, FIELD","None",6.7
"05/04/2015","S65E","PH, FIELD","None",7.2
"05/06/2015","S65E","PH, FIELD","None",6.6
"05/20/2015","S65E","PH, FIELD","None",6.8
"06/03/2015","S65E","PH, FIELD","None",6.8
"06/17/2015","S65E","PH, FIELD","None",7.2
"07/01/2015","S65E","PH, FIELD","None",7.1
"07/15/2015","S65E","PH, FIELD","None",7
"07/29/2015","S65E","PH, FIELD","None",6.9
"08/03/2015","S65E","PH, FIELD","None",7.2
"08/12/2015","S65E","PH, FIELD","None",7.56666666666667
"08/26/2015","S65E","PH, FIELD","None",6.4
"09/09/2015","S65E","PH, FIELD","None",7.8
"09/23/2015","S65E","PH, FIELD","None",7.4
"10/07/2015","S65E","PH, FIELD","None",6.7
"10/21/2015","S65E","PH, FIELD","None",6.8
"10/26/2015","S65E","PH, FIELD","None",7.6
"11/04/2015","S65E","PH, FIELD","None",8
"11/18/2015","S65E","PH, FIELD","None",7.4
"12/02/2015","S65E","PH, FIELD","None",7.4
"12/21/2015","S65E","PH, FIELD","None",7.2
"01/04/2016","S65E","PH, FIELD","None",7.8
"01/20/2016","S65E","PH, FIELD","None",7.7
"02/01/2016","S65E","PH, FIELD","None",6.8
"02/15/2016","S65E","PH, FIELD","None",7.6
"02/29/2016","S65E","PH, FIELD","None",7.5
"03/14/2016","S65E","PH, FIELD","None",7.3
"03/28/2016","S65E","PH, FIELD","None",7.7
"04/11/2016","S65E","PH, FIELD","None",6.4
"04/25/2016","S65E","PH, FIELD","None",7.9
"05/09/2016","S65E","PH, FIELD","None",8.2
"05/23/2016","S65E","PH, FIELD","None",8
"06/06/2016","S65E","PH, FIELD","None",7.2
"06/20/2016","S65E","PH, FIELD","None",7.7
"07/06/2016","S65E","PH, FIELD","None",6.9
"07/18/2016","S65E","PH, FIELD","None",7.9
"08/01/2016","S65E","PH, FIELD","None",7.5
"08/15/2016","S65E","PH, FIELD","None",7.4
"08/29/2016","S65E","PH, FIELD","None",7.7
"09/12/2016","S65E","PH, FIELD","None",6.9
"09/26/2016","S65E","PH, FIELD","None",6.7
"10/10/2016","S65E","PH, FIELD","None",7.2
"10/24/2016","S65E","PH, FIELD","None",8.1
"11/07/2016","S65E","PH, FIELD","None",7.7
"11/21/2016","S65E","PH, FIELD","None",7.7
"12/19/2016","S65E","PH, FIELD","None",8
"01/09/2017","S65E","PH, FIELD","None",8.5
"01/23/2017","S65E","PH, FIELD","None",8
"02/06/2017","S65E","PH, FIELD","None",7.7
"02/20/2017","S65E","PH, FIELD","None",7
"03/06/2017","S65E","PH, FIELD","None",7.8
"03/13/2017","S65E","PH, FIELD","None",8.3
"03/20/2017","S65E","PH, FIELD","None",8.13333333333333
"04/17/2017","S65E","PH, FIELD","None",7.8
"04/24/2017","S65E","PH, FIELD","None",8.3
"05/01/2017","S65E","PH, FIELD","None",7.8
"05/08/2017","S65E","PH, FIELD","None",8.7
"06/05/2017","S65E","PH, FIELD","None",8.3
"06/12/2017","S65E","PH, FIELD","None",7
"06/19/2017","S65E","PH, FIELD","None",7.9
"07/05/2017","S65E","PH, FIELD","None",6.8
"07/17/2017","S65E","PH, FIELD","None",6.8
"08/01/2017","S65E","PH, FIELD","None",6.9
"08/14/2017","S65E","PH, FIELD","None",7
"08/28/2017","S65E","PH, FIELD","None",7.8
"09/13/2017","S65E","PH, FIELD","None",6.9
"09/25/2017","S65E","PH, FIELD","None",6.6
"10/09/2017","S65E","PH, FIELD","None",7.1
"10/23/2017","S65E","PH, FIELD","None",6.8
"11/06/2017","S65E","PH, FIELD","None",6.9
"11/20/2017","S65E","PH, FIELD","None",7.1
"12/04/2017","S65E","PH, FIELD","None",7
"12/18/2017","S65E","PH, FIELD","None",8.2
"01/16/2018","S65E","PH, FIELD","None",8
"02/12/2018","S65E","PH, FIELD","None",8
"03/12/2018","S65E","PH, FIELD","None",8.5
"03/26/2018","S65E","PH, FIELD","None",8.2
"04/09/2018","S65E","PH, FIELD","None",8.2
"04/23/2018","S65E","PH, FIELD","None",7.4
"05/07/2018","S65E","PH, FIELD","None",8.5
"05/21/2018","S65E","PH, FIELD","None",7.8
"06/04/2018","S65E","PH, FIELD","None",7.3
"06/18/2018","S65E","PH, FIELD","None",6.7
"07/02/2018","S65E","PH, FIELD","None",7
"07/16/2018","S65E","PH, FIELD","None",7
"07/30/2018","S65E","PH, FIELD","None",6.7
"08/06/2018","S65E","PH, FIELD","None",7.6
"08/20/2018","S65E","PH, FIELD","None",7.5
"09/04/2018","S65E","PH, FIELD","None",6.7
"09/17/2018","S65E","PH, FIELD","None",7
"10/01/2018","S65E","PH, FIELD","None",7.1
"10/04/2018","S65E","PH, FIELD","None",7.1
"10/15/2018","S65E","PH, FIELD","None",8.3
"10/29/2018","S65E","PH, FIELD","None",8.8
"11/13/2018","S65E","PH, FIELD","None",8
"11/26/2018","S65E","PH, FIELD","None",7.83333333333333
"12/11/2018","S65E","PH, FIELD","None",7.2
"12/26/2018","S65E","PH, FIELD","None",8.1
"01/07/2019","S65E","PH, FIELD","None",7.7
"01/22/2019","S65E","PH, FIELD","None",7.7
"02/04/2019","S65E","PH, FIELD","None",7.7
"02/18/2019","S65E","PH, FIELD","None",7.1
"03/04/2019","S65E","PH, FIELD","None",6.6
"03/06/2019","S65E","PH, FIELD","None",7.9
"03/18/2019","S65E","PH, FIELD","None",8.3
"04/08/2019","S65E","PH, FIELD","None",7.4
"04/22/2019","S65E","PH, FIELD","None",7.6
"05/06/2019","S65E","PH, FIELD","None",8.6
"05/20/2019","S65E","PH, FIELD","None",8.2
"06/03/2019","S65E","PH, FIELD","None",8.5
"06/17/2019","S65E","PH, FIELD","None",7.2
"07/01/2019","S65E","PH, FIELD","None",6.4
"07/15/2019","S65E","PH, FIELD","None",6.6
"07/29/2019","S65E","PH, FIELD","None",7.9
"08/12/2019","S65E","PH, FIELD","None",6.7
"08/26/2019","S65E","PH, FIELD","None",6.5
"09/09/2019","S65E","PH, FIELD","None",6.8
"09/23/2019","S65E","PH, FIELD","None",7.1
"10/08/2019","S65E","PH, FIELD","None",7.2
"10/21/2019","S65E","PH, FIELD","None",7.1
"11/04/2019","S65E","PH, FIELD","None",8.2
"11/18/2019","S65E","PH, FIELD","None",7.6
"12/02/2019","S65E","PH, FIELD","None",7.6
"12/16/2019","S65E","PH, FIELD","None",8.2
"12/30/2019","S65E","PH, FIELD","None",7.7
"01/13/2020","S65E","PH, FIELD","None",7.9
"01/27/2020","S65E","PH, FIELD","None",7.9
"02/10/2020","S65E","PH, FIELD","None",7.7
"02/24/2020","S65E","PH, FIELD","None",7.6
"03/09/2020","S65E","PH, FIELD","None",7.6
"03/23/2020","S65E","PH, FIELD","None",8.1
"04/06/2020","S65E","PH, FIELD","None",8.2
"04/20/2020","S65E","PH, FIELD","None",7.9
"05/04/2020","S65E","PH, FIELD","None",8.2
"05/18/2020","S65E","PH, FIELD","None",8.2
"06/01/2020","S65E","PH, FIELD","None",7.9
"06/15/2020","S65E","PH, FIELD","None",6.8
"06/29/2020","S65E","PH, FIELD","None",7.3
"07/13/2020","S65E","PH, FIELD","None",6.8
"07/27/2020","S65E","PH, FIELD","None",6.6
"08/10/2020","S65E","PH, FIELD","None",6.8
"08/24/2020","S65E","PH, FIELD","None",6.5
"09/08/2020","S65E","PH, FIELD","None",6.7
"09/21/2020","S65E","PH, FIELD","None",6.5
"10/05/2020","S65E","PH, FIELD","None",6.6
"10/19/2020","S65E","PH, FIELD","None",6.8
"11/02/2020","S65E","PH, FIELD","None",7.6
"11/16/2020","S65E","PH, FIELD","None",6.9
"11/30/2020","S65E","PH, FIELD","None",7.1
"12/14/2020","S65E","PH, FIELD","None",7.9
"12/28/2020","S65E","PH, FIELD","None",7.6
"01/11/2021","S65E","PH, FIELD","None",7.9
"01/25/2021","S65E","PH, FIELD","None",7.8
"02/08/2021","S65E","PH, FIELD","None",7.6
"02/22/2021","S65E","PH, FIELD","None",7.6
"03/08/2021","S65E","PH, FIELD","None",7.8
"03/22/2021","S65E","PH, FIELD","None",7.3
"04/05/2021","S65E","PH, FIELD","None",7.7
"04/19/2021","S65E","PH, FIELD","None",8
"05/03/2021","S65E","PH, FIELD","None",7.3
"05/17/2021","S65E","PH, FIELD","None",8
"06/01/2021","S65E","PH, FIELD","None",7.8
"06/14/2021","S65E","PH, FIELD","None",8.1
"06/28/2021","S65E","PH, FIELD","None",7.3
"07/12/2021","S65E","PH, FIELD","None",6.9
"07/26/2021","S65E","PH, FIELD","None",7.1
"08/09/2021","S65E","PH, FIELD","None",6.7
"08/23/2021","S65E","PH, FIELD","None",7
"09/07/2021","S65E","PH, FIELD","None",7.4
"09/20/2021","S65E","PH, FIELD","None",6.8
"10/04/2021","S65E","PH, FIELD","None",6.6
"10/18/2021","S65E","PH, FIELD","None",6.7
"11/01/2021","S65E","PH, FIELD","None",7.7
"11/15/2021","S65E","PH, FIELD","None",7.6
"11/29/2021","S65E","PH, FIELD","None",7.3
"12/13/2021","S65E","PH, FIELD","None",7.3
"12/27/2021","S65E","PH, FIELD","None",7.8
"01/10/2022","S65E","PH, FIELD","None",6.9
"01/24/2022","S65E","PH, FIELD","None",7.5
"02/21/2022","S65E","PH, FIELD","None",7
"03/07/2022","S65E","PH, FIELD","None",7.3
"03/21/2022","S65E","PH, FIELD","None",7.6
"04/04/2022","S65E","PH, FIELD","None",7.6
"04/18/2022","S65E","PH, FIELD","None",7.3
"05/02/2022","S65E","PH, FIELD","None",7.5
"05/16/2022","S65E","PH, FIELD","None",7.2
"05/31/2022","S65E","PH, FIELD","None",8.3
"06/13/2022","S65E","PH, FIELD","None",8
"06/27/2022","S65E","PH, FIELD","None",7.4
"07/11/2022","S65E","PH, FIELD","None",7
"07/25/2022","S65E","PH, FIELD","None",7
"08/08/2022","S65E","PH, FIELD","None",6.9
"08/22/2022","S65E","PH, FIELD","None",7.2
"09/06/2022","S65E","PH, FIELD","None",6.7
"09/19/2022","S65E","PH, FIELD","None",6.6
"10/03/2022","S65E","PH, FIELD","None",6.4
"10/17/2022","S65E","PH, FIELD","None",6.6
"10/31/2022","S65E","PH, FIELD","None",6.7
"11/14/2022","S65E","PH, FIELD","None",6.6
"11/28/2022","S65E","PH, FIELD","None",6.9
"12/12/2022","S65E","PH, FIELD","None",7.1
"12/27/2022","S65E","PH, FIELD","None",7.8
"01/09/2023","S65E","PH, FIELD","None",7.4
"01/23/2023","S65E","PH, FIELD","None",7.5
"02/06/2023","S65E","PH, FIELD","None",6.9
"02/20/2023","S65E","PH, FIELD","None",7.5
"03/06/2023","S65E","PH, FIELD","None",7.6
"03/20/2023","S65E","PH, FIELD","None",7.4
"04/03/2023","S65E","PH, FIELD","None",7.6
"04/17/2023","S65E","PH, FIELD","None",7.4
"05/01/2023","S65E","PH, FIELD","None",8.2
"10/01/1973","S65E","PH, LAB","None",6.24
"10/08/1973","S65E","PH, LAB","None",7.08
"10/15/1973","S65E","PH, LAB","None",7.32
"10/23/1973","S65E","PH, LAB","None",7.31
"10/29/1973","S65E","PH, LAB","None",7.12
"11/26/1973","S65E","PH, LAB","None",7.1
"01/14/1974","S65E","PH, LAB","None",6.9
"01/28/1974","S65E","PH, LAB","None",7.2
"02/11/1974","S65E","PH, LAB","None",6.5
"02/25/1974","S65E","PH, LAB","None",7.3
"03/25/1974","S65E","PH, LAB","None",6.89
"04/08/1974","S65E","PH, LAB","None",6.81
"04/22/1974","S65E","PH, LAB","None",7.2
"05/13/1974","S65E","PH, LAB","None",7.05
"05/28/1974","S65E","PH, LAB","None",7.3
"06/24/1974","S65E","PH, LAB","None",7.53
"07/08/1974","S65E","PH, LAB","None",6.94
"07/22/1974","S65E","PH, LAB","None",6.52
"08/05/1974","S65E","PH, LAB","None",6.32
"08/19/1974","S65E","PH, LAB","None",6.7
"09/03/1974","S65E","PH, LAB","None",6.17
"09/16/1974","S65E","PH, LAB","None",6.7
"09/30/1974","S65E","PH, LAB","None",6.6
"10/14/1974","S65E","PH, LAB","None",6.9
"10/28/1974","S65E","PH, LAB","None",7
"11/12/1974","S65E","PH, LAB","None",8
"10/19/1976","S65E","PH, LAB","None",7.125
"10/09/1978","S65E","PH, LAB","None",6.685
"03/05/1979","S65E","PH, LAB","None",7.26
"12/23/1980","S65E","PH, LAB","None",6.95
"02/17/1981","S65E","PH, LAB","None",7.54
"04/13/1981","S65E","PH, LAB","None",7.32
"05/11/1981","S65E","PH, LAB","None",7.67
"08/31/1981","S65E","PH, LAB","None",7.58
"09/28/1981","S65E","PH, LAB","None",6.64333333333333
"12/29/1981","S65E","PH, LAB","None",7.58
"08/02/1982","S65E","PH, LAB","None",6.88
"08/09/1982","S65E","PH, LAB","None",6.94
"09/01/1982","S65E","PH, LAB","None",6.96
"10/26/1982","S65E","PH, LAB","None",6.93666666666667
"11/22/1982","S65E","PH, LAB","None",7.03
"12/20/1982","S65E","PH, LAB","None",6.4
"01/19/1983","S65E","PH, LAB","None",6.66
"02/15/1983","S65E","PH, LAB","None",6.27
"03/17/1983","S65E","PH, LAB","None",6.63
"04/14/1983","S65E","PH, LAB","None",7.13
"05/11/1983","S65E","PH, LAB","None",7.05
"06/09/1983","S65E","PH, LAB","None",6.78
"07/07/1983","S65E","PH, LAB","None",7.35
"08/03/1983","S65E","PH, LAB","None",7.33
"09/01/1983","S65E","PH, LAB","None",6.82
"09/28/1983","S65E","PH, LAB","None",6.99333333333333
"10/28/1983","S65E","PH, LAB","None",7.09
"11/16/1983","S65E","PH, LAB","None",7.03
"12/20/1983","S65E","PH, LAB","None",7.9
"12/29/1983","S65E","PH, LAB","None",7.37
"01/25/1984","S65E","PH, LAB","None",6.75
"02/23/1984","S65E","PH, LAB","None",7.02
"03/21/1984","S65E","PH, LAB","None",7.40333333333333
"03/27/1984","S65E","PH, LAB","None",8.41
"04/18/1984","S65E","PH, LAB","None",7.01
"05/31/1984","S65E","PH, LAB","None",7.02
"06/27/1984","S65E","PH, LAB","None",6.95
"08/22/1984","S65E","PH, LAB","None",6.94
"09/21/1984","S65E","PH, LAB","None",7.28
"10/30/1984","S65E","PH, LAB","None",7.37666666666667
"12/27/1984","S65E","PH, LAB","None",7.14
"01/24/1985","S65E","PH, LAB","None",7.26
"02/20/1985","S65E","PH, LAB","None",7.09
"03/20/1985","S65E","PH, LAB","None",6.95
"04/17/1985","S65E","PH, LAB","None",7.85333333333333
"05/16/1985","S65E","PH, LAB","None",6.71
"06/26/1985","S65E","PH, LAB","None",6.73
"07/23/1985","S65E","PH, LAB","None",6.44
"08/21/1985","S65E","PH, LAB","None",6.62
"09/19/1985","S65E","PH, LAB","None",7.81
"10/17/1985","S65E","PH, LAB","None",7.36333333333333
"11/14/1985","S65E","PH, LAB","None",6.98
"12/12/1985","S65E","PH, LAB","None",7
"01/16/1986","S65E","PH, LAB","None",7.12
"02/18/1986","S65E","PH, LAB","None",7.19
"03/18/1986","S65E","PH, LAB","None",7.29
"04/15/1986","S65E","PH, LAB","None",7.21
"05/14/1986","S65E","PH, LAB","None",7.17
"06/19/1986","S65E","PH, LAB","None",7.07
"07/17/1986","S65E","PH, LAB","None",6.62
"08/14/1986","S65E","PH, LAB","None",6.64
"09/10/1986","S65E","PH, LAB","None",6.76
"10/09/1986","S65E","PH, LAB","None",6.86
"11/06/1986","S65E","PH, LAB","None",6.5
"12/04/1986","S65E","PH, LAB","None",7.03
"01/08/1987","S65E","PH, LAB","None",7.02
"01/15/1987","S65E","PH, LAB","None",7.1
"01/22/1987","S65E","PH, LAB","None",6.95
"01/29/1987","S65E","PH, LAB","None",7.41
"02/05/1987","S65E","PH, LAB","None",6.96
"02/12/1987","S65E","PH, LAB","None",7.29
"02/19/1987","S65E","PH, LAB","None",7.83
"02/26/1987","S65E","PH, LAB","None",7.38
"03/05/1987","S65E","PH, LAB","None",5.89
"03/12/1987","S65E","PH, LAB","None",7.55
"03/19/1987","S65E","PH, LAB","None",6.96
"03/26/1987","S65E","PH, LAB","None",7.07
"04/22/1987","S65E","PH, LAB","None",6.45
"05/20/1987","S65E","PH, LAB","None",6.6
"07/30/1987","S65E","PH, LAB","None",7.56
"08/12/1987","S65E","PH, LAB","None",7.55
"08/28/1987","S65E","PH, LAB","None",7.32
"09/09/1987","S65E","PH, LAB","None",7.52
"09/24/1987","S65E","PH, LAB","None",7.09
"10/07/1987","S65E","PH, LAB","None",7.43
"10/21/1987","S65E","PH, LAB","None",6.97
"12/17/1987","S65E","PH, LAB","None",7.23
"01/05/1988","S65E","PH, LAB","None",7.38
"01/06/1988","S65E","PH, LAB","None",7.42
"01/12/1988","S65E","PH, LAB","None",7.54
"01/19/1988","S65E","PH, LAB","None",6.83
"01/21/1988","S65E","PH, LAB","None",7.09
"01/25/1988","S65E","PH, LAB","None",6.77
"02/01/1988","S65E","PH, LAB","None",7.83
"02/08/1988","S65E","PH, LAB","None",6.97
"02/17/1988","S65E","PH, LAB","None",7.54
"02/22/1988","S65E","PH, LAB","None",8.04
"02/25/1988","S65E","PH, LAB","None",7.89
"02/29/1988","S65E","PH, LAB","None",7.87
"03/07/1988","S65E","PH, LAB","None",7.09
"03/14/1988","S65E","PH, LAB","None",6.97
"03/21/1988","S65E","PH, LAB","None",7.3
"03/28/1988","S65E","PH, LAB","None",7.64
"04/04/1988","S65E","PH, LAB","None",7.73
"04/11/1988","S65E","PH, LAB","None",7.03
"04/18/1988","S65E","PH, LAB","None",7.53
"04/25/1988","S65E","PH, LAB","None",6.72
"05/02/1988","S65E","PH, LAB","None",7.31
"05/09/1988","S65E","PH, LAB","None",7.64
"05/17/1988","S65E","PH, LAB","None",7.43
"06/01/1988","S65E","PH, LAB","None",6.9
"06/07/1988","S65E","PH, LAB","None",7.69
"06/14/1988","S65E","PH, LAB","None",6.88
"06/21/1988","S65E","PH, LAB","None",7.02
"06/28/1988","S65E","PH, LAB","None",7.63
"07/06/1988","S65E","PH, LAB","None",6.98
"07/12/1988","S65E","PH, LAB","None",7.61
"08/23/1988","S65E","PH, LAB","None",6.99
"08/30/1988","S65E","PH, LAB","None",7.31
"09/07/1988","S65E","PH, LAB","None",7.58
"09/12/1988","S65E","PH, LAB","None",8.34
"09/19/1988","S65E","PH, LAB","None",6.96
"09/26/1988","S65E","PH, LAB","None",7.05
"10/03/1988","S65E","PH, LAB","None",7.07
"10/10/1988","S65E","PH, LAB","None",6.04
"10/17/1988","S65E","PH, LAB","None",9.56
"10/24/1988","S65E","PH, LAB","None",6.48
"10/31/1988","S65E","PH, LAB","None",7.56
"12/30/1992","S65E","PH, LAB","None",7.35
"01/09/1996","S65E","PHEOPHYTIN","ug/L",-1
"01/23/1996","S65E","PHEOPHYTIN","ug/L",5.3
"02/06/1996","S65E","PHEOPHYTIN","ug/L",16.8
"02/20/1996","S65E","PHEOPHYTIN","ug/L",3.35
"03/05/1996","S65E","PHEOPHYTIN","ug/L",15.1
"03/19/1996","S65E","PHEOPHYTIN","ug/L",2.65
"04/02/1996","S65E","PHEOPHYTIN","ug/L",5.4
"04/16/1996","S65E","PHEOPHYTIN","ug/L",6.7
"04/30/1996","S65E","PHEOPHYTIN","ug/L",1.96
"05/14/1996","S65E","PHEOPHYTIN","ug/L",2.65
"05/28/1996","S65E","PHEOPHYTIN","ug/L",4.1
"06/11/1996","S65E","PHEOPHYTIN","ug/L",7.020065
"06/25/1996","S65E","PHEOPHYTIN","ug/L",-1
"07/09/1996","S65E","PHEOPHYTIN","ug/L",-1
"07/23/1996","S65E","PHEOPHYTIN","ug/L",2.35
"08/06/1996","S65E","PHEOPHYTIN","ug/L",-1
"08/20/1996","S65E","PHEOPHYTIN","ug/L",-1
"09/03/1996","S65E","PHEOPHYTIN","ug/L",2.55
"09/17/1996","S65E","PHEOPHYTIN","ug/L",1.4
"10/01/1996","S65E","PHEOPHYTIN","ug/L",-1
"10/15/1996","S65E","PHEOPHYTIN","ug/L",-1
"10/29/1996","S65E","PHEOPHYTIN","ug/L",0
"11/12/1996","S65E","PHEOPHYTIN","ug/L",-1
"11/26/1996","S65E","PHEOPHYTIN","ug/L",0.0333333333333334
"12/10/1996","S65E","PHEOPHYTIN","ug/L",-1
"12/26/1996","S65E","PHEOPHYTIN","ug/L",-1
"01/07/1997","S65E","PHEOPHYTIN","ug/L",5.25
"01/21/1997","S65E","PHEOPHYTIN","ug/L",0.666666666666667
"02/05/1997","S65E","PHEOPHYTIN","ug/L",4.75
"02/18/1997","S65E","PHEOPHYTIN","ug/L",3.03333333333333
"03/04/1997","S65E","PHEOPHYTIN","ug/L",4.55
"03/18/1997","S65E","PHEOPHYTIN","ug/L",-1
"04/01/1997","S65E","PHEOPHYTIN","ug/L",1.35
"04/15/1997","S65E","PHEOPHYTIN","ug/L",2.8
"04/29/1997","S65E","PHEOPHYTIN","ug/L",1.3
"05/13/1997","S65E","PHEOPHYTIN","ug/L",5.4
"05/27/1997","S65E","PHEOPHYTIN","ug/L",2.55
"06/10/1997","S65E","PHEOPHYTIN","ug/L",10.7
"06/24/1997","S65E","PHEOPHYTIN","ug/L",2.75
"07/08/1997","S65E","PHEOPHYTIN","ug/L",1.3
"07/22/1997","S65E","PHEOPHYTIN","ug/L",4.6
"08/05/1997","S65E","PHEOPHYTIN","ug/L",3.4
"08/19/1997","S65E","PHEOPHYTIN","ug/L",1.9
"09/02/1997","S65E","PHEOPHYTIN","ug/L",5.33333333333333
"09/16/1997","S65E","PHEOPHYTIN","ug/L",2.5
"09/30/1997","S65E","PHEOPHYTIN","ug/L",1.5
"10/14/1997","S65E","PHEOPHYTIN","ug/L",-1
"10/28/1997","S65E","PHEOPHYTIN","ug/L",1.2
"11/12/1997","S65E","PHEOPHYTIN","ug/L",-1
"11/25/1997","S65E","PHEOPHYTIN","ug/L",-1
"12/09/1997","S65E","PHEOPHYTIN","ug/L",1.5
"12/23/1997","S65E","PHEOPHYTIN","ug/L",7
"01/20/1998","S65E","PHEOPHYTIN","ug/L",5.8
"02/03/1998","S65E","PHEOPHYTIN","ug/L",1.9
"02/17/1998","S65E","PHEOPHYTIN","ug/L",4.1
"03/03/1998","S65E","PHEOPHYTIN","ug/L",4.6
"03/17/1998","S65E","PHEOPHYTIN","ug/L",3.9
"03/31/1998","S65E","PHEOPHYTIN","ug/L",2.4
"04/14/1998","S65E","PHEOPHYTIN","ug/L",1.6
"04/28/1998","S65E","PHEOPHYTIN","ug/L",-1
"05/12/1998","S65E","PHEOPHYTIN","ug/L",1.7
"05/26/1998","S65E","PHEOPHYTIN","ug/L",-1
"06/09/1998","S65E","PHEOPHYTIN","ug/L",2.6
"06/23/1998","S65E","PHEOPHYTIN","ug/L",-1
"07/07/1998","S65E","PHEOPHYTIN","ug/L",-1
"07/21/1998","S65E","PHEOPHYTIN","ug/L",3.1
"08/04/1998","S65E","PHEOPHYTIN","ug/L",4
"08/18/1998","S65E","PHEOPHYTIN","ug/L",3.1
"09/01/1998","S65E","PHEOPHYTIN","ug/L",2.7
"09/29/1998","S65E","PHEOPHYTIN","ug/L",-1
"10/13/1998","S65E","PHEOPHYTIN","ug/L",1.8
"10/27/1998","S65E","PHEOPHYTIN","ug/L",-1
"11/09/1998","S65E","PHEOPHYTIN","ug/L",-1
"11/24/1998","S65E","PHEOPHYTIN","ug/L",-1
"12/08/1998","S65E","PHEOPHYTIN","ug/L",-1
"12/22/1998","S65E","PHEOPHYTIN","ug/L",-1
"01/05/1999","S65E","PHEOPHYTIN","ug/L",-1
"01/19/1999","S65E","PHEOPHYTIN","ug/L",2.1
"02/02/1999","S65E","PHEOPHYTIN","ug/L",-1
"02/16/1999","S65E","PHEOPHYTIN","ug/L",-1
"03/02/1999","S65E","PHEOPHYTIN","ug/L",-1
"03/16/1999","S65E","PHEOPHYTIN","ug/L",-1
"03/30/1999","S65E","PHEOPHYTIN","ug/L",-1
"04/13/1999","S65E","PHEOPHYTIN","ug/L",3.3
"04/27/1999","S65E","PHEOPHYTIN","ug/L",9.6
"05/11/1999","S65E","PHEOPHYTIN","ug/L",9.1
"05/25/1999","S65E","PHEOPHYTIN","ug/L",-1
"06/08/1999","S65E","PHEOPHYTIN","ug/L",2.8
"06/22/1999","S65E","PHEOPHYTIN","ug/L",-1
"07/06/1999","S65E","PHEOPHYTIN","ug/L",-1
"07/20/1999","S65E","PHEOPHYTIN","ug/L",-1
"08/03/1999","S65E","PHEOPHYTIN","ug/L",1.85
"08/17/1999","S65E","PHEOPHYTIN","ug/L",-1
"08/31/1999","S65E","PHEOPHYTIN","ug/L",-1
"09/16/1999","S65E","PHEOPHYTIN","ug/L",-0.133333333333333
"09/28/1999","S65E","PHEOPHYTIN","ug/L",0.9
"10/12/1999","S65E","PHEOPHYTIN","ug/L",2.6
"10/26/1999","S65E","PHEOPHYTIN","ug/L",8.8
"11/09/1999","S65E","PHEOPHYTIN","ug/L",-1
"11/23/1999","S65E","PHEOPHYTIN","ug/L",-1
"12/07/1999","S65E","PHEOPHYTIN","ug/L",-1
"12/21/1999","S65E","PHEOPHYTIN","ug/L",0.2
"01/04/2000","S65E","PHEOPHYTIN","ug/L",-0.0666666666666667
"01/18/2000","S65E","PHEOPHYTIN","ug/L",0.45
"02/01/2000","S65E","PHEOPHYTIN","ug/L",5
"02/15/2000","S65E","PHEOPHYTIN","ug/L",2.7
"02/29/2000","S65E","PHEOPHYTIN","ug/L",-1
"03/14/2000","S65E","PHEOPHYTIN","ug/L",-1
"03/28/2000","S65E","PHEOPHYTIN","ug/L",-1
"04/11/2000","S65E","PHEOPHYTIN","ug/L",1.8
"04/24/2000","S65E","PHEOPHYTIN","ug/L",-1
"05/09/2000","S65E","PHEOPHYTIN","ug/L",1.5
"05/23/2000","S65E","PHEOPHYTIN","ug/L",12.7
"06/06/2000","S65E","PHEOPHYTIN","ug/L",2.8
"06/20/2000","S65E","PHEOPHYTIN","ug/L",6
"07/05/2000","S65E","PHEOPHYTIN","ug/L",1.2
"07/18/2000","S65E","PHEOPHYTIN","ug/L",7.9
"08/01/2000","S65E","PHEOPHYTIN","ug/L",2.03333333333333
"08/15/2000","S65E","PHEOPHYTIN","ug/L",5.06666666666667
"08/29/2000","S65E","PHEOPHYTIN","ug/L",3.7
"09/12/2000","S65E","PHEOPHYTIN","ug/L",4
"09/26/2000","S65E","PHEOPHYTIN","ug/L",1.8
"10/10/2000","S65E","PHEOPHYTIN","ug/L",-1
"10/24/2000","S65E","PHEOPHYTIN","ug/L",-1
"11/07/2000","S65E","PHEOPHYTIN","ug/L",-1
"11/21/2000","S65E","PHEOPHYTIN","ug/L",-1
"12/05/2000","S65E","PHEOPHYTIN","ug/L",1.3
"01/02/2001","S65E","PHEOPHYTIN","ug/L",-1
"01/16/2001","S65E","PHEOPHYTIN","ug/L",-1
"02/13/2001","S65E","PHEOPHYTIN","ug/L",-1
"02/27/2001","S65E","PHEOPHYTIN","ug/L",-1
"03/13/2001","S65E","PHEOPHYTIN","ug/L",-1
"03/27/2001","S65E","PHEOPHYTIN","ug/L",-1
"04/10/2001","S65E","PHEOPHYTIN","ug/L",-1
"04/24/2001","S65E","PHEOPHYTIN","ug/L",-1
"05/08/2001","S65E","PHEOPHYTIN","ug/L",1.4
"05/22/2001","S65E","PHEOPHYTIN","ug/L",8
"06/05/2001","S65E","PHEOPHYTIN","ug/L",-1
"06/19/2001","S65E","PHEOPHYTIN","ug/L",0.1
"07/03/2001","S65E","PHEOPHYTIN","ug/L",-1
"07/17/2001","S65E","PHEOPHYTIN","ug/L",-1
"07/31/2001","S65E","PHEOPHYTIN","ug/L",-1
"08/14/2001","S65E","PHEOPHYTIN","ug/L",1.5
"08/28/2001","S65E","PHEOPHYTIN","ug/L",7.1
"09/11/2001","S65E","PHEOPHYTIN","ug/L",2.3
"09/25/2001","S65E","PHEOPHYTIN","ug/L",2.2
"10/09/2001","S65E","PHEOPHYTIN","ug/L",5
"11/06/2001","S65E","PHEOPHYTIN","ug/L",2.1
"11/20/2001","S65E","PHEOPHYTIN","ug/L",4.6
"12/04/2001","S65E","PHEOPHYTIN","ug/L",0.85
"12/18/2001","S65E","PHEOPHYTIN","ug/L",2.5
"01/15/2002","S65E","PHEOPHYTIN","ug/L",0.95
"01/29/2002","S65E","PHEOPHYTIN","ug/L",1.3
"02/12/2002","S65E","PHEOPHYTIN","ug/L",1.35
"02/26/2002","S65E","PHEOPHYTIN","ug/L",-1
"03/12/2002","S65E","PHEOPHYTIN","ug/L",2.9
"03/26/2002","S65E","PHEOPHYTIN","ug/L",2
"04/09/2002","S65E","PHEOPHYTIN","ug/L",0.75
"04/23/2002","S65E","PHEOPHYTIN","ug/L",3.9
"05/07/2002","S65E","PHEOPHYTIN","ug/L",3.5
"05/21/2002","S65E","PHEOPHYTIN","ug/L",3.3
"06/04/2002","S65E","PHEOPHYTIN","ug/L",2.9
"06/18/2002","S65E","PHEOPHYTIN","ug/L",0.933333333333333
"07/02/2002","S65E","PHEOPHYTIN","ug/L",-1
"07/16/2002","S65E","PHEOPHYTIN","ug/L",-1
"07/30/2002","S65E","PHEOPHYTIN","ug/L",2.3
"08/13/2002","S65E","PHEOPHYTIN","ug/L",-1
"08/27/2002","S65E","PHEOPHYTIN","ug/L",1.2
"09/10/2002","S65E","PHEOPHYTIN","ug/L",0.15
"09/24/2002","S65E","PHEOPHYTIN","ug/L",0.55
"10/08/2002","S65E","PHEOPHYTIN","ug/L",2
"10/22/2002","S65E","PHEOPHYTIN","ug/L",2.3
"11/05/2002","S65E","PHEOPHYTIN","ug/L",3.1
"11/19/2002","S65E","PHEOPHYTIN","ug/L",-1
"12/03/2002","S65E","PHEOPHYTIN","ug/L",4
"12/17/2002","S65E","PHEOPHYTIN","ug/L",3.125
"12/31/2002","S65E","PHEOPHYTIN","ug/L",5.2
"01/14/2003","S65E","PHEOPHYTIN","ug/L",4.4
"01/28/2003","S65E","PHEOPHYTIN","ug/L",-1
"02/11/2003","S65E","PHEOPHYTIN","ug/L",1
"02/25/2003","S65E","PHEOPHYTIN","ug/L",-1
"03/11/2003","S65E","PHEOPHYTIN","ug/L",-1
"03/25/2003","S65E","PHEOPHYTIN","ug/L",2.8
"04/08/2003","S65E","PHEOPHYTIN","ug/L",3
"04/22/2003","S65E","PHEOPHYTIN","ug/L",2.3
"05/06/2003","S65E","PHEOPHYTIN","ug/L",0.3
"06/03/2003","S65E","PHEOPHYTIN","ug/L",0.4
"06/17/2003","S65E","PHEOPHYTIN","ug/L",-1
"07/01/2003","S65E","PHEOPHYTIN","ug/L",2.4
"07/15/2003","S65E","PHEOPHYTIN","ug/L",5.9
"07/29/2003","S65E","PHEOPHYTIN","ug/L",3.8
"08/12/2003","S65E","PHEOPHYTIN","ug/L",1
"08/26/2003","S65E","PHEOPHYTIN","ug/L",1.3
"09/09/2003","S65E","PHEOPHYTIN","ug/L",-1
"09/23/2003","S65E","PHEOPHYTIN","ug/L",-1
"10/07/2003","S65E","PHEOPHYTIN","ug/L",-1
"10/21/2003","S65E","PHEOPHYTIN","ug/L",-1
"11/04/2003","S65E","PHEOPHYTIN","ug/L",2
"11/18/2003","S65E","PHEOPHYTIN","ug/L",2
"12/02/2003","S65E","PHEOPHYTIN","ug/L",2
"12/16/2003","S65E","PHEOPHYTIN","ug/L",2
"12/30/2003","S65E","PHEOPHYTIN","ug/L",4
"01/13/2004","S65E","PHEOPHYTIN","ug/L",2
"01/27/2004","S65E","PHEOPHYTIN","ug/L",-1
"02/10/2004","S65E","PHEOPHYTIN","ug/L",0
"02/24/2004","S65E","PHEOPHYTIN","ug/L",-1
"03/09/2004","S65E","PHEOPHYTIN","ug/L",3
"03/23/2004","S65E","PHEOPHYTIN","ug/L",4
"04/06/2004","S65E","PHEOPHYTIN","ug/L",6
"04/20/2004","S65E","PHEOPHYTIN","ug/L",1
"05/04/2004","S65E","PHEOPHYTIN","ug/L",-1
"05/18/2004","S65E","PHEOPHYTIN","ug/L",3
"06/08/2004","S65E","PHEOPHYTIN","ug/L",2
"06/22/2004","S65E","PHEOPHYTIN","ug/L",2
"07/06/2004","S65E","PHEOPHYTIN","ug/L",1.5
"07/20/2004","S65E","PHEOPHYTIN","ug/L",1.5
"08/03/2004","S65E","PHEOPHYTIN","ug/L",3
"08/17/2004","S65E","PHEOPHYTIN","ug/L",9
"08/31/2004","S65E","PHEOPHYTIN","ug/L",6
"09/14/2004","S65E","PHEOPHYTIN","ug/L",5
"09/29/2004","S65E","PHEOPHYTIN","ug/L",7
"10/12/2004","S65E","PHEOPHYTIN","ug/L",2
"10/26/2004","S65E","PHEOPHYTIN","ug/L",0
"11/09/2004","S65E","PHEOPHYTIN","ug/L",-1
"11/22/2004","S65E","PHEOPHYTIN","ug/L",-1
"12/07/2004","S65E","PHEOPHYTIN","ug/L",2
"12/21/2004","S65E","PHEOPHYTIN","ug/L",-1
"01/04/2005","S65E","PHEOPHYTIN","ug/L",-1
"01/18/2005","S65E","PHEOPHYTIN","ug/L",3
"02/01/2005","S65E","PHEOPHYTIN","ug/L",2
"02/15/2005","S65E","PHEOPHYTIN","ug/L",1
"03/01/2005","S65E","PHEOPHYTIN","ug/L",0.5
"03/15/2005","S65E","PHEOPHYTIN","ug/L",1
"03/29/2005","S65E","PHEOPHYTIN","ug/L",-1
"04/12/2005","S65E","PHEOPHYTIN","ug/L",2
"04/26/2005","S65E","PHEOPHYTIN","ug/L",2
"05/10/2005","S65E","PHEOPHYTIN","ug/L",4
"05/24/2005","S65E","PHEOPHYTIN","ug/L",4
"06/07/2005","S65E","PHEOPHYTIN","ug/L",-1
"06/21/2005","S65E","PHEOPHYTIN","ug/L",1
"07/05/2005","S65E","PHEOPHYTIN","ug/L",1
"07/19/2005","S65E","PHEOPHYTIN","ug/L",-1
"08/02/2005","S65E","PHEOPHYTIN","ug/L",0
"08/16/2005","S65E","PHEOPHYTIN","ug/L",1
"08/30/2005","S65E","PHEOPHYTIN","ug/L",-1
"09/12/2005","S65E","PHEOPHYTIN","ug/L",0.5
"09/26/2005","S65E","PHEOPHYTIN","ug/L",5
"10/11/2005","S65E","PHEOPHYTIN","ug/L",4
"11/08/2005","S65E","PHEOPHYTIN","ug/L",1.5
"11/16/2005","S65E","PHEOPHYTIN","ug/L",2
"12/06/2005","S65E","PHEOPHYTIN","ug/L",2
"12/20/2005","S65E","PHEOPHYTIN","ug/L",-1
"01/03/2006","S65E","PHEOPHYTIN","ug/L",4
"01/17/2006","S65E","PHEOPHYTIN","ug/L",2
"01/30/2006","S65E","PHEOPHYTIN","ug/L",2
"02/13/2006","S65E","PHEOPHYTIN","ug/L",0.5
"02/28/2006","S65E","PHEOPHYTIN","ug/L",2
"03/13/2006","S65E","PHEOPHYTIN","ug/L",0.5
"03/28/2006","S65E","PHEOPHYTIN","ug/L",2
"04/11/2006","S65E","PHEOPHYTIN","ug/L",-1
"04/24/2006","S65E","PHEOPHYTIN","ug/L",4
"05/08/2006","S65E","PHEOPHYTIN","ug/L",6
"05/23/2006","S65E","PHEOPHYTIN","ug/L",2
"06/06/2006","S65E","PHEOPHYTIN","ug/L",0.8
"06/19/2006","S65E","PHEOPHYTIN","ug/L",0.5
"07/18/2006","S65E","PHEOPHYTIN","ug/L",2
"07/31/2006","S65E","PHEOPHYTIN","ug/L",0.5
"08/14/2006","S65E","PHEOPHYTIN","ug/L",-1
"08/31/2006","S65E","PHEOPHYTIN","ug/L",4
"09/11/2006","S65E","PHEOPHYTIN","ug/L",-1
"09/25/2006","S65E","PHEOPHYTIN","ug/L",-1
"10/10/2006","S65E","PHEOPHYTIN","ug/L",3
"10/24/2006","S65E","PHEOPHYTIN","ug/L",-1
"11/07/2006","S65E","PHEOPHYTIN","ug/L",3
"11/21/2006","S65E","PHEOPHYTIN","ug/L",-1
"12/05/2006","S65E","PHEOPHYTIN","ug/L",0
"12/19/2006","S65E","PHEOPHYTIN","ug/L",1.5
"01/02/2007","S65E","PHEOPHYTIN","ug/L",1
"01/16/2007","S65E","PHEOPHYTIN","ug/L",-1
"01/30/2007","S65E","PHEOPHYTIN","ug/L",-1
"02/13/2007","S65E","PHEOPHYTIN","ug/L",-1
"02/27/2007","S65E","PHEOPHYTIN","ug/L",-1
"03/13/2007","S65E","PHEOPHYTIN","ug/L",-0.25
"03/27/2007","S65E","PHEOPHYTIN","ug/L",-1
"04/10/2007","S65E","PHEOPHYTIN","ug/L",-1
"04/24/2007","S65E","PHEOPHYTIN","ug/L",4
"05/08/2007","S65E","PHEOPHYTIN","ug/L",0.5
"05/22/2007","S65E","PHEOPHYTIN","ug/L",-1
"06/05/2007","S65E","PHEOPHYTIN","ug/L",0.2
"06/19/2007","S65E","PHEOPHYTIN","ug/L",-1
"07/02/2007","S65E","PHEOPHYTIN","ug/L",2
"08/06/2007","S65E","PHEOPHYTIN","ug/L",2.5
"08/21/2007","S65E","PHEOPHYTIN","ug/L",2
"09/04/2007","S65E","PHEOPHYTIN","ug/L",-1
"09/17/2007","S65E","PHEOPHYTIN","ug/L",-1
"10/01/2007","S65E","PHEOPHYTIN","ug/L",-1
"10/15/2007","S65E","PHEOPHYTIN","ug/L",0.5
"10/29/2007","S65E","PHEOPHYTIN","ug/L",3
"11/05/2007","S65E","PHEOPHYTIN","ug/L",2
"11/20/2007","S65E","PHEOPHYTIN","ug/L",1
"12/03/2007","S65E","PHEOPHYTIN","ug/L",0.2
"12/18/2007","S65E","PHEOPHYTIN","ug/L",2
"01/17/2008","S65E","PHEOPHYTIN","ug/L",3
"01/29/2008","S65E","PHEOPHYTIN","ug/L",1.5
"02/04/2008","S65E","PHEOPHYTIN","ug/L",5
"02/19/2008","S65E","PHEOPHYTIN","ug/L",4
"03/03/2008","S65E","PHEOPHYTIN","ug/L",2.4
"03/17/2008","S65E","PHEOPHYTIN","ug/L",2
"04/07/2008","S65E","PHEOPHYTIN","ug/L",7
"04/21/2008","S65E","PHEOPHYTIN","ug/L",-1
"05/06/2008","S65E","PHEOPHYTIN","ug/L",-1
"05/19/2008","S65E","PHEOPHYTIN","ug/L",2.5
"06/03/2008","S65E","PHEOPHYTIN","ug/L",3.4
"06/17/2008","S65E","PHEOPHYTIN","ug/L",-1
"07/01/2008","S65E","PHEOPHYTIN","ug/L",2
"07/16/2008","S65E","PHEOPHYTIN","ug/L",1.5
"08/06/2008","S65E","PHEOPHYTIN","ug/L",4
"08/26/2008","S65E","PHEOPHYTIN","ug/L",2
"09/08/2008","S65E","PHEOPHYTIN","ug/L",2.6
"09/22/2008","S65E","PHEOPHYTIN","ug/L",8
"10/06/2008","S65E","PHEOPHYTIN","ug/L",3
"10/20/2008","S65E","PHEOPHYTIN","ug/L",1
"11/13/2008","S65E","PHEOPHYTIN","ug/L",-1
"11/24/2008","S65E","PHEOPHYTIN","ug/L",3
"12/10/2008","S65E","PHEOPHYTIN","ug/L",2
"12/23/2008","S65E","PHEOPHYTIN","ug/L",0.5
"01/14/2009","S65E","PHEOPHYTIN","ug/L",2.5
"01/27/2009","S65E","PHEOPHYTIN","ug/L",1
"02/02/2009","S65E","PHEOPHYTIN","ug/L",3
"02/17/2009","S65E","PHEOPHYTIN","ug/L",7
"03/03/2009","S65E","PHEOPHYTIN","ug/L",1.6
"03/17/2009","S65E","PHEOPHYTIN","ug/L",5
"03/31/2009","S65E","PHEOPHYTIN","ug/L",1.5
"04/14/2009","S65E","PHEOPHYTIN","ug/L",1.5
"04/29/2009","S65E","PHEOPHYTIN","ug/L",5
"05/13/2009","S65E","PHEOPHYTIN","ug/L",0.5
"05/27/2009","S65E","PHEOPHYTIN","ug/L",4
"06/02/2009","S65E","PHEOPHYTIN","ug/L",-1
"06/16/2009","S65E","PHEOPHYTIN","ug/L",1.66666666666667
"07/07/2009","S65E","PHEOPHYTIN","ug/L",1.5
"07/20/2009","S65E","PHEOPHYTIN","ug/L",5
"08/04/2009","S65E","PHEOPHYTIN","ug/L",1.5
"08/18/2009","S65E","PHEOPHYTIN","ug/L",0.5
"09/08/2009","S65E","PHEOPHYTIN","ug/L",1.5
"09/22/2009","S65E","PHEOPHYTIN","ug/L",1
"10/07/2009","S65E","PHEOPHYTIN","ug/L",1
"10/21/2009","S65E","PHEOPHYTIN","ug/L",0.5
"11/09/2009","S65E","PHEOPHYTIN","ug/L",0.5
"11/30/2009","S65E","PHEOPHYTIN","ug/L",0
"12/16/2009","S65E","PHEOPHYTIN","ug/L",-1
"12/28/2009","S65E","PHEOPHYTIN","ug/L",-1
"01/11/2010","S65E","PHEOPHYTIN","ug/L",-1
"01/25/2010","S65E","PHEOPHYTIN","ug/L",2
"02/08/2010","S65E","PHEOPHYTIN","ug/L",3
"02/17/2010","S65E","PHEOPHYTIN","ug/L",2
"03/15/2010","S65E","PHEOPHYTIN","ug/L",2.8
"03/29/2010","S65E","PHEOPHYTIN","ug/L",2
"04/12/2010","S65E","PHEOPHYTIN","ug/L",0.5
"04/26/2010","S65E","PHEOPHYTIN","ug/L",1
"05/10/2010","S65E","PHEOPHYTIN","ug/L",0.5
"05/24/2010","S65E","PHEOPHYTIN","ug/L",2
"06/07/2010","S65E","PHEOPHYTIN","ug/L",4
"06/21/2010","S65E","PHEOPHYTIN","ug/L",4
"07/08/2010","S65E","PHEOPHYTIN","ug/L",2
"07/19/2010","S65E","PHEOPHYTIN","ug/L",2
"08/02/2010","S65E","PHEOPHYTIN","ug/L",2
"08/16/2010","S65E","PHEOPHYTIN","ug/L",3
"09/14/2010","S65E","PHEOPHYTIN","ug/L",4
"09/27/2010","S65E","PHEOPHYTIN","ug/L",1
"10/11/2010","S65E","PHEOPHYTIN","ug/L",3
"10/26/2010","S65E","PHEOPHYTIN","ug/L",2
"11/09/2010","S65E","PHEOPHYTIN","ug/L",3
"11/29/2010","S65E","PHEOPHYTIN","ug/L",3
"12/09/2010","S65E","PHEOPHYTIN","ug/L",3
"12/22/2010","S65E","PHEOPHYTIN","ug/L",6
"01/10/2011","S65E","PHEOPHYTIN","ug/L",6
"01/24/2011","S65E","PHEOPHYTIN","ug/L",7
"02/07/2011","S65E","PHEOPHYTIN","ug/L",4
"02/23/2011","S65E","PHEOPHYTIN","ug/L",4
"03/09/2011","S65E","PHEOPHYTIN","ug/L",7
"03/23/2011","S65E","PHEOPHYTIN","ug/L",4
"04/13/2011","S65E","PHEOPHYTIN","ug/L",9
"04/27/2011","S65E","PHEOPHYTIN","ug/L",6
"10/26/2010","S65E","PHEOPHYTIN-A(LC)","ug/L",0.2
"11/09/2010","S65E","PHEOPHYTIN-A(LC)","ug/L",0.3
"11/29/2010","S65E","PHEOPHYTIN-A(LC)","ug/L",0.2
"12/09/2010","S65E","PHEOPHYTIN-A(LC)","ug/L",0.4
"12/22/2010","S65E","PHEOPHYTIN-A(LC)","ug/L",0.3
"01/10/2011","S65E","PHEOPHYTIN-A(LC)","ug/L",0.2
"01/24/2011","S65E","PHEOPHYTIN-A(LC)","ug/L",0.4
"02/07/2011","S65E","PHEOPHYTIN-A(LC)","ug/L",0.6
"02/23/2011","S65E","PHEOPHYTIN-A(LC)","ug/L",0.4
"03/09/2011","S65E","PHEOPHYTIN-A(LC)","ug/L",0.8
"03/23/2011","S65E","PHEOPHYTIN-A(LC)","ug/L",0.5
"04/13/2011","S65E","PHEOPHYTIN-A(LC)","ug/L",1
"04/27/2011","S65E","PHEOPHYTIN-A(LC)","ug/L",0.7
"05/11/2011","S65E","PHEOPHYTIN-A(LC)","ug/L",0.484
"05/25/2011","S65E","PHEOPHYTIN-A(LC)","ug/L",0.63
"06/08/2011","S65E","PHEOPHYTIN-A(LC)","ug/L",0.526
"06/20/2011","S65E","PHEOPHYTIN-A(LC)","ug/L",0.439
"07/06/2011","S65E","PHEOPHYTIN-A(LC)","ug/L",1.09
"07/20/2011","S65E","PHEOPHYTIN-A(LC)","ug/L",0.896
"08/03/2011","S65E","PHEOPHYTIN-A(LC)","ug/L",3.85
"08/17/2011","S65E","PHEOPHYTIN-A(LC)","ug/L",0.245
"08/31/2011","S65E","PHEOPHYTIN-A(LC)","ug/L",0.247
"09/14/2011","S65E","PHEOPHYTIN-A(LC)","ug/L",1.17333333333333
"09/28/2011","S65E","PHEOPHYTIN-A(LC)","ug/L",0.645
"10/12/2011","S65E","PHEOPHYTIN-A(LC)","ug/L",1.68
"10/26/2011","S65E","PHEOPHYTIN-A(LC)","ug/L",0.438
"11/07/2011","S65E","PHEOPHYTIN-A(LC)","ug/L",0.174
"11/22/2011","S65E","PHEOPHYTIN-A(LC)","ug/L",0.197
"12/07/2011","S65E","PHEOPHYTIN-A(LC)","ug/L",0.19
"12/21/2011","S65E","PHEOPHYTIN-A(LC)","ug/L",0.256
"01/04/2012","S65E","PHEOPHYTIN-A(LC)","ug/L",0.331
"01/18/2012","S65E","PHEOPHYTIN-A(LC)","ug/L",0.233
"02/01/2012","S65E","PHEOPHYTIN-A(LC)","ug/L",0.338
"02/15/2012","S65E","PHEOPHYTIN-A(LC)","ug/L",0.302
"02/29/2012","S65E","PHEOPHYTIN-A(LC)","ug/L",0.553
"03/14/2012","S65E","PHEOPHYTIN-A(LC)","ug/L",0.551
"03/28/2012","S65E","PHEOPHYTIN-A(LC)","ug/L",-0.16
"04/11/2012","S65E","PHEOPHYTIN-A(LC)","ug/L",-0.16
"04/25/2012","S65E","PHEOPHYTIN-A(LC)","ug/L",0.468
"05/09/2012","S65E","PHEOPHYTIN-A(LC)","ug/L",-0.16
"05/23/2012","S65E","PHEOPHYTIN-A(LC)","ug/L",0.74
"06/06/2012","S65E","PHEOPHYTIN-A(LC)","ug/L",1.06
"06/20/2012","S65E","PHEOPHYTIN-A(LC)","ug/L",0.896
"07/11/2012","S65E","PHEOPHYTIN-A(LC)","ug/L",0.795
"07/25/2012","S65E","PHEOPHYTIN-A(LC)","ug/L",0.18
"08/08/2012","S65E","PHEOPHYTIN-A(LC)","ug/L",0.3
"08/22/2012","S65E","PHEOPHYTIN-A(LC)","ug/L",0.377
"09/05/2012","S65E","PHEOPHYTIN-A(LC)","ug/L",0.524
"09/19/2012","S65E","PHEOPHYTIN-A(LC)","ug/L",0.663
"10/03/2012","S65E","PHEOPHYTIN-A(LC)","ug/L",0.547
"10/17/2012","S65E","PHEOPHYTIN-A(LC)","ug/L",0.466
"10/31/2012","S65E","PHEOPHYTIN-A(LC)","ug/L",0.336
"11/14/2012","S65E","PHEOPHYTIN-A(LC)","ug/L",0.485
"11/28/2012","S65E","PHEOPHYTIN-A(LC)","ug/L",-0.16
"12/05/2012","S65E","PHEOPHYTIN-A(LC)","ug/L",0.201
"12/19/2012","S65E","PHEOPHYTIN-A(LC)","ug/L",0.311
"01/02/2013","S65E","PHEOPHYTIN-A(LC)","ug/L",-0.16
"01/16/2013","S65E","PHEOPHYTIN-A(LC)","ug/L",0.18
"01/30/2013","S65E","PHEOPHYTIN-A(LC)","ug/L",-0.16
"02/13/2013","S65E","PHEOPHYTIN-A(LC)","ug/L",1.13
"02/27/2013","S65E","PHEOPHYTIN-A(LC)","ug/L",1.16
"03/13/2013","S65E","PHEOPHYTIN-A(LC)","ug/L",0.178
"03/27/2013","S65E","PHEOPHYTIN-A(LC)","ug/L",0.478
"04/10/2013","S65E","PHEOPHYTIN-A(LC)","ug/L",0.231
"04/24/2013","S65E","PHEOPHYTIN-A(LC)","ug/L",0.5
"05/08/2013","S65E","PHEOPHYTIN-A(LC)","ug/L",0.528
"05/22/2013","S65E","PHEOPHYTIN-A(LC)","ug/L",0.413
"06/05/2013","S65E","PHEOPHYTIN-A(LC)","ug/L",0.915
"06/19/2013","S65E","PHEOPHYTIN-A(LC)","ug/L",0.819
"07/02/2013","S65E","PHEOPHYTIN-A(LC)","ug/L",1.3
"07/17/2013","S65E","PHEOPHYTIN-A(LC)","ug/L",0.62
"07/31/2013","S65E","PHEOPHYTIN-A(LC)","ug/L",0.629
"08/14/2013","S65E","PHEOPHYTIN-A(LC)","ug/L",0.523
"08/28/2013","S65E","PHEOPHYTIN-A(LC)","ug/L",1.07
"09/11/2013","S65E","PHEOPHYTIN-A(LC)","ug/L",0.684
"09/25/2013","S65E","PHEOPHYTIN-A(LC)","ug/L",0.54
"10/09/2013","S65E","PHEOPHYTIN-A(LC)","ug/L",0.61
"10/23/2013","S65E","PHEOPHYTIN-A(LC)","ug/L",0.229
"11/06/2013","S65E","PHEOPHYTIN-A(LC)","ug/L",0.188
"11/20/2013","S65E","PHEOPHYTIN-A(LC)","ug/L",0.258
"12/04/2013","S65E","PHEOPHYTIN-A(LC)","ug/L",0.21
"12/18/2013","S65E","PHEOPHYTIN-A(LC)","ug/L",0.395
"12/30/2013","S65E","PHEOPHYTIN-A(LC)","ug/L",0.327
"01/15/2014","S65E","PHEOPHYTIN-A(LC)","ug/L",0.446
"01/29/2014","S65E","PHEOPHYTIN-A(LC)","ug/L",-0.16
"02/12/2014","S65E","PHEOPHYTIN-A(LC)","ug/L",0.613
"02/26/2014","S65E","PHEOPHYTIN-A(LC)","ug/L",0.615
"03/12/2014","S65E","PHEOPHYTIN-A(LC)","ug/L",0.827
"03/26/2014","S65E","PHEOPHYTIN-A(LC)","ug/L",0.775
"04/09/2014","S65E","PHEOPHYTIN-A(LC)","ug/L",0.888
"04/23/2014","S65E","PHEOPHYTIN-A(LC)","ug/L",0.739
"05/07/2014","S65E","PHEOPHYTIN-A(LC)","ug/L",0.384
"05/21/2014","S65E","PHEOPHYTIN-A(LC)","ug/L",1.26
"06/04/2014","S65E","PHEOPHYTIN-A(LC)","ug/L",1.7
"06/18/2014","S65E","PHEOPHYTIN-A(LC)","ug/L",1.52
"07/01/2014","S65E","PHEOPHYTIN-A(LC)","ug/L",0.585
"07/16/2014","S65E","PHEOPHYTIN-A(LC)","ug/L",0.665
"07/30/2014","S65E","PHEOPHYTIN-A(LC)","ug/L",0.288
"08/13/2014","S65E","PHEOPHYTIN-A(LC)","ug/L",0.816
"08/27/2014","S65E","PHEOPHYTIN-A(LC)","ug/L",0.533
"09/10/2014","S65E","PHEOPHYTIN-A(LC)","ug/L",0.275
"09/24/2014","S65E","PHEOPHYTIN-A(LC)","ug/L",0.459
"10/08/2014","S65E","PHEOPHYTIN-A(LC)","ug/L",0.436
"10/22/2014","S65E","PHEOPHYTIN-A(LC)","ug/L",0.375
"11/05/2014","S65E","PHEOPHYTIN-A(LC)","ug/L",0.197
"11/19/2014","S65E","PHEOPHYTIN-A(LC)","ug/L",0.096
"12/03/2014","S65E","PHEOPHYTIN-A(LC)","ug/L",0.328
"12/17/2014","S65E","PHEOPHYTIN-A(LC)","ug/L",0.428
"12/30/2014","S65E","PHEOPHYTIN-A(LC)","ug/L",0.328
"01/14/2015","S65E","PHEOPHYTIN-A(LC)","ug/L",0.126
"01/28/2015","S65E","PHEOPHYTIN-A(LC)","ug/L",0.252
"02/11/2015","S65E","PHEOPHYTIN-A(LC)","ug/L",0.176
"02/25/2015","S65E","PHEOPHYTIN-A(LC)","ug/L",0.146
"03/11/2015","S65E","PHEOPHYTIN-A(LC)","ug/L",0.254
"03/25/2015","S65E","PHEOPHYTIN-A(LC)","ug/L",0.373
"04/08/2015","S65E","PHEOPHYTIN-A(LC)","ug/L",0.996
"04/22/2015","S65E","PHEOPHYTIN-A(LC)","ug/L",1.08
"05/06/2015","S65E","PHEOPHYTIN-A(LC)","ug/L",0.574
"05/20/2015","S65E","PHEOPHYTIN-A(LC)","ug/L",0.709
"06/03/2015","S65E","PHEOPHYTIN-A(LC)","ug/L",0.261
"06/17/2015","S65E","PHEOPHYTIN-A(LC)","ug/L",0.608
"07/01/2015","S65E","PHEOPHYTIN-A(LC)","ug/L",0.653
"07/15/2015","S65E","PHEOPHYTIN-A(LC)","ug/L",1.35
"07/29/2015","S65E","PHEOPHYTIN-A(LC)","ug/L",0.797
"08/12/2015","S65E","PHEOPHYTIN-A(LC)","ug/L",1.55
"08/26/2015","S65E","PHEOPHYTIN-A(LC)","ug/L",1.42
"09/09/2015","S65E","PHEOPHYTIN-A(LC)","ug/L",0.592
"09/23/2015","S65E","PHEOPHYTIN-A(LC)","ug/L",0.437
"10/07/2015","S65E","PHEOPHYTIN-A(LC)","ug/L",0.876
"10/21/2015","S65E","PHEOPHYTIN-A(LC)","ug/L",0.761
"11/04/2015","S65E","PHEOPHYTIN-A(LC)","ug/L",0.683
"11/18/2015","S65E","PHEOPHYTIN-A(LC)","ug/L",0.381
"12/02/2015","S65E","PHEOPHYTIN-A(LC)","ug/L",0.32
"01/09/2017","S65E","PHEOPHYTIN-A(LC)","ug/L",0.675
"01/23/2017","S65E","PHEOPHYTIN-A(LC)","ug/L",0.539
"02/06/2017","S65E","PHEOPHYTIN-A(LC)","ug/L",0.116
"02/20/2017","S65E","PHEOPHYTIN-A(LC)","ug/L",0.557
"03/06/2017","S65E","PHEOPHYTIN-A(LC)","ug/L",0.544
"03/20/2017","S65E","PHEOPHYTIN-A(LC)","ug/L",0.771
"04/17/2017","S65E","PHEOPHYTIN-A(LC)","ug/L",0.484
"04/24/2017","S65E","PHEOPHYTIN-A(LC)","ug/L",0.456
"05/01/2017","S65E","PHEOPHYTIN-A(LC)","ug/L",0.421
"05/08/2017","S65E","PHEOPHYTIN-A(LC)","ug/L",0.766
"06/05/2017","S65E","PHEOPHYTIN-A(LC)","ug/L",0.773
"06/12/2017","S65E","PHEOPHYTIN-A(LC)","ug/L",1.09
"06/19/2017","S65E","PHEOPHYTIN-A(LC)","ug/L",1.23
"07/05/2017","S65E","PHEOPHYTIN-A(LC)","ug/L",1.22
"07/17/2017","S65E","PHEOPHYTIN-A(LC)","ug/L",0.491
"08/01/2017","S65E","PHEOPHYTIN-A(LC)","ug/L",1.68
"08/14/2017","S65E","PHEOPHYTIN-A(LC)","ug/L",0.796
"08/28/2017","S65E","PHEOPHYTIN-A(LC)","ug/L",0.832
"09/13/2017","S65E","PHEOPHYTIN-A(LC)","ug/L",0.52
"09/25/2017","S65E","PHEOPHYTIN-A(LC)","ug/L",1.09
"10/09/2017","S65E","PHEOPHYTIN-A(LC)","ug/L",0.325
"10/23/2017","S65E","PHEOPHYTIN-A(LC)","ug/L",0.758
"11/06/2017","S65E","PHEOPHYTIN-A(LC)","ug/L",0.728
"11/20/2017","S65E","PHEOPHYTIN-A(LC)","ug/L",0.637
"12/04/2017","S65E","PHEOPHYTIN-A(LC)","ug/L",0.54
"01/16/2018","S65E","PHEOPHYTIN-A(LC)","ug/L",0.331
"02/12/2018","S65E","PHEOPHYTIN-A(LC)","ug/L",0.576
"03/12/2018","S65E","PHEOPHYTIN-A(LC)","ug/L",1.45
"03/26/2018","S65E","PHEOPHYTIN-A(LC)","ug/L",1.19
"04/23/2018","S65E","PHEOPHYTIN-A(LC)","ug/L",0.414
"05/07/2018","S65E","PHEOPHYTIN-A(LC)","ug/L",0.601
"05/21/2018","S65E","PHEOPHYTIN-A(LC)","ug/L",2.18
"06/18/2018","S65E","PHEOPHYTIN-A(LC)","ug/L",1.1
"07/02/2018","S65E","PHEOPHYTIN-A(LC)","ug/L",1.66
"07/16/2018","S65E","PHEOPHYTIN-A(LC)","ug/L",2.27
"07/30/2018","S65E","PHEOPHYTIN-A(LC)","ug/L",3.99
"08/06/2018","S65E","PHEOPHYTIN-A(LC)","ug/L",2.69
"08/20/2018","S65E","PHEOPHYTIN-A(LC)","ug/L",2.6
"09/04/2018","S65E","PHEOPHYTIN-A(LC)","ug/L",1.18
"09/17/2018","S65E","PHEOPHYTIN-A(LC)","ug/L",0.775
"10/01/2018","S65E","PHEOPHYTIN-A(LC)","ug/L",1.06
"10/04/2018","S65E","PHEOPHYTIN-A(LC)","ug/L",1.37
"10/15/2018","S65E","PHEOPHYTIN-A(LC)","ug/L",0.915
"10/29/2018","S65E","PHEOPHYTIN-A(LC)","ug/L",0.952
"11/13/2018","S65E","PHEOPHYTIN-A(LC)","ug/L",0.661
"11/26/2018","S65E","PHEOPHYTIN-A(LC)","ug/L",0.500333333333333
"12/11/2018","S65E","PHEOPHYTIN-A(LC)","ug/L",0.332
"12/26/2018","S65E","PHEOPHYTIN-A(LC)","ug/L",0.672
"01/07/2019","S65E","PHEOPHYTIN-A(LC)","ug/L",0.715
"01/22/2019","S65E","PHEOPHYTIN-A(LC)","ug/L",0.955
"02/04/2019","S65E","PHEOPHYTIN-A(LC)","ug/L",0.843
"02/18/2019","S65E","PHEOPHYTIN-A(LC)","ug/L",1.1
"03/04/2019","S65E","PHEOPHYTIN-A(LC)","ug/L",1.20333333333333
"03/06/2019","S65E","PHEOPHYTIN-A(LC)","ug/L",1.42
"03/18/2019","S65E","PHEOPHYTIN-A(LC)","ug/L",1.07
"04/08/2019","S65E","PHEOPHYTIN-A(LC)","ug/L",1.46
"04/22/2019","S65E","PHEOPHYTIN-A(LC)","ug/L",1.42
"05/06/2019","S65E","PHEOPHYTIN-A(LC)","ug/L",0.619
"05/20/2019","S65E","PHEOPHYTIN-A(LC)","ug/L",0.965
"06/03/2019","S65E","PHEOPHYTIN-A(LC)","ug/L",0.7
"06/17/2019","S65E","PHEOPHYTIN-A(LC)","ug/L",1.4
"06/20/2019","S65E","PHEOPHYTIN-A(LC)","ug/L",2.25
"07/01/2019","S65E","PHEOPHYTIN-A(LC)","ug/L",1.4
"07/15/2019","S65E","PHEOPHYTIN-A(LC)","ug/L",0.852
"07/29/2019","S65E","PHEOPHYTIN-A(LC)","ug/L",1.39
"08/12/2019","S65E","PHEOPHYTIN-A(LC)","ug/L",0.656
"08/26/2019","S65E","PHEOPHYTIN-A(LC)","ug/L",0.787
"09/09/2019","S65E","PHEOPHYTIN-A(LC)","ug/L",0.931
"09/23/2019","S65E","PHEOPHYTIN-A(LC)","ug/L",1.69
"10/08/2019","S65E","PHEOPHYTIN-A(LC)","ug/L",0.412
"10/21/2019","S65E","PHEOPHYTIN-A(LC)","ug/L",0.916
"11/04/2019","S65E","PHEOPHYTIN-A(LC)","ug/L",0.626
"11/18/2019","S65E","PHEOPHYTIN-A(LC)","ug/L",0.332
"12/02/2019","S65E","PHEOPHYTIN-A(LC)","ug/L",0.958
"12/16/2019","S65E","PHEOPHYTIN-A(LC)","ug/L",1.25
"01/13/2020","S65E","PHEOPHYTIN-A(LC)","ug/L",1.56
"01/27/2020","S65E","PHEOPHYTIN-A(LC)","ug/L",1.56
"02/10/2020","S65E","PHEOPHYTIN-A(LC)","ug/L",1.47
"02/24/2020","S65E","PHEOPHYTIN-A(LC)","ug/L",1.84
"03/09/2020","S65E","PHEOPHYTIN-A(LC)","ug/L",2.2
"03/23/2020","S65E","PHEOPHYTIN-A(LC)","ug/L",0.848
"04/06/2020","S65E","PHEOPHYTIN-A(LC)","ug/L",1.23
"04/20/2020","S65E","PHEOPHYTIN-A(LC)","ug/L",1.29
"05/04/2020","S65E","PHEOPHYTIN-A(LC)","ug/L",1.11
"05/18/2020","S65E","PHEOPHYTIN-A(LC)","ug/L",1.48
"06/01/2020","S65E","PHEOPHYTIN-A(LC)","ug/L",3.18
"06/15/2020","S65E","PHEOPHYTIN-A(LC)","ug/L",1.12
"06/29/2020","S65E","PHEOPHYTIN-A(LC)","ug/L",1.18
"07/13/2020","S65E","PHEOPHYTIN-A(LC)","ug/L",1.43
"07/27/2020","S65E","PHEOPHYTIN-A(LC)","ug/L",1.06
"08/10/2020","S65E","PHEOPHYTIN-A(LC)","ug/L",0.835
"08/24/2020","S65E","PHEOPHYTIN-A(LC)","ug/L",0.853
"09/08/2020","S65E","PHEOPHYTIN-A(LC)","ug/L",0.876
"09/21/2020","S65E","PHEOPHYTIN-A(LC)","ug/L",0.731
"10/05/2020","S65E","PHEOPHYTIN-A(LC)","ug/L",0.467
"10/19/2020","S65E","PHEOPHYTIN-A(LC)","ug/L",0.308
"11/02/2020","S65E","PHEOPHYTIN-A(LC)","ug/L",0.843
"11/16/2020","S65E","PHEOPHYTIN-A(LC)","ug/L",0.372
"11/30/2020","S65E","PHEOPHYTIN-A(LC)","ug/L",0.763
"12/14/2020","S65E","PHEOPHYTIN-A(LC)","ug/L",0.525
"12/28/2020","S65E","PHEOPHYTIN-A(LC)","ug/L",0.765
"01/11/2021","S65E","PHEOPHYTIN-A(LC)","ug/L",2.1
"01/25/2021","S65E","PHEOPHYTIN-A(LC)","ug/L",1.39
"02/08/2021","S65E","PHEOPHYTIN-A(LC)","ug/L",1.34
"02/22/2021","S65E","PHEOPHYTIN-A(LC)","ug/L",1.85
"03/08/2021","S65E","PHEOPHYTIN-A(LC)","ug/L",1.96
"03/22/2021","S65E","PHEOPHYTIN-A(LC)","ug/L",2.04
"04/05/2021","S65E","PHEOPHYTIN-A(LC)","ug/L",2.04
"04/19/2021","S65E","PHEOPHYTIN-A(LC)","ug/L",1.67
"05/03/2021","S65E","PHEOPHYTIN-A(LC)","ug/L",1.91
"05/17/2021","S65E","PHEOPHYTIN-A(LC)","ug/L",1.33
"06/01/2021","S65E","PHEOPHYTIN-A(LC)","ug/L",0.904
"06/14/2021","S65E","PHEOPHYTIN-A(LC)","ug/L",1
"06/28/2021","S65E","PHEOPHYTIN-A(LC)","ug/L",1.1
"07/12/2021","S65E","PHEOPHYTIN-A(LC)","ug/L",1.69
"07/26/2021","S65E","PHEOPHYTIN-A(LC)","ug/L",1.93
"08/09/2021","S65E","PHEOPHYTIN-A(LC)","ug/L",1.52
"08/23/2021","S65E","PHEOPHYTIN-A(LC)","ug/L",1.33
"09/07/2021","S65E","PHEOPHYTIN-A(LC)","ug/L",0.968
"09/20/2021","S65E","PHEOPHYTIN-A(LC)","ug/L",0.68
"10/04/2021","S65E","PHEOPHYTIN-A(LC)","ug/L",0.643
"10/18/2021","S65E","PHEOPHYTIN-A(LC)","ug/L",1.09
"11/01/2021","S65E","PHEOPHYTIN-A(LC)","ug/L",0.949
"11/15/2021","S65E","PHEOPHYTIN-A(LC)","ug/L",1.11
"11/29/2021","S65E","PHEOPHYTIN-A(LC)","ug/L",1.56
"12/13/2021","S65E","PHEOPHYTIN-A(LC)","ug/L",1.02
"12/27/2021","S65E","PHEOPHYTIN-A(LC)","ug/L",0.782
"01/10/2022","S65E","PHEOPHYTIN-A(LC)","ug/L",1.74
"01/24/2022","S65E","PHEOPHYTIN-A(LC)","ug/L",0.92
"02/07/2022","S65E","PHEOPHYTIN-A(LC)","ug/L",1.56
"02/21/2022","S65E","PHEOPHYTIN-A(LC)","ug/L",2.19
"03/07/2022","S65E","PHEOPHYTIN-A(LC)","ug/L",1.48
"03/21/2022","S65E","PHEOPHYTIN-A(LC)","ug/L",1.71
"04/04/2022","S65E","PHEOPHYTIN-A(LC)","ug/L",1.38
"04/18/2022","S65E","PHEOPHYTIN-A(LC)","ug/L",0.96
"05/02/2022","S65E","PHEOPHYTIN-A(LC)","ug/L",1.75
"05/16/2022","S65E","PHEOPHYTIN-A(LC)","ug/L",1.53
"05/31/2022","S65E","PHEOPHYTIN-A(LC)","ug/L",1.22
"06/13/2022","S65E","PHEOPHYTIN-A(LC)","ug/L",0.315
"06/27/2022","S65E","PHEOPHYTIN-A(LC)","ug/L",0.774
"07/11/2022","S65E","PHEOPHYTIN-A(LC)","ug/L",1.39
"07/25/2022","S65E","PHEOPHYTIN-A(LC)","ug/L",0.901
"08/08/2022","S65E","PHEOPHYTIN-A(LC)","ug/L",0.332
"08/22/2022","S65E","PHEOPHYTIN-A(LC)","ug/L",0.372
"09/06/2022","S65E","PHEOPHYTIN-A(LC)","ug/L",0.252
"09/19/2022","S65E","PHEOPHYTIN-A(LC)","ug/L",0.544
"10/03/2022","S65E","PHEOPHYTIN-A(LC)","ug/L",1.05
"10/17/2022","S65E","PHEOPHYTIN-A(LC)","ug/L",0.548
"10/31/2022","S65E","PHEOPHYTIN-A(LC)","ug/L",0.445
"11/14/2022","S65E","PHEOPHYTIN-A(LC)","ug/L",0.452
"11/28/2022","S65E","PHEOPHYTIN-A(LC)","ug/L",0.614
"12/12/2022","S65E","PHEOPHYTIN-A(LC)","ug/L",0.48
"12/27/2022","S65E","PHEOPHYTIN-A(LC)","ug/L",0.493
"01/09/2023","S65E","PHEOPHYTIN-A(LC)","ug/L",0.413
"01/23/2023","S65E","PHEOPHYTIN-A(LC)","ug/L",0.396
"02/06/2023","S65E","PHEOPHYTIN-A(LC)","ug/L",0.436
"02/20/2023","S65E","PHEOPHYTIN-A(LC)","ug/L",0.32
"03/06/2023","S65E","PHEOPHYTIN-A(LC)","ug/L",0.534
"03/20/2023","S65E","PHEOPHYTIN-A(LC)","ug/L",0.517
"04/03/2023","S65E","PHEOPHYTIN-A(LC)","ug/L",0.779
"04/17/2023","S65E","PHEOPHYTIN-A(LC)","ug/L",0.592
"05/01/2023","S65E","PHEOPHYTIN-A(LC)","ug/L",0.798
"08/27/1973","S65E","PHOSPHATE, DISSOLVED AS P","mg/L",0.026
"08/29/1973","S65E","PHOSPHATE, DISSOLVED AS P","mg/L",0.092
"06/22/1976","S65E","PHOSPHATE, DISSOLVED AS P","mg/L",0.204
"07/20/1976","S65E","PHOSPHATE, DISSOLVED AS P","mg/L",0.0835
"08/24/1976","S65E","PHOSPHATE, DISSOLVED AS P","mg/L",0.0255
"09/21/1976","S65E","PHOSPHATE, DISSOLVED AS P","mg/L",0.0325
"10/19/1976","S65E","PHOSPHATE, DISSOLVED AS P","mg/L",0.0575
"12/06/1976","S65E","PHOSPHATE, DISSOLVED AS P","mg/L",0.1055
"01/25/1977","S65E","PHOSPHATE, DISSOLVED AS P","mg/L",0.0225
"03/21/1977","S65E","PHOSPHATE, DISSOLVED AS P","mg/L",0.04
"05/23/1977","S65E","PHOSPHATE, DISSOLVED AS P","mg/L",0.0435
"08/04/1980","S65E","PHOSPHATE, DISSOLVED AS P","mg/L",0.146
"04/16/1973","S65E","PHOSPHATE, ORTHO AS P","mg/L",0.006
"04/23/1973","S65E","PHOSPHATE, ORTHO AS P","mg/L",0.018
"04/30/1973","S65E","PHOSPHATE, ORTHO AS P","mg/L",0.005
"05/07/1973","S65E","PHOSPHATE, ORTHO AS P","mg/L",0.005
"05/14/1973","S65E","PHOSPHATE, ORTHO AS P","mg/L",0.006
"05/21/1973","S65E","PHOSPHATE, ORTHO AS P","mg/L",0.005
"05/29/1973","S65E","PHOSPHATE, ORTHO AS P","mg/L",0.004
"06/04/1973","S65E","PHOSPHATE, ORTHO AS P","mg/L",0.009
"06/11/1973","S65E","PHOSPHATE, ORTHO AS P","mg/L",0.032
"06/13/1973","S65E","PHOSPHATE, ORTHO AS P","mg/L",0.01
"06/18/1973","S65E","PHOSPHATE, ORTHO AS P","mg/L",-0.002
"06/25/1973","S65E","PHOSPHATE, ORTHO AS P","mg/L",0.017
"07/02/1973","S65E","PHOSPHATE, ORTHO AS P","mg/L",0.028
"07/09/1973","S65E","PHOSPHATE, ORTHO AS P","mg/L",0.055
"07/16/1973","S65E","PHOSPHATE, ORTHO AS P","mg/L",0.0973333333333333
"07/23/1973","S65E","PHOSPHATE, ORTHO AS P","mg/L",0.116
"07/30/1973","S65E","PHOSPHATE, ORTHO AS P","mg/L",0.267
"08/06/1973","S65E","PHOSPHATE, ORTHO AS P","mg/L",0.123
"08/13/1973","S65E","PHOSPHATE, ORTHO AS P","mg/L",0.018
"08/20/1973","S65E","PHOSPHATE, ORTHO AS P","mg/L",0.027
"08/27/1973","S65E","PHOSPHATE, ORTHO AS P","mg/L",0.01
"08/29/1973","S65E","PHOSPHATE, ORTHO AS P","mg/L",0.072
"09/04/1973","S65E","PHOSPHATE, ORTHO AS P","mg/L",0.056
"09/10/1973","S65E","PHOSPHATE, ORTHO AS P","mg/L",0.047
"09/17/1973","S65E","PHOSPHATE, ORTHO AS P","mg/L",0.05
"09/24/1973","S65E","PHOSPHATE, ORTHO AS P","mg/L",0.047
"10/01/1973","S65E","PHOSPHATE, ORTHO AS P","mg/L",0.026
"10/02/1973","S65E","PHOSPHATE, ORTHO AS P","mg/L",0.0155
"10/08/1973","S65E","PHOSPHATE, ORTHO AS P","mg/L",0.014
"10/15/1973","S65E","PHOSPHATE, ORTHO AS P","mg/L",0.067
"10/23/1973","S65E","PHOSPHATE, ORTHO AS P","mg/L",0.06
"10/29/1973","S65E","PHOSPHATE, ORTHO AS P","mg/L",0.064
"11/07/1973","S65E","PHOSPHATE, ORTHO AS P","mg/L",0.053
"11/12/1973","S65E","PHOSPHATE, ORTHO AS P","mg/L",0.04
"11/13/1973","S65E","PHOSPHATE, ORTHO AS P","mg/L",0.08
"11/26/1973","S65E","PHOSPHATE, ORTHO AS P","mg/L",0.054
"12/03/1973","S65E","PHOSPHATE, ORTHO AS P","mg/L",0.048
"12/05/1973","S65E","PHOSPHATE, ORTHO AS P","mg/L",0.052
"12/10/1973","S65E","PHOSPHATE, ORTHO AS P","mg/L",0.02
"12/11/1973","S65E","PHOSPHATE, ORTHO AS P","mg/L",0.07
"12/17/1973","S65E","PHOSPHATE, ORTHO AS P","mg/L",0.044
"01/02/1974","S65E","PHOSPHATE, ORTHO AS P","mg/L",0.004
"01/08/1974","S65E","PHOSPHATE, ORTHO AS P","mg/L",0.0415
"01/14/1974","S65E","PHOSPHATE, ORTHO AS P","mg/L",0.009
"01/28/1974","S65E","PHOSPHATE, ORTHO AS P","mg/L",0.005
"02/11/1974","S65E","PHOSPHATE, ORTHO AS P","mg/L",0.012
"02/12/1974","S65E","PHOSPHATE, ORTHO AS P","mg/L",0.042
"02/25/1974","S65E","PHOSPHATE, ORTHO AS P","mg/L",0.028
"03/05/1974","S65E","PHOSPHATE, ORTHO AS P","mg/L",0.015
"03/11/1974","S65E","PHOSPHATE, ORTHO AS P","mg/L",0.01
"03/25/1974","S65E","PHOSPHATE, ORTHO AS P","mg/L",0.014
"04/02/1974","S65E","PHOSPHATE, ORTHO AS P","mg/L",0.016
"04/08/1974","S65E","PHOSPHATE, ORTHO AS P","mg/L",0.07
"04/22/1974","S65E","PHOSPHATE, ORTHO AS P","mg/L",0.03
"05/07/1974","S65E","PHOSPHATE, ORTHO AS P","mg/L",0.017
"05/13/1974","S65E","PHOSPHATE, ORTHO AS P","mg/L",0.023
"05/28/1974","S65E","PHOSPHATE, ORTHO AS P","mg/L",0.008
"06/10/1974","S65E","PHOSPHATE, ORTHO AS P","mg/L",0.025
"06/11/1974","S65E","PHOSPHATE, ORTHO AS P","mg/L",0.032
"06/24/1974","S65E","PHOSPHATE, ORTHO AS P","mg/L",0.098
"07/08/1974","S65E","PHOSPHATE, ORTHO AS P","mg/L",0.226
"07/09/1974","S65E","PHOSPHATE, ORTHO AS P","mg/L",0.0815
"07/22/1974","S65E","PHOSPHATE, ORTHO AS P","mg/L",0.16
"08/05/1974","S65E","PHOSPHATE, ORTHO AS P","mg/L",0.02
"08/13/1974","S65E","PHOSPHATE, ORTHO AS P","mg/L",0.0165
"08/19/1974","S65E","PHOSPHATE, ORTHO AS P","mg/L",0.032
"09/03/1974","S65E","PHOSPHATE, ORTHO AS P","mg/L",0.036
"09/10/1974","S65E","PHOSPHATE, ORTHO AS P","mg/L",0.0275
"09/16/1974","S65E","PHOSPHATE, ORTHO AS P","mg/L",0.038
"09/30/1974","S65E","PHOSPHATE, ORTHO AS P","mg/L",0.014
"10/08/1974","S65E","PHOSPHATE, ORTHO AS P","mg/L",0.038
"10/14/1974","S65E","PHOSPHATE, ORTHO AS P","mg/L",0.036
"10/28/1974","S65E","PHOSPHATE, ORTHO AS P","mg/L",0.05
"11/05/1974","S65E","PHOSPHATE, ORTHO AS P","mg/L",0.0565
"11/12/1974","S65E","PHOSPHATE, ORTHO AS P","mg/L",0.052
"12/10/1974","S65E","PHOSPHATE, ORTHO AS P","mg/L",0.0545
"01/07/1975","S65E","PHOSPHATE, ORTHO AS P","mg/L",0.039
"02/04/1975","S65E","PHOSPHATE, ORTHO AS P","mg/L",0.031
"03/05/1975","S65E","PHOSPHATE, ORTHO AS P","mg/L",0.052
"04/08/1975","S65E","PHOSPHATE, ORTHO AS P","mg/L",0.018
"05/06/1975","S65E","PHOSPHATE, ORTHO AS P","mg/L",0.0085
"06/03/1975","S65E","PHOSPHATE, ORTHO AS P","mg/L",-0.002
"07/15/1975","S65E","PHOSPHATE, ORTHO AS P","mg/L",0.259
"08/12/1975","S65E","PHOSPHATE, ORTHO AS P","mg/L",0.1005
"09/12/1975","S65E","PHOSPHATE, ORTHO AS P","mg/L",0.003
"10/27/1975","S65E","PHOSPHATE, ORTHO AS P","mg/L",0.061
"10/28/1975","S65E","PHOSPHATE, ORTHO AS P","mg/L",0.0595
"11/18/1975","S65E","PHOSPHATE, ORTHO AS P","mg/L",0.0215
"02/12/1976","S65E","PHOSPHATE, ORTHO AS P","mg/L",0.0125
"05/11/1976","S65E","PHOSPHATE, ORTHO AS P","mg/L",0.0125
"06/22/1976","S65E","PHOSPHATE, ORTHO AS P","mg/L",0.172
"06/25/1976","S65E","PHOSPHATE, ORTHO AS P","mg/L",0.136
"07/20/1976","S65E","PHOSPHATE, ORTHO AS P","mg/L",0.0565
"08/24/1976","S65E","PHOSPHATE, ORTHO AS P","mg/L",-0.002
"09/21/1976","S65E","PHOSPHATE, ORTHO AS P","mg/L",0.0295
"10/19/1976","S65E","PHOSPHATE, ORTHO AS P","mg/L",0.039
"12/06/1976","S65E","PHOSPHATE, ORTHO AS P","mg/L",0.042
"01/25/1977","S65E","PHOSPHATE, ORTHO AS P","mg/L",0.0045
"03/21/1977","S65E","PHOSPHATE, ORTHO AS P","mg/L",0.01
"05/23/1977","S65E","PHOSPHATE, ORTHO AS P","mg/L",0.027
"07/25/1977","S65E","PHOSPHATE, ORTHO AS P","mg/L",0.0215
"09/20/1977","S65E","PHOSPHATE, ORTHO AS P","mg/L",0.1005
"12/01/1977","S65E","PHOSPHATE, ORTHO AS P","mg/L",0.1385
"01/24/1978","S65E","PHOSPHATE, ORTHO AS P","mg/L",0.033
"03/21/1978","S65E","PHOSPHATE, ORTHO AS P","mg/L",0.0235
"05/30/1978","S65E","PHOSPHATE, ORTHO AS P","mg/L",0.0095
"06/21/1978","S65E","PHOSPHATE, ORTHO AS P","mg/L",0.1085
"07/25/1978","S65E","PHOSPHATE, ORTHO AS P","mg/L",0.1785
"08/22/1978","S65E","PHOSPHATE, ORTHO AS P","mg/L",0.025
"09/18/1978","S65E","PHOSPHATE, ORTHO AS P","mg/L",0.006
"10/09/1978","S65E","PHOSPHATE, ORTHO AS P","mg/L",0.083
"10/17/1978","S65E","PHOSPHATE, ORTHO AS P","mg/L",0.061
"10/23/1978","S65E","PHOSPHATE, ORTHO AS P","mg/L",0.052
"11/14/1978","S65E","PHOSPHATE, ORTHO AS P","mg/L",0.057
"11/20/1978","S65E","PHOSPHATE, ORTHO AS P","mg/L",0.057
"12/04/1978","S65E","PHOSPHATE, ORTHO AS P","mg/L",0.071
"12/12/1978","S65E","PHOSPHATE, ORTHO AS P","mg/L",0.075
"12/19/1978","S65E","PHOSPHATE, ORTHO AS P","mg/L",0.078
"01/08/1979","S65E","PHOSPHATE, ORTHO AS P","mg/L",0.082
"01/22/1979","S65E","PHOSPHATE, ORTHO AS P","mg/L",0.021
"01/23/1979","S65E","PHOSPHATE, ORTHO AS P","mg/L",0.0165
"02/05/1979","S65E","PHOSPHATE, ORTHO AS P","mg/L",0.007
"02/20/1979","S65E","PHOSPHATE, ORTHO AS P","mg/L",-0.002
"03/05/1979","S65E","PHOSPHATE, ORTHO AS P","mg/L",-0.021
"03/19/1979","S65E","PHOSPHATE, ORTHO AS P","mg/L",0.01
"04/02/1979","S65E","PHOSPHATE, ORTHO AS P","mg/L",0.029
"04/16/1979","S65E","PHOSPHATE, ORTHO AS P","mg/L",0.016
"04/24/1979","S65E","PHOSPHATE, ORTHO AS P","mg/L",0.042
"04/30/1979","S65E","PHOSPHATE, ORTHO AS P","mg/L",0.0346666666666667
"05/14/1979","S65E","PHOSPHATE, ORTHO AS P","mg/L",0.04
"05/22/1979","S65E","PHOSPHATE, ORTHO AS P","mg/L",0.022
"05/29/1979","S65E","PHOSPHATE, ORTHO AS P","mg/L",0.061
"06/11/1979","S65E","PHOSPHATE, ORTHO AS P","mg/L",0.188
"06/18/1979","S65E","PHOSPHATE, ORTHO AS P","mg/L",0.1885
"06/25/1979","S65E","PHOSPHATE, ORTHO AS P","mg/L",0.191
"07/09/1979","S65E","PHOSPHATE, ORTHO AS P","mg/L",0.108
"07/17/1979","S65E","PHOSPHATE, ORTHO AS P","mg/L",0.0885
"07/23/1979","S65E","PHOSPHATE, ORTHO AS P","mg/L",0.064
"08/06/1979","S65E","PHOSPHATE, ORTHO AS P","mg/L",0.046
"08/20/1979","S65E","PHOSPHATE, ORTHO AS P","mg/L",0.067
"08/21/1979","S65E","PHOSPHATE, ORTHO AS P","mg/L",0.046
"09/05/1979","S65E","PHOSPHATE, ORTHO AS P","mg/L",0.152
"09/18/1979","S65E","PHOSPHATE, ORTHO AS P","mg/L",0.158
"10/01/1979","S65E","PHOSPHATE, ORTHO AS P","mg/L",0.099
"10/02/1979","S65E","PHOSPHATE, ORTHO AS P","mg/L",0.121
"10/15/1979","S65E","PHOSPHATE, ORTHO AS P","mg/L",0.039
"10/29/1979","S65E","PHOSPHATE, ORTHO AS P","mg/L",0.04
"11/13/1979","S65E","PHOSPHATE, ORTHO AS P","mg/L",0.057
"12/11/1979","S65E","PHOSPHATE, ORTHO AS P","mg/L",0.045
"01/08/1980","S65E","PHOSPHATE, ORTHO AS P","mg/L",0.005
"01/22/1980","S65E","PHOSPHATE, ORTHO AS P","mg/L",0.005
"02/19/1980","S65E","PHOSPHATE, ORTHO AS P","mg/L",0.022
"03/04/1980","S65E","PHOSPHATE, ORTHO AS P","mg/L",0.018
"03/18/1980","S65E","PHOSPHATE, ORTHO AS P","mg/L",0.014
"04/02/1980","S65E","PHOSPHATE, ORTHO AS P","mg/L",0.035
"04/16/1980","S65E","PHOSPHATE, ORTHO AS P","mg/L",0.131
"04/30/1980","S65E","PHOSPHATE, ORTHO AS P","mg/L",0.038
"05/12/1980","S65E","PHOSPHATE, ORTHO AS P","mg/L",0.013
"05/13/1980","S65E","PHOSPHATE, ORTHO AS P","mg/L",0.022
"05/28/1980","S65E","PHOSPHATE, ORTHO AS P","mg/L",0.016
"06/09/1980","S65E","PHOSPHATE, ORTHO AS P","mg/L",0.005
"06/25/1980","S65E","PHOSPHATE, ORTHO AS P","mg/L",0.007
"07/08/1980","S65E","PHOSPHATE, ORTHO AS P","mg/L",0.011
"07/24/1980","S65E","PHOSPHATE, ORTHO AS P","mg/L",0.083
"08/04/1980","S65E","PHOSPHATE, ORTHO AS P","mg/L",0.095
"08/20/1980","S65E","PHOSPHATE, ORTHO AS P","mg/L",0.045
"09/03/1980","S65E","PHOSPHATE, ORTHO AS P","mg/L",0.084
"09/17/1980","S65E","PHOSPHATE, ORTHO AS P","mg/L",0.279
"09/30/1980","S65E","PHOSPHATE, ORTHO AS P","mg/L",0.231
"10/01/1980","S65E","PHOSPHATE, ORTHO AS P","mg/L",0.241
"10/14/1980","S65E","PHOSPHATE, ORTHO AS P","mg/L",0.297
"10/28/1980","S65E","PHOSPHATE, ORTHO AS P","mg/L",0.157333333333333
"10/29/1980","S65E","PHOSPHATE, ORTHO AS P","mg/L",0.162
"11/12/1980","S65E","PHOSPHATE, ORTHO AS P","mg/L",0.146
"11/25/1980","S65E","PHOSPHATE, ORTHO AS P","mg/L",0.077
"12/02/1980","S65E","PHOSPHATE, ORTHO AS P","mg/L",0.115
"12/23/1980","S65E","PHOSPHATE, ORTHO AS P","mg/L",0.121
"12/31/1980","S65E","PHOSPHATE, ORTHO AS P","mg/L",0.119
"01/14/1981","S65E","PHOSPHATE, ORTHO AS P","mg/L",0.104
"01/20/1981","S65E","PHOSPHATE, ORTHO AS P","mg/L",0.091
"01/27/1981","S65E","PHOSPHATE, ORTHO AS P","mg/L",0.09
"02/11/1981","S65E","PHOSPHATE, ORTHO AS P","mg/L",0.08
"02/17/1981","S65E","PHOSPHATE, ORTHO AS P","mg/L",0.087
"02/24/1981","S65E","PHOSPHATE, ORTHO AS P","mg/L",0.094
"03/11/1981","S65E","PHOSPHATE, ORTHO AS P","mg/L",0.087
"03/16/1981","S65E","PHOSPHATE, ORTHO AS P","mg/L",0.09
"03/24/1981","S65E","PHOSPHATE, ORTHO AS P","mg/L",0.088
"04/08/1981","S65E","PHOSPHATE, ORTHO AS P","mg/L",0.076
"04/13/1981","S65E","PHOSPHATE, ORTHO AS P","mg/L",0.0933333333333333
"04/21/1981","S65E","PHOSPHATE, ORTHO AS P","mg/L",0.071
"05/06/1981","S65E","PHOSPHATE, ORTHO AS P","mg/L",0.082
"05/11/1981","S65E","PHOSPHATE, ORTHO AS P","mg/L",0.077
"05/19/1981","S65E","PHOSPHATE, ORTHO AS P","mg/L",0.07
"06/02/1981","S65E","PHOSPHATE, ORTHO AS P","mg/L",0.039
"06/08/1981","S65E","PHOSPHATE, ORTHO AS P","mg/L",0.068
"06/17/1981","S65E","PHOSPHATE, ORTHO AS P","mg/L",0.041
"06/30/1981","S65E","PHOSPHATE, ORTHO AS P","mg/L",0.056
"07/06/1981","S65E","PHOSPHATE, ORTHO AS P","mg/L",0.041
"07/16/1981","S65E","PHOSPHATE, ORTHO AS P","mg/L",-0.002
"07/28/1981","S65E","PHOSPHATE, ORTHO AS P","mg/L",0.042
"08/03/1981","S65E","PHOSPHATE, ORTHO AS P","mg/L",0.017
"08/12/1981","S65E","PHOSPHATE, ORTHO AS P","mg/L",0.012
"08/25/1981","S65E","PHOSPHATE, ORTHO AS P","mg/L",0.078
"08/31/1981","S65E","PHOSPHATE, ORTHO AS P","mg/L",0.132
"09/10/1981","S65E","PHOSPHATE, ORTHO AS P","mg/L",0.22
"09/23/1981","S65E","PHOSPHATE, ORTHO AS P","mg/L",0.145
"09/28/1981","S65E","PHOSPHATE, ORTHO AS P","mg/L",0.150333333333333
"10/06/1981","S65E","PHOSPHATE, ORTHO AS P","mg/L",0.169
"10/20/1981","S65E","PHOSPHATE, ORTHO AS P","mg/L",0.154333333333333
"10/26/1981","S65E","PHOSPHATE, ORTHO AS P","mg/L",0.18
"11/04/1981","S65E","PHOSPHATE, ORTHO AS P","mg/L",0.207
"11/23/1981","S65E","PHOSPHATE, ORTHO AS P","mg/L",0.179666666666667
"12/02/1981","S65E","PHOSPHATE, ORTHO AS P","mg/L",0.127
"12/21/1981","S65E","PHOSPHATE, ORTHO AS P","mg/L",0.113
"12/29/1981","S65E","PHOSPHATE, ORTHO AS P","mg/L",0.099
"01/18/1982","S65E","PHOSPHATE, ORTHO AS P","mg/L",0.091
"02/16/1982","S65E","PHOSPHATE, ORTHO AS P","mg/L",0.095
"02/24/1982","S65E","PHOSPHATE, ORTHO AS P","mg/L",0.087
"03/09/1982","S65E","PHOSPHATE, ORTHO AS P","mg/L",0.11
"03/15/1982","S65E","PHOSPHATE, ORTHO AS P","mg/L",0.136
"04/05/1982","S65E","PHOSPHATE, ORTHO AS P","mg/L",0.205
"04/12/1982","S65E","PHOSPHATE, ORTHO AS P","mg/L",0.208
"04/19/1982","S65E","PHOSPHATE, ORTHO AS P","mg/L",0.164
"05/04/1982","S65E","PHOSPHATE, ORTHO AS P","mg/L",0.09
"05/10/1982","S65E","PHOSPHATE, ORTHO AS P","mg/L",-0.00133333333333333
"05/18/1982","S65E","PHOSPHATE, ORTHO AS P","mg/L",0.006
"06/01/1982","S65E","PHOSPHATE, ORTHO AS P","mg/L",0.1
"06/07/1982","S65E","PHOSPHATE, ORTHO AS P","mg/L",0.12
"06/14/1982","S65E","PHOSPHATE, ORTHO AS P","mg/L",0.044
"07/01/1982","S65E","PHOSPHATE, ORTHO AS P","mg/L",0.026
"07/07/1982","S65E","PHOSPHATE, ORTHO AS P","mg/L",0.005
"07/12/1982","S65E","PHOSPHATE, ORTHO AS P","mg/L",0.011
"07/27/1982","S65E","PHOSPHATE, ORTHO AS P","mg/L",0.02
"08/02/1982","S65E","PHOSPHATE, ORTHO AS P","mg/L",-0.004
"08/09/1982","S65E","PHOSPHATE, ORTHO AS P","mg/L",-0.004
"08/25/1982","S65E","PHOSPHATE, ORTHO AS P","mg/L",0.011
"09/01/1982","S65E","PHOSPHATE, ORTHO AS P","mg/L",0.006
"09/09/1982","S65E","PHOSPHATE, ORTHO AS P","mg/L",0.016
"09/21/1982","S65E","PHOSPHATE, ORTHO AS P","mg/L",0.011
"09/27/1982","S65E","PHOSPHATE, ORTHO AS P","mg/L",0.007
"10/05/1982","S65E","PHOSPHATE, ORTHO AS P","mg/L",-0.004
"10/20/1982","S65E","PHOSPHATE, ORTHO AS P","mg/L",0.0183333333333333
"10/26/1982","S65E","PHOSPHATE, ORTHO AS P","mg/L",-0.004
"11/01/1982","S65E","PHOSPHATE, ORTHO AS P","mg/L",0.013
"11/22/1982","S65E","PHOSPHATE, ORTHO AS P","mg/L",0.033
"12/06/1982","S65E","PHOSPHATE, ORTHO AS P","mg/L",0.038
"12/20/1982","S65E","PHOSPHATE, ORTHO AS P","mg/L",0.045
"12/22/1982","S65E","PHOSPHATE, ORTHO AS P","mg/L",0.044
"01/04/1983","S65E","PHOSPHATE, ORTHO AS P","mg/L",0.036
"01/18/1983","S65E","PHOSPHATE, ORTHO AS P","mg/L",0.03
"01/19/1983","S65E","PHOSPHATE, ORTHO AS P","mg/L",0.032
"02/01/1983","S65E","PHOSPHATE, ORTHO AS P","mg/L",0.05
"02/15/1983","S65E","PHOSPHATE, ORTHO AS P","mg/L",0.069
"02/17/1983","S65E","PHOSPHATE, ORTHO AS P","mg/L",0.127
"03/02/1983","S65E","PHOSPHATE, ORTHO AS P","mg/L",0.074
"03/15/1983","S65E","PHOSPHATE, ORTHO AS P","mg/L",0.014
"03/17/1983","S65E","PHOSPHATE, ORTHO AS P","mg/L",0.013
"03/29/1983","S65E","PHOSPHATE, ORTHO AS P","mg/L",0.028
"04/14/1983","S65E","PHOSPHATE, ORTHO AS P","mg/L",0.0203333333333333
"04/15/1983","S65E","PHOSPHATE, ORTHO AS P","mg/L",0.019
"04/26/1983","S65E","PHOSPHATE, ORTHO AS P","mg/L",0.014
"05/11/1983","S65E","PHOSPHATE, ORTHO AS P","mg/L",0.014
"05/12/1983","S65E","PHOSPHATE, ORTHO AS P","mg/L",0.018
"05/24/1983","S65E","PHOSPHATE, ORTHO AS P","mg/L",0.02
"06/07/1983","S65E","PHOSPHATE, ORTHO AS P","mg/L",0.026
"06/09/1983","S65E","PHOSPHATE, ORTHO AS P","mg/L",0.036
"06/21/1983","S65E","PHOSPHATE, ORTHO AS P","mg/L",-0.04
"07/06/1983","S65E","PHOSPHATE, ORTHO AS P","mg/L",0.014
"07/07/1983","S65E","PHOSPHATE, ORTHO AS P","mg/L",0.007
"07/19/1983","S65E","PHOSPHATE, ORTHO AS P","mg/L",-0.004
"08/02/1983","S65E","PHOSPHATE, ORTHO AS P","mg/L",0.014
"08/03/1983","S65E","PHOSPHATE, ORTHO AS P","mg/L",0.013
"08/16/1983","S65E","PHOSPHATE, ORTHO AS P","mg/L",0.008
"08/30/1983","S65E","PHOSPHATE, ORTHO AS P","mg/L",-0.004
"09/01/1983","S65E","PHOSPHATE, ORTHO AS P","mg/L",0.016
"09/12/1983","S65E","PHOSPHATE, ORTHO AS P","mg/L",0.042
"09/27/1983","S65E","PHOSPHATE, ORTHO AS P","mg/L",0.013
"09/28/1983","S65E","PHOSPHATE, ORTHO AS P","mg/L",0.011
"10/10/1983","S65E","PHOSPHATE, ORTHO AS P","mg/L",0.032
"10/25/1983","S65E","PHOSPHATE, ORTHO AS P","mg/L",0.075
"10/28/1983","S65E","PHOSPHATE, ORTHO AS P","mg/L",0.102
"11/08/1983","S65E","PHOSPHATE, ORTHO AS P","mg/L",0.197
"11/16/1983","S65E","PHOSPHATE, ORTHO AS P","mg/L",0.176
"11/21/1983","S65E","PHOSPHATE, ORTHO AS P","mg/L",0.163
"12/20/1983","S65E","PHOSPHATE, ORTHO AS P","mg/L",0.024
"12/29/1983","S65E","PHOSPHATE, ORTHO AS P","mg/L",-0.004
"01/04/1984","S65E","PHOSPHATE, ORTHO AS P","mg/L",-0.004
"01/17/1984","S65E","PHOSPHATE, ORTHO AS P","mg/L",0.005
"01/25/1984","S65E","PHOSPHATE, ORTHO AS P","mg/L",0.008
"01/31/1984","S65E","PHOSPHATE, ORTHO AS P","mg/L",0.007
"02/14/1984","S65E","PHOSPHATE, ORTHO AS P","mg/L",0.011
"02/23/1984","S65E","PHOSPHATE, ORTHO AS P","mg/L",0.011
"02/29/1984","S65E","PHOSPHATE, ORTHO AS P","mg/L",0.094
"03/13/1984","S65E","PHOSPHATE, ORTHO AS P","mg/L",0.054
"03/21/1984","S65E","PHOSPHATE, ORTHO AS P","mg/L",0.101
"03/27/1984","S65E","PHOSPHATE, ORTHO AS P","mg/L",0.105
"04/09/1984","S65E","PHOSPHATE, ORTHO AS P","mg/L",0.011
"04/18/1984","S65E","PHOSPHATE, ORTHO AS P","mg/L",0.006
"04/25/1984","S65E","PHOSPHATE, ORTHO AS P","mg/L",0.007
"05/31/1984","S65E","PHOSPHATE, ORTHO AS P","mg/L",-0.004
"06/04/1984","S65E","PHOSPHATE, ORTHO AS P","mg/L",0.014
"06/19/1984","S65E","PHOSPHATE, ORTHO AS P","mg/L",0.096
"06/27/1984","S65E","PHOSPHATE, ORTHO AS P","mg/L",0.159
"07/31/1984","S65E","PHOSPHATE, ORTHO AS P","mg/L",0.124
"08/13/1984","S65E","PHOSPHATE, ORTHO AS P","mg/L",0.009
"08/22/1984","S65E","PHOSPHATE, ORTHO AS P","mg/L",0.062
"08/27/1984","S65E","PHOSPHATE, ORTHO AS P","mg/L",0.024
"09/10/1984","S65E","PHOSPHATE, ORTHO AS P","mg/L",0.05
"09/21/1984","S65E","PHOSPHATE, ORTHO AS P","mg/L",0.071
"09/25/1984","S65E","PHOSPHATE, ORTHO AS P","mg/L",0.082
"10/09/1984","S65E","PHOSPHATE, ORTHO AS P","mg/L",0.068
"10/23/1984","S65E","PHOSPHATE, ORTHO AS P","mg/L",0.082
"10/30/1984","S65E","PHOSPHATE, ORTHO AS P","mg/L",0.0746666666666667
"11/06/1984","S65E","PHOSPHATE, ORTHO AS P","mg/L",0.062
"11/14/1984","S65E","PHOSPHATE, ORTHO AS P","mg/L",-0.004
"12/04/1984","S65E","PHOSPHATE, ORTHO AS P","mg/L",0.048
"12/18/1984","S65E","PHOSPHATE, ORTHO AS P","mg/L",0.053
"12/27/1984","S65E","PHOSPHATE, ORTHO AS P","mg/L",0.025
"01/15/1985","S65E","PHOSPHATE, ORTHO AS P","mg/L",0.033
"01/24/1985","S65E","PHOSPHATE, ORTHO AS P","mg/L",0.044
"02/20/1985","S65E","PHOSPHATE, ORTHO AS P","mg/L",0.022
"02/26/1985","S65E","PHOSPHATE, ORTHO AS P","mg/L",0.021
"03/20/1985","S65E","PHOSPHATE, ORTHO AS P","mg/L",0.054
"03/26/1985","S65E","PHOSPHATE, ORTHO AS P","mg/L",0.047
"04/17/1985","S65E","PHOSPHATE, ORTHO AS P","mg/L",0.0333333333333333
"04/23/1985","S65E","PHOSPHATE, ORTHO AS P","mg/L",0.042
"05/06/1985","S65E","PHOSPHATE, ORTHO AS P","mg/L",0.022
"05/16/1985","S65E","PHOSPHATE, ORTHO AS P","mg/L",-0.004
"05/20/1985","S65E","PHOSPHATE, ORTHO AS P","mg/L",0.006
"06/19/1985","S65E","PHOSPHATE, ORTHO AS P","mg/L",0.007
"06/26/1985","S65E","PHOSPHATE, ORTHO AS P","mg/L",0.063
"07/02/1985","S65E","PHOSPHATE, ORTHO AS P","mg/L",0.011
"07/23/1985","S65E","PHOSPHATE, ORTHO AS P","mg/L",0.222
"07/30/1985","S65E","PHOSPHATE, ORTHO AS P","mg/L",0.183
"08/21/1985","S65E","PHOSPHATE, ORTHO AS P","mg/L",0.057
"08/27/1985","S65E","PHOSPHATE, ORTHO AS P","mg/L",0.059
"09/09/1985","S65E","PHOSPHATE, ORTHO AS P","mg/L",0.039
"09/19/1985","S65E","PHOSPHATE, ORTHO AS P","mg/L",0.111
"09/24/1985","S65E","PHOSPHATE, ORTHO AS P","mg/L",0.154
"10/08/1985","S65E","PHOSPHATE, ORTHO AS P","mg/L",0.095
"10/17/1985","S65E","PHOSPHATE, ORTHO AS P","mg/L",0.0736666666666667
"10/22/1985","S65E","PHOSPHATE, ORTHO AS P","mg/L",0.092
"11/05/1985","S65E","PHOSPHATE, ORTHO AS P","mg/L",0.123
"11/14/1985","S65E","PHOSPHATE, ORTHO AS P","mg/L",0.102
"12/03/1985","S65E","PHOSPHATE, ORTHO AS P","mg/L",0.111
"12/12/1985","S65E","PHOSPHATE, ORTHO AS P","mg/L",0.112
"01/14/1986","S65E","PHOSPHATE, ORTHO AS P","mg/L",0.024
"01/16/1986","S65E","PHOSPHATE, ORTHO AS P","mg/L",0.014
"01/28/1986","S65E","PHOSPHATE, ORTHO AS P","mg/L",-0.004
"02/12/1986","S65E","PHOSPHATE, ORTHO AS P","mg/L",-0.004
"02/18/1986","S65E","PHOSPHATE, ORTHO AS P","mg/L",-0.004
"02/25/1986","S65E","PHOSPHATE, ORTHO AS P","mg/L",0.006
"03/18/1986","S65E","PHOSPHATE, ORTHO AS P","mg/L",0.022
"03/25/1986","S65E","PHOSPHATE, ORTHO AS P","mg/L",0.026
"04/08/1986","S65E","PHOSPHATE, ORTHO AS P","mg/L",-0.004
"04/15/1986","S65E","PHOSPHATE, ORTHO AS P","mg/L",-0.004
"04/22/1986","S65E","PHOSPHATE, ORTHO AS P","mg/L",0.005
"05/06/1986","S65E","PHOSPHATE, ORTHO AS P","mg/L",0.024
"05/14/1986","S65E","PHOSPHATE, ORTHO AS P","mg/L",0.019
"05/20/1986","S65E","PHOSPHATE, ORTHO AS P","mg/L",-0.004
"06/04/1986","S65E","PHOSPHATE, ORTHO AS P","mg/L",-0.004
"06/19/1986","S65E","PHOSPHATE, ORTHO AS P","mg/L",0.021
"07/01/1986","S65E","PHOSPHATE, ORTHO AS P","mg/L",0.184
"07/15/1986","S65E","PHOSPHATE, ORTHO AS P","mg/L",0.232
"07/17/1986","S65E","PHOSPHATE, ORTHO AS P","mg/L",0.27
"07/29/1986","S65E","PHOSPHATE, ORTHO AS P","mg/L",0.287
"08/14/1986","S65E","PHOSPHATE, ORTHO AS P","mg/L",0.293
"08/26/1986","S65E","PHOSPHATE, ORTHO AS P","mg/L",0.152
"09/09/1986","S65E","PHOSPHATE, ORTHO AS P","mg/L",0.08
"09/10/1986","S65E","PHOSPHATE, ORTHO AS P","mg/L",0.083
"09/23/1986","S65E","PHOSPHATE, ORTHO AS P","mg/L",0.046
"10/07/1986","S65E","PHOSPHATE, ORTHO AS P","mg/L",0.049
"10/09/1986","S65E","PHOSPHATE, ORTHO AS P","mg/L",0.08
"10/21/1986","S65E","PHOSPHATE, ORTHO AS P","mg/L",0.072
"11/04/1986","S65E","PHOSPHATE, ORTHO AS P","mg/L",0.085
"11/06/1986","S65E","PHOSPHATE, ORTHO AS P","mg/L",0.086
"11/18/1986","S65E","PHOSPHATE, ORTHO AS P","mg/L",0.121
"12/03/1986","S65E","PHOSPHATE, ORTHO AS P","mg/L",0.11
"12/04/1986","S65E","PHOSPHATE, ORTHO AS P","mg/L",0.132
"12/18/1986","S65E","PHOSPHATE, ORTHO AS P","mg/L",0.101
"01/07/1987","S65E","PHOSPHATE, ORTHO AS P","mg/L",0.069
"01/08/1987","S65E","PHOSPHATE, ORTHO AS P","mg/L",0.059
"01/15/1987","S65E","PHOSPHATE, ORTHO AS P","mg/L",-0.004
"01/22/1987","S65E","PHOSPHATE, ORTHO AS P","mg/L",0.0015
"01/29/1987","S65E","PHOSPHATE, ORTHO AS P","mg/L",0.006
"02/03/1987","S65E","PHOSPHATE, ORTHO AS P","mg/L",0.005
"02/05/1987","S65E","PHOSPHATE, ORTHO AS P","mg/L",-0.004
"02/12/1987","S65E","PHOSPHATE, ORTHO AS P","mg/L",0.005
"02/18/1987","S65E","PHOSPHATE, ORTHO AS P","mg/L",0.008
"02/19/1987","S65E","PHOSPHATE, ORTHO AS P","mg/L",0.006
"02/26/1987","S65E","PHOSPHATE, ORTHO AS P","mg/L",0.006
"03/03/1987","S65E","PHOSPHATE, ORTHO AS P","mg/L",0.01
"03/05/1987","S65E","PHOSPHATE, ORTHO AS P","mg/L",0.009
"03/12/1987","S65E","PHOSPHATE, ORTHO AS P","mg/L",0.056
"03/17/1987","S65E","PHOSPHATE, ORTHO AS P","mg/L",0.026
"03/19/1987","S65E","PHOSPHATE, ORTHO AS P","mg/L",0.019
"03/26/1987","S65E","PHOSPHATE, ORTHO AS P","mg/L",0.023
"03/31/1987","S65E","PHOSPHATE, ORTHO AS P","mg/L",0.057
"04/14/1987","S65E","PHOSPHATE, ORTHO AS P","mg/L",-0.004
"04/22/1987","S65E","PHOSPHATE, ORTHO AS P","mg/L",0.007
"04/28/1987","S65E","PHOSPHATE, ORTHO AS P","mg/L",0.015
"05/11/1987","S65E","PHOSPHATE, ORTHO AS P","mg/L",0.028
"05/13/1987","S65E","PHOSPHATE, ORTHO AS P","mg/L",0.039
"05/20/1987","S65E","PHOSPHATE, ORTHO AS P","mg/L",0.097
"05/26/1987","S65E","PHOSPHATE, ORTHO AS P","mg/L",0.088
"06/01/1987","S65E","PHOSPHATE, ORTHO AS P","mg/L",0.072
"06/17/1987","S65E","PHOSPHATE, ORTHO AS P","mg/L",0.031
"06/24/1987","S65E","PHOSPHATE, ORTHO AS P","mg/L",0.022
"07/01/1987","S65E","PHOSPHATE, ORTHO AS P","mg/L",0.045
"07/08/1987","S65E","PHOSPHATE, ORTHO AS P","mg/L",0.034
"07/16/1987","S65E","PHOSPHATE, ORTHO AS P","mg/L",0.046
"07/21/1987","S65E","PHOSPHATE, ORTHO AS P","mg/L",0.106
"07/30/1987","S65E","PHOSPHATE, ORTHO AS P","mg/L",0.133
"08/04/1987","S65E","PHOSPHATE, ORTHO AS P","mg/L",0.19
"08/12/1987","S65E","PHOSPHATE, ORTHO AS P","mg/L",0.165
"08/18/1987","S65E","PHOSPHATE, ORTHO AS P","mg/L",0.19
"08/28/1987","S65E","PHOSPHATE, ORTHO AS P","mg/L",0.146
"09/09/1987","S65E","PHOSPHATE, ORTHO AS P","mg/L",0.135
"09/24/1987","S65E","PHOSPHATE, ORTHO AS P","mg/L",0.073
"09/29/1987","S65E","PHOSPHATE, ORTHO AS P","mg/L",0.109
"10/07/1987","S65E","PHOSPHATE, ORTHO AS P","mg/L",0.125
"10/13/1987","S65E","PHOSPHATE, ORTHO AS P","mg/L",0.14
"10/21/1987","S65E","PHOSPHATE, ORTHO AS P","mg/L",0.153
"10/28/1987","S65E","PHOSPHATE, ORTHO AS P","mg/L",0.148
"11/04/1987","S65E","PHOSPHATE, ORTHO AS P","mg/L",0.139
"11/10/1987","S65E","PHOSPHATE, ORTHO AS P","mg/L",0.171
"11/18/1987","S65E","PHOSPHATE, ORTHO AS P","mg/L",0.16
"11/24/1987","S65E","PHOSPHATE, ORTHO AS P","mg/L",0.067
"12/03/1987","S65E","PHOSPHATE, ORTHO AS P","mg/L",0.037
"12/08/1987","S65E","PHOSPHATE, ORTHO AS P","mg/L",0.037
"12/17/1987","S65E","PHOSPHATE, ORTHO AS P","mg/L",0.031
"12/22/1987","S65E","PHOSPHATE, ORTHO AS P","mg/L",0.047
"01/05/1988","S65E","PHOSPHATE, ORTHO AS P","mg/L",0.033
"01/06/1988","S65E","PHOSPHATE, ORTHO AS P","mg/L",0.045
"01/12/1988","S65E","PHOSPHATE, ORTHO AS P","mg/L",0.042
"01/19/1988","S65E","PHOSPHATE, ORTHO AS P","mg/L",0.0645
"01/21/1988","S65E","PHOSPHATE, ORTHO AS P","mg/L",0.041
"01/25/1988","S65E","PHOSPHATE, ORTHO AS P","mg/L",0.039
"02/01/1988","S65E","PHOSPHATE, ORTHO AS P","mg/L",0.025
"02/02/1988","S65E","PHOSPHATE, ORTHO AS P","mg/L",0.016
"02/04/1988","S65E","PHOSPHATE, ORTHO AS P","mg/L",0.019
"02/08/1988","S65E","PHOSPHATE, ORTHO AS P","mg/L",0.02
"02/16/1988","S65E","PHOSPHATE, ORTHO AS P","mg/L",0.025
"02/17/1988","S65E","PHOSPHATE, ORTHO AS P","mg/L",0.028
"02/18/1988","S65E","PHOSPHATE, ORTHO AS P","mg/L",0.026
"02/22/1988","S65E","PHOSPHATE, ORTHO AS P","mg/L",0.035
"02/25/1988","S65E","PHOSPHATE, ORTHO AS P","mg/L",0.014
"02/29/1988","S65E","PHOSPHATE, ORTHO AS P","mg/L",0.018
"03/01/1988","S65E","PHOSPHATE, ORTHO AS P","mg/L",-0.004
"03/03/1988","S65E","PHOSPHATE, ORTHO AS P","mg/L",0.007
"03/07/1988","S65E","PHOSPHATE, ORTHO AS P","mg/L",0.011
"03/14/1988","S65E","PHOSPHATE, ORTHO AS P","mg/L",0.0235
"03/15/1988","S65E","PHOSPHATE, ORTHO AS P","mg/L",0.013
"03/21/1988","S65E","PHOSPHATE, ORTHO AS P","mg/L",0.077
"03/28/1988","S65E","PHOSPHATE, ORTHO AS P","mg/L",0.008
"03/29/1988","S65E","PHOSPHATE, ORTHO AS P","mg/L",0.012
"04/04/1988","S65E","PHOSPHATE, ORTHO AS P","mg/L",0.03
"04/11/1988","S65E","PHOSPHATE, ORTHO AS P","mg/L",0.0145
"04/12/1988","S65E","PHOSPHATE, ORTHO AS P","mg/L",0.019
"04/18/1988","S65E","PHOSPHATE, ORTHO AS P","mg/L",0.013
"04/25/1988","S65E","PHOSPHATE, ORTHO AS P","mg/L",0.001
"04/26/1988","S65E","PHOSPHATE, ORTHO AS P","mg/L",0.008
"05/02/1988","S65E","PHOSPHATE, ORTHO AS P","mg/L",0.043
"05/09/1988","S65E","PHOSPHATE, ORTHO AS P","mg/L",0.0135
"05/10/1988","S65E","PHOSPHATE, ORTHO AS P","mg/L",0.011
"05/17/1988","S65E","PHOSPHATE, ORTHO AS P","mg/L",0.011
"05/23/1988","S65E","PHOSPHATE, ORTHO AS P","mg/L",0.005
"05/24/1988","S65E","PHOSPHATE, ORTHO AS P","mg/L",0.008
"06/01/1988","S65E","PHOSPHATE, ORTHO AS P","mg/L",0.02
"06/07/1988","S65E","PHOSPHATE, ORTHO AS P","mg/L",0.0015
"06/14/1988","S65E","PHOSPHATE, ORTHO AS P","mg/L",0.007
"06/20/1988","S65E","PHOSPHATE, ORTHO AS P","mg/L",0.014
"06/21/1988","S65E","PHOSPHATE, ORTHO AS P","mg/L",0.0085
"06/28/1988","S65E","PHOSPHATE, ORTHO AS P","mg/L",0.128
"07/05/1988","S65E","PHOSPHATE, ORTHO AS P","mg/L",-0.004
"07/06/1988","S65E","PHOSPHATE, ORTHO AS P","mg/L",-0.004
"07/12/1988","S65E","PHOSPHATE, ORTHO AS P","mg/L",0.012
"07/18/1988","S65E","PHOSPHATE, ORTHO AS P","mg/L",0.011
"07/19/1988","S65E","PHOSPHATE, ORTHO AS P","mg/L",0.007
"07/25/1988","S65E","PHOSPHATE, ORTHO AS P","mg/L",0.029
"08/02/1988","S65E","PHOSPHATE, ORTHO AS P","mg/L",0.121
"08/03/1988","S65E","PHOSPHATE, ORTHO AS P","mg/L",0.1065
"08/15/1988","S65E","PHOSPHATE, ORTHO AS P","mg/L",0.226
"08/16/1988","S65E","PHOSPHATE, ORTHO AS P","mg/L",0.218
"08/17/1988","S65E","PHOSPHATE, ORTHO AS P","mg/L",0.233
"08/23/1988","S65E","PHOSPHATE, ORTHO AS P","mg/L",0.106
"08/29/1988","S65E","PHOSPHATE, ORTHO AS P","mg/L",0.086
"08/30/1988","S65E","PHOSPHATE, ORTHO AS P","mg/L",0.105
"09/07/1988","S65E","PHOSPHATE, ORTHO AS P","mg/L",0.089
"09/12/1988","S65E","PHOSPHATE, ORTHO AS P","mg/L",0.0405
"09/13/1988","S65E","PHOSPHATE, ORTHO AS P","mg/L",0.03
"09/19/1988","S65E","PHOSPHATE, ORTHO AS P","mg/L",0.009
"09/26/1988","S65E","PHOSPHATE, ORTHO AS P","mg/L",0.037
"09/27/1988","S65E","PHOSPHATE, ORTHO AS P","mg/L",0.008
"10/03/1988","S65E","PHOSPHATE, ORTHO AS P","mg/L",0.046
"10/10/1988","S65E","PHOSPHATE, ORTHO AS P","mg/L",0.0375
"10/11/1988","S65E","PHOSPHATE, ORTHO AS P","mg/L",0.034
"10/17/1988","S65E","PHOSPHATE, ORTHO AS P","mg/L",0.037
"10/24/1988","S65E","PHOSPHATE, ORTHO AS P","mg/L",0.031
"10/25/1988","S65E","PHOSPHATE, ORTHO AS P","mg/L",0.032
"10/31/1988","S65E","PHOSPHATE, ORTHO AS P","mg/L",0.037
"11/07/1988","S65E","PHOSPHATE, ORTHO AS P","mg/L",0.032
"11/21/1988","S65E","PHOSPHATE, ORTHO AS P","mg/L",0.038
"11/22/1988","S65E","PHOSPHATE, ORTHO AS P","mg/L",0.039
"12/05/1988","S65E","PHOSPHATE, ORTHO AS P","mg/L",0.037
"12/19/1988","S65E","PHOSPHATE, ORTHO AS P","mg/L",0.037
"01/03/1989","S65E","PHOSPHATE, ORTHO AS P","mg/L",0.027
"01/17/1989","S65E","PHOSPHATE, ORTHO AS P","mg/L",0.041
"01/23/1989","S65E","PHOSPHATE, ORTHO AS P","mg/L",0.07
"01/30/1989","S65E","PHOSPHATE, ORTHO AS P","mg/L",0.044
"01/31/1989","S65E","PHOSPHATE, ORTHO AS P","mg/L",0.007
"02/06/1989","S65E","PHOSPHATE, ORTHO AS P","mg/L",0.011
"02/13/1989","S65E","PHOSPHATE, ORTHO AS P","mg/L",0.014
"02/14/1989","S65E","PHOSPHATE, ORTHO AS P","mg/L",0.018
"02/22/1989","S65E","PHOSPHATE, ORTHO AS P","mg/L",0.107
"02/27/1989","S65E","PHOSPHATE, ORTHO AS P","mg/L",0.0175
"02/28/1989","S65E","PHOSPHATE, ORTHO AS P","mg/L",0.006
"03/09/1989","S65E","PHOSPHATE, ORTHO AS P","mg/L",0.01
"03/13/1989","S65E","PHOSPHATE, ORTHO AS P","mg/L",0.007
"03/15/1989","S65E","PHOSPHATE, ORTHO AS P","mg/L",0.007
"03/16/1989","S65E","PHOSPHATE, ORTHO AS P","mg/L",0.014
"03/21/1989","S65E","PHOSPHATE, ORTHO AS P","mg/L",0.025
"03/27/1989","S65E","PHOSPHATE, ORTHO AS P","mg/L",0.016
"03/28/1989","S65E","PHOSPHATE, ORTHO AS P","mg/L",0.019
"04/10/1989","S65E","PHOSPHATE, ORTHO AS P","mg/L",0.02
"04/11/1989","S65E","PHOSPHATE, ORTHO AS P","mg/L",0.017
"04/17/1989","S65E","PHOSPHATE, ORTHO AS P","mg/L",0.018
"04/24/1989","S65E","PHOSPHATE, ORTHO AS P","mg/L",0.033
"04/25/1989","S65E","PHOSPHATE, ORTHO AS P","mg/L",0.007
"04/26/1989","S65E","PHOSPHATE, ORTHO AS P","mg/L",0.012
"05/01/1989","S65E","PHOSPHATE, ORTHO AS P","mg/L",0.011
"05/08/1989","S65E","PHOSPHATE, ORTHO AS P","mg/L",0.0095
"05/10/1989","S65E","PHOSPHATE, ORTHO AS P","mg/L",0.005
"05/16/1989","S65E","PHOSPHATE, ORTHO AS P","mg/L",0.007
"05/22/1989","S65E","PHOSPHATE, ORTHO AS P","mg/L",-0.004
"05/24/1989","S65E","PHOSPHATE, ORTHO AS P","mg/L",-0.004
"05/30/1989","S65E","PHOSPHATE, ORTHO AS P","mg/L",0.005
"06/05/1989","S65E","PHOSPHATE, ORTHO AS P","mg/L",0.0045
"06/12/1989","S65E","PHOSPHATE, ORTHO AS P","mg/L",0.008
"06/19/1989","S65E","PHOSPHATE, ORTHO AS P","mg/L",0
"06/21/1989","S65E","PHOSPHATE, ORTHO AS P","mg/L",0.004
"06/26/1989","S65E","PHOSPHATE, ORTHO AS P","mg/L",0.013
"07/03/1989","S65E","PHOSPHATE, ORTHO AS P","mg/L",-0.004
"07/05/1989","S65E","PHOSPHATE, ORTHO AS P","mg/L",0.011
"07/11/1989","S65E","PHOSPHATE, ORTHO AS P","mg/L",0.004
"07/17/1989","S65E","PHOSPHATE, ORTHO AS P","mg/L",0.004
"07/18/1989","S65E","PHOSPHATE, ORTHO AS P","mg/L",0.005
"07/19/1989","S65E","PHOSPHATE, ORTHO AS P","mg/L",0.005
"07/25/1989","S65E","PHOSPHATE, ORTHO AS P","mg/L",0.01
"07/31/1989","S65E","PHOSPHATE, ORTHO AS P","mg/L",0
"08/02/1989","S65E","PHOSPHATE, ORTHO AS P","mg/L",-0.004
"08/08/1989","S65E","PHOSPHATE, ORTHO AS P","mg/L",-0.004
"08/14/1989","S65E","PHOSPHATE, ORTHO AS P","mg/L",-0.004
"08/15/1989","S65E","PHOSPHATE, ORTHO AS P","mg/L",0.001
"08/22/1989","S65E","PHOSPHATE, ORTHO AS P","mg/L",0.066
"08/28/1989","S65E","PHOSPHATE, ORTHO AS P","mg/L",0.034
"08/29/1989","S65E","PHOSPHATE, ORTHO AS P","mg/L",0.061
"09/05/1989","S65E","PHOSPHATE, ORTHO AS P","mg/L",0.089
"09/11/1989","S65E","PHOSPHATE, ORTHO AS P","mg/L",0.089
"09/12/1989","S65E","PHOSPHATE, ORTHO AS P","mg/L",0.135
"09/13/1989","S65E","PHOSPHATE, ORTHO AS P","mg/L",0.088
"09/19/1989","S65E","PHOSPHATE, ORTHO AS P","mg/L",0.118
"09/25/1989","S65E","PHOSPHATE, ORTHO AS P","mg/L",0.174
"09/27/1989","S65E","PHOSPHATE, ORTHO AS P","mg/L",0.2115
"10/03/1989","S65E","PHOSPHATE, ORTHO AS P","mg/L",0.22
"10/09/1989","S65E","PHOSPHATE, ORTHO AS P","mg/L",0.269
"10/11/1989","S65E","PHOSPHATE, ORTHO AS P","mg/L",0.26
"10/17/1989","S65E","PHOSPHATE, ORTHO AS P","mg/L",0.392
"10/23/1989","S65E","PHOSPHATE, ORTHO AS P","mg/L",0.385
"10/24/1989","S65E","PHOSPHATE, ORTHO AS P","mg/L",0.361
"10/30/1989","S65E","PHOSPHATE, ORTHO AS P","mg/L",0.301
"11/06/1989","S65E","PHOSPHATE, ORTHO AS P","mg/L",0.214
"11/08/1989","S65E","PHOSPHATE, ORTHO AS P","mg/L",0.227
"11/13/1989","S65E","PHOSPHATE, ORTHO AS P","mg/L",0.204
"11/20/1989","S65E","PHOSPHATE, ORTHO AS P","mg/L",0.184
"11/22/1989","S65E","PHOSPHATE, ORTHO AS P","mg/L",0.188
"11/27/1989","S65E","PHOSPHATE, ORTHO AS P","mg/L",0.179
"12/04/1989","S65E","PHOSPHATE, ORTHO AS P","mg/L",0.1675
"12/11/1989","S65E","PHOSPHATE, ORTHO AS P","mg/L",0.161
"12/18/1989","S65E","PHOSPHATE, ORTHO AS P","mg/L",0.1355
"12/19/1989","S65E","PHOSPHATE, ORTHO AS P","mg/L",0.144
"12/26/1989","S65E","PHOSPHATE, ORTHO AS P","mg/L",0.125
"01/02/1990","S65E","PHOSPHATE, ORTHO AS P","mg/L",0.1
"01/03/1990","S65E","PHOSPHATE, ORTHO AS P","mg/L",0.105
"01/09/1990","S65E","PHOSPHATE, ORTHO AS P","mg/L",0.092
"01/16/1990","S65E","PHOSPHATE, ORTHO AS P","mg/L",0.046
"01/23/1990","S65E","PHOSPHATE, ORTHO AS P","mg/L",0.004
"01/30/1990","S65E","PHOSPHATE, ORTHO AS P","mg/L",0
"02/06/1990","S65E","PHOSPHATE, ORTHO AS P","mg/L",-0.004
"02/13/1990","S65E","PHOSPHATE, ORTHO AS P","mg/L",0.0045
"02/20/1990","S65E","PHOSPHATE, ORTHO AS P","mg/L",0.011
"02/27/1990","S65E","PHOSPHATE, ORTHO AS P","mg/L",0.024
"02/28/1990","S65E","PHOSPHATE, ORTHO AS P","mg/L",0.015
"03/16/1990","S65E","PHOSPHATE, ORTHO AS P","mg/L",0.036
"03/26/1990","S65E","PHOSPHATE, ORTHO AS P","mg/L",0.037
"03/27/1990","S65E","PHOSPHATE, ORTHO AS P","mg/L",0.017
"04/03/1990","S65E","PHOSPHATE, ORTHO AS P","mg/L",0.051
"04/10/1990","S65E","PHOSPHATE, ORTHO AS P","mg/L",0.037
"04/11/1990","S65E","PHOSPHATE, ORTHO AS P","mg/L",0.04
"04/17/1990","S65E","PHOSPHATE, ORTHO AS P","mg/L",-0.004
"04/23/1990","S65E","PHOSPHATE, ORTHO AS P","mg/L",-0.004
"04/24/1990","S65E","PHOSPHATE, ORTHO AS P","mg/L",0.004
"04/30/1990","S65E","PHOSPHATE, ORTHO AS P","mg/L",-0.004
"05/07/1990","S65E","PHOSPHATE, ORTHO AS P","mg/L",0
"05/14/1990","S65E","PHOSPHATE, ORTHO AS P","mg/L",0.008
"05/21/1990","S65E","PHOSPHATE, ORTHO AS P","mg/L",5e-04
"05/29/1990","S65E","PHOSPHATE, ORTHO AS P","mg/L",-0.004
"06/04/1990","S65E","PHOSPHATE, ORTHO AS P","mg/L",-0.004
"06/05/1990","S65E","PHOSPHATE, ORTHO AS P","mg/L",-0.004
"06/12/1990","S65E","PHOSPHATE, ORTHO AS P","mg/L",-0.004
"06/18/1990","S65E","PHOSPHATE, ORTHO AS P","mg/L",0.0055
"06/25/1990","S65E","PHOSPHATE, ORTHO AS P","mg/L",-0.004
"07/02/1990","S65E","PHOSPHATE, ORTHO AS P","mg/L",0.0845
"07/03/1990","S65E","PHOSPHATE, ORTHO AS P","mg/L",0.1
"07/09/1990","S65E","PHOSPHATE, ORTHO AS P","mg/L",0.088
"07/16/1990","S65E","PHOSPHATE, ORTHO AS P","mg/L",0.13
"07/23/1990","S65E","PHOSPHATE, ORTHO AS P","mg/L",0.094
"07/30/1990","S65E","PHOSPHATE, ORTHO AS P","mg/L",0.088
"08/06/1990","S65E","PHOSPHATE, ORTHO AS P","mg/L",0.112
"08/13/1990","S65E","PHOSPHATE, ORTHO AS P","mg/L",0.0875
"08/20/1990","S65E","PHOSPHATE, ORTHO AS P","mg/L",0.171
"08/27/1990","S65E","PHOSPHATE, ORTHO AS P","mg/L",0.201
"09/04/1990","S65E","PHOSPHATE, ORTHO AS P","mg/L",0.17
"09/10/1990","S65E","PHOSPHATE, ORTHO AS P","mg/L",0.139
"09/17/1990","S65E","PHOSPHATE, ORTHO AS P","mg/L",0.124
"09/24/1990","S65E","PHOSPHATE, ORTHO AS P","mg/L",0.1355
"10/01/1990","S65E","PHOSPHATE, ORTHO AS P","mg/L",0.146
"10/08/1990","S65E","PHOSPHATE, ORTHO AS P","mg/L",0.114
"10/09/1990","S65E","PHOSPHATE, ORTHO AS P","mg/L",0.129
"10/16/1990","S65E","PHOSPHATE, ORTHO AS P","mg/L",0.145
"10/22/1990","S65E","PHOSPHATE, ORTHO AS P","mg/L",0.168
"10/31/1990","S65E","PHOSPHATE, ORTHO AS P","mg/L",0.132
"11/05/1990","S65E","PHOSPHATE, ORTHO AS P","mg/L",0.137
"11/06/1990","S65E","PHOSPHATE, ORTHO AS P","mg/L",0.139
"11/13/1990","S65E","PHOSPHATE, ORTHO AS P","mg/L",0.139
"11/19/1990","S65E","PHOSPHATE, ORTHO AS P","mg/L",0.13
"11/20/1990","S65E","PHOSPHATE, ORTHO AS P","mg/L",0.13
"11/26/1990","S65E","PHOSPHATE, ORTHO AS P","mg/L",0.121
"12/03/1990","S65E","PHOSPHATE, ORTHO AS P","mg/L",0.0965
"12/10/1990","S65E","PHOSPHATE, ORTHO AS P","mg/L",0.113
"12/17/1990","S65E","PHOSPHATE, ORTHO AS P","mg/L",0.086
"12/18/1990","S65E","PHOSPHATE, ORTHO AS P","mg/L",0.097
"12/26/1990","S65E","PHOSPHATE, ORTHO AS P","mg/L",0.07
"12/31/1990","S65E","PHOSPHATE, ORTHO AS P","mg/L",0.073
"01/07/1991","S65E","PHOSPHATE, ORTHO AS P","mg/L",0.079
"01/14/1991","S65E","PHOSPHATE, ORTHO AS P","mg/L",0.0725
"01/17/1991","S65E","PHOSPHATE, ORTHO AS P","mg/L",0.086
"01/22/1991","S65E","PHOSPHATE, ORTHO AS P","mg/L",0.065
"01/28/1991","S65E","PHOSPHATE, ORTHO AS P","mg/L",0.0815
"02/04/1991","S65E","PHOSPHATE, ORTHO AS P","mg/L",0.08
"02/11/1991","S65E","PHOSPHATE, ORTHO AS P","mg/L",0.092
"02/19/1991","S65E","PHOSPHATE, ORTHO AS P","mg/L",0.091
"02/25/1991","S65E","PHOSPHATE, ORTHO AS P","mg/L",0.09
"02/26/1991","S65E","PHOSPHATE, ORTHO AS P","mg/L",0.089
"03/04/1991","S65E","PHOSPHATE, ORTHO AS P","mg/L",0.095
"03/11/1991","S65E","PHOSPHATE, ORTHO AS P","mg/L",0.0915
"03/18/1991","S65E","PHOSPHATE, ORTHO AS P","mg/L",0.086
"03/25/1991","S65E","PHOSPHATE, ORTHO AS P","mg/L",0.0835
"04/01/1991","S65E","PHOSPHATE, ORTHO AS P","mg/L",0.098
"04/08/1991","S65E","PHOSPHATE, ORTHO AS P","mg/L",0.1025
"04/15/1991","S65E","PHOSPHATE, ORTHO AS P","mg/L",0.094
"04/22/1991","S65E","PHOSPHATE, ORTHO AS P","mg/L",0.0875
"04/29/1991","S65E","PHOSPHATE, ORTHO AS P","mg/L",0.016
"05/06/1991","S65E","PHOSPHATE, ORTHO AS P","mg/L",0.001
"05/13/1991","S65E","PHOSPHATE, ORTHO AS P","mg/L",0.018
"05/20/1991","S65E","PHOSPHATE, ORTHO AS P","mg/L",0.0205
"05/28/1991","S65E","PHOSPHATE, ORTHO AS P","mg/L",0.075
"06/03/1991","S65E","PHOSPHATE, ORTHO AS P","mg/L",0.0545
"06/10/1991","S65E","PHOSPHATE, ORTHO AS P","mg/L",0.054
"06/17/1991","S65E","PHOSPHATE, ORTHO AS P","mg/L",0.047
"06/18/1991","S65E","PHOSPHATE, ORTHO AS P","mg/L",0.042
"06/24/1991","S65E","PHOSPHATE, ORTHO AS P","mg/L",0.056
"07/01/1991","S65E","PHOSPHATE, ORTHO AS P","mg/L",0.031
"07/08/1991","S65E","PHOSPHATE, ORTHO AS P","mg/L",0.027
"07/15/1991","S65E","PHOSPHATE, ORTHO AS P","mg/L",0.0395
"07/22/1991","S65E","PHOSPHATE, ORTHO AS P","mg/L",0.017
"07/29/1991","S65E","PHOSPHATE, ORTHO AS P","mg/L",0.008
"08/05/1991","S65E","PHOSPHATE, ORTHO AS P","mg/L",0.03
"08/12/1991","S65E","PHOSPHATE, ORTHO AS P","mg/L",0.0505
"08/19/1991","S65E","PHOSPHATE, ORTHO AS P","mg/L",0.091
"08/26/1991","S65E","PHOSPHATE, ORTHO AS P","mg/L",0.088
"08/28/1991","S65E","PHOSPHATE, ORTHO AS P","mg/L",0.113
"09/03/1991","S65E","PHOSPHATE, ORTHO AS P","mg/L",0.126
"09/09/1991","S65E","PHOSPHATE, ORTHO AS P","mg/L",0.0915
"09/17/1991","S65E","PHOSPHATE, ORTHO AS P","mg/L",0.125
"09/23/1991","S65E","PHOSPHATE, ORTHO AS P","mg/L",0.095
"09/30/1991","S65E","PHOSPHATE, ORTHO AS P","mg/L",0.188
"10/07/1991","S65E","PHOSPHATE, ORTHO AS P","mg/L",0.139
"10/14/1991","S65E","PHOSPHATE, ORTHO AS P","mg/L",0.047
"10/21/1991","S65E","PHOSPHATE, ORTHO AS P","mg/L",0.019
"10/28/1991","S65E","PHOSPHATE, ORTHO AS P","mg/L",0.016
"11/04/1991","S65E","PHOSPHATE, ORTHO AS P","mg/L",0.0355
"11/18/1991","S65E","PHOSPHATE, ORTHO AS P","mg/L",0.042
"11/20/1991","S65E","PHOSPHATE, ORTHO AS P","mg/L",0.048
"11/25/1991","S65E","PHOSPHATE, ORTHO AS P","mg/L",0.042
"12/02/1991","S65E","PHOSPHATE, ORTHO AS P","mg/L",0.0445
"12/09/1991","S65E","PHOSPHATE, ORTHO AS P","mg/L",0.039
"12/16/1991","S65E","PHOSPHATE, ORTHO AS P","mg/L",0.0485
"12/23/1991","S65E","PHOSPHATE, ORTHO AS P","mg/L",0.044
"12/30/1991","S65E","PHOSPHATE, ORTHO AS P","mg/L",0.04
"01/06/1992","S65E","PHOSPHATE, ORTHO AS P","mg/L",0.037
"01/13/1992","S65E","PHOSPHATE, ORTHO AS P","mg/L",0.0335
"01/21/1992","S65E","PHOSPHATE, ORTHO AS P","mg/L",0.032
"01/27/1992","S65E","PHOSPHATE, ORTHO AS P","mg/L",0.0095
"02/03/1992","S65E","PHOSPHATE, ORTHO AS P","mg/L",0.023
"02/10/1992","S65E","PHOSPHATE, ORTHO AS P","mg/L",0.024
"02/11/1992","S65E","PHOSPHATE, ORTHO AS P","mg/L",0.021
"02/19/1992","S65E","PHOSPHATE, ORTHO AS P","mg/L",0.014
"02/24/1992","S65E","PHOSPHATE, ORTHO AS P","mg/L",0.013
"02/27/1992","S65E","PHOSPHATE, ORTHO AS P","mg/L",0.015
"03/02/1992","S65E","PHOSPHATE, ORTHO AS P","mg/L",0.017
"03/09/1992","S65E","PHOSPHATE, ORTHO AS P","mg/L",0.016
"03/11/1992","S65E","PHOSPHATE, ORTHO AS P","mg/L",0.009
"03/16/1992","S65E","PHOSPHATE, ORTHO AS P","mg/L",0.024
"03/23/1992","S65E","PHOSPHATE, ORTHO AS P","mg/L",0.03
"03/26/1992","S65E","PHOSPHATE, ORTHO AS P","mg/L",0.017
"03/30/1992","S65E","PHOSPHATE, ORTHO AS P","mg/L",0.017
"04/06/1992","S65E","PHOSPHATE, ORTHO AS P","mg/L",0.011
"04/07/1992","S65E","PHOSPHATE, ORTHO AS P","mg/L",0.014
"04/13/1992","S65E","PHOSPHATE, ORTHO AS P","mg/L",0.011
"04/20/1992","S65E","PHOSPHATE, ORTHO AS P","mg/L",0.004
"04/21/1992","S65E","PHOSPHATE, ORTHO AS P","mg/L",0.004
"04/27/1992","S65E","PHOSPHATE, ORTHO AS P","mg/L",0.004
"05/04/1992","S65E","PHOSPHATE, ORTHO AS P","mg/L",-0.004
"05/05/1992","S65E","PHOSPHATE, ORTHO AS P","mg/L",-0.004
"05/11/1992","S65E","PHOSPHATE, ORTHO AS P","mg/L",-0.004
"05/18/1992","S65E","PHOSPHATE, ORTHO AS P","mg/L",0.004
"05/19/1992","S65E","PHOSPHATE, ORTHO AS P","mg/L",0.004
"05/26/1992","S65E","PHOSPHATE, ORTHO AS P","mg/L",0.007
"06/01/1992","S65E","PHOSPHATE, ORTHO AS P","mg/L",0.006
"06/02/1992","S65E","PHOSPHATE, ORTHO AS P","mg/L",0.007
"06/08/1992","S65E","PHOSPHATE, ORTHO AS P","mg/L",0.008
"06/15/1992","S65E","PHOSPHATE, ORTHO AS P","mg/L",-0.004
"06/16/1992","S65E","PHOSPHATE, ORTHO AS P","mg/L",0.011
"06/22/1992","S65E","PHOSPHATE, ORTHO AS P","mg/L",0.015
"06/29/1992","S65E","PHOSPHATE, ORTHO AS P","mg/L",0.092
"06/30/1992","S65E","PHOSPHATE, ORTHO AS P","mg/L",0.056
"07/06/1992","S65E","PHOSPHATE, ORTHO AS P","mg/L",0.244
"07/08/1992","S65E","PHOSPHATE, ORTHO AS P","mg/L",0.026
"07/13/1992","S65E","PHOSPHATE, ORTHO AS P","mg/L",0.266
"07/14/1992","S65E","PHOSPHATE, ORTHO AS P","mg/L",0.134
"07/21/1992","S65E","PHOSPHATE, ORTHO AS P","mg/L",0.137
"07/27/1992","S65E","PHOSPHATE, ORTHO AS P","mg/L",0.113
"07/28/1992","S65E","PHOSPHATE, ORTHO AS P","mg/L",0.083
"08/03/1992","S65E","PHOSPHATE, ORTHO AS P","mg/L",0.094
"08/11/1992","S65E","PHOSPHATE, ORTHO AS P","mg/L",0.089
"08/17/1992","S65E","PHOSPHATE, ORTHO AS P","mg/L",0.087
"08/25/1992","S65E","PHOSPHATE, ORTHO AS P","mg/L",0.039
"08/26/1992","S65E","PHOSPHATE, ORTHO AS P","mg/L",0.024
"08/31/1992","S65E","PHOSPHATE, ORTHO AS P","mg/L",0.011
"09/08/1992","S65E","PHOSPHATE, ORTHO AS P","mg/L",0.023
"09/10/1992","S65E","PHOSPHATE, ORTHO AS P","mg/L",0.005
"09/15/1992","S65E","PHOSPHATE, ORTHO AS P","mg/L",0.063
"09/21/1992","S65E","PHOSPHATE, ORTHO AS P","mg/L",0.05
"09/22/1992","S65E","PHOSPHATE, ORTHO AS P","mg/L",0.052
"09/28/1992","S65E","PHOSPHATE, ORTHO AS P","mg/L",0.071
"10/06/1992","S65E","PHOSPHATE, ORTHO AS P","mg/L",0.0794285714285714
"10/13/1992","S65E","PHOSPHATE, ORTHO AS P","mg/L",0.061
"10/20/1992","S65E","PHOSPHATE, ORTHO AS P","mg/L",0.0717142857142857
"10/27/1992","S65E","PHOSPHATE, ORTHO AS P","mg/L",0.036
"11/03/1992","S65E","PHOSPHATE, ORTHO AS P","mg/L",0.064
"11/10/1992","S65E","PHOSPHATE, ORTHO AS P","mg/L",0.037
"11/17/1992","S65E","PHOSPHATE, ORTHO AS P","mg/L",0.031
"11/18/1992","S65E","PHOSPHATE, ORTHO AS P","mg/L",0.041
"11/23/1992","S65E","PHOSPHATE, ORTHO AS P","mg/L",0.042
"12/02/1992","S65E","PHOSPHATE, ORTHO AS P","mg/L",0.028
"12/03/1992","S65E","PHOSPHATE, ORTHO AS P","mg/L",0.0535
"12/08/1992","S65E","PHOSPHATE, ORTHO AS P","mg/L",0.022
"12/15/1992","S65E","PHOSPHATE, ORTHO AS P","mg/L",0.0145
"12/22/1992","S65E","PHOSPHATE, ORTHO AS P","mg/L",0.005
"12/29/1992","S65E","PHOSPHATE, ORTHO AS P","mg/L",0.01
"12/30/1992","S65E","PHOSPHATE, ORTHO AS P","mg/L",0.012
"01/06/1993","S65E","PHOSPHATE, ORTHO AS P","mg/L",0.019
"01/11/1993","S65E","PHOSPHATE, ORTHO AS P","mg/L",0.0125
"01/13/1993","S65E","PHOSPHATE, ORTHO AS P","mg/L",0.013
"01/21/1993","S65E","PHOSPHATE, ORTHO AS P","mg/L",0.007
"01/27/1993","S65E","PHOSPHATE, ORTHO AS P","mg/L",0.0115
"02/03/1993","S65E","PHOSPHATE, ORTHO AS P","mg/L",0.008
"02/08/1993","S65E","PHOSPHATE, ORTHO AS P","mg/L",0.012
"02/10/1993","S65E","PHOSPHATE, ORTHO AS P","mg/L",0.01
"02/18/1993","S65E","PHOSPHATE, ORTHO AS P","mg/L",0.0486666666666667
"02/23/1993","S65E","PHOSPHATE, ORTHO AS P","mg/L",0.019
"02/24/1993","S65E","PHOSPHATE, ORTHO AS P","mg/L",0.016
"03/03/1993","S65E","PHOSPHATE, ORTHO AS P","mg/L",0.038
"03/08/1993","S65E","PHOSPHATE, ORTHO AS P","mg/L",0.0578333333333333
"03/10/1993","S65E","PHOSPHATE, ORTHO AS P","mg/L",0.03
"03/17/1993","S65E","PHOSPHATE, ORTHO AS P","mg/L",0.068
"03/23/1993","S65E","PHOSPHATE, ORTHO AS P","mg/L",0.1465
"03/25/1993","S65E","PHOSPHATE, ORTHO AS P","mg/L",0.171
"03/30/1993","S65E","PHOSPHATE, ORTHO AS P","mg/L",0.056
"04/06/1993","S65E","PHOSPHATE, ORTHO AS P","mg/L",0.0556666666666667
"04/20/1993","S65E","PHOSPHATE, ORTHO AS P","mg/L",0.0115
"05/04/1993","S65E","PHOSPHATE, ORTHO AS P","mg/L",0.039625
"05/18/1993","S65E","PHOSPHATE, ORTHO AS P","mg/L",0.012
"05/20/1993","S65E","PHOSPHATE, ORTHO AS P","mg/L",0.017
"06/01/1993","S65E","PHOSPHATE, ORTHO AS P","mg/L",0.027
"06/02/1993","S65E","PHOSPHATE, ORTHO AS P","mg/L",0.0526666666666667
"06/15/1993","S65E","PHOSPHATE, ORTHO AS P","mg/L",0.046
"06/26/1993","S65E","PHOSPHATE, ORTHO AS P","mg/L",0.04
"06/29/1993","S65E","PHOSPHATE, ORTHO AS P","mg/L",0.029
"07/13/1993","S65E","PHOSPHATE, ORTHO AS P","mg/L",0.052
"07/27/1993","S65E","PHOSPHATE, ORTHO AS P","mg/L",0.021
"08/10/1993","S65E","PHOSPHATE, ORTHO AS P","mg/L",0.0385
"08/17/1993","S65E","PHOSPHATE, ORTHO AS P","mg/L",0.029
"08/24/1993","S65E","PHOSPHATE, ORTHO AS P","mg/L",0.009
"09/07/1993","S65E","PHOSPHATE, ORTHO AS P","mg/L",0.035
"09/21/1993","S65E","PHOSPHATE, ORTHO AS P","mg/L",0.092
"10/05/1993","S65E","PHOSPHATE, ORTHO AS P","mg/L",0.122
"10/19/1993","S65E","PHOSPHATE, ORTHO AS P","mg/L",0.157
"11/02/1993","S65E","PHOSPHATE, ORTHO AS P","mg/L",0.202
"11/16/1993","S65E","PHOSPHATE, ORTHO AS P","mg/L",0.1875
"12/01/1993","S65E","PHOSPHATE, ORTHO AS P","mg/L",0.0855
"12/14/1993","S65E","PHOSPHATE, ORTHO AS P","mg/L",0.125
"12/28/1993","S65E","PHOSPHATE, ORTHO AS P","mg/L",0.128
"01/11/1994","S65E","PHOSPHATE, ORTHO AS P","mg/L",0.109
"01/19/1994","S65E","PHOSPHATE, ORTHO AS P","mg/L",0.095
"01/25/1994","S65E","PHOSPHATE, ORTHO AS P","mg/L",0.104
"02/08/1994","S65E","PHOSPHATE, ORTHO AS P","mg/L",0.08
"02/15/1994","S65E","PHOSPHATE, ORTHO AS P","mg/L",0.068
"02/22/1994","S65E","PHOSPHATE, ORTHO AS P","mg/L",0.074
"03/08/1994","S65E","PHOSPHATE, ORTHO AS P","mg/L",0.069
"03/15/1994","S65E","PHOSPHATE, ORTHO AS P","mg/L",0.03
"03/22/1994","S65E","PHOSPHATE, ORTHO AS P","mg/L",0.004
"04/05/1994","S65E","PHOSPHATE, ORTHO AS P","mg/L",-0.004
"04/12/1994","S65E","PHOSPHATE, ORTHO AS P","mg/L",-0.004
"04/19/1994","S65E","PHOSPHATE, ORTHO AS P","mg/L",0.017
"05/03/1994","S65E","PHOSPHATE, ORTHO AS P","mg/L",0.037
"05/17/1994","S65E","PHOSPHATE, ORTHO AS P","mg/L",0.011
"05/31/1994","S65E","PHOSPHATE, ORTHO AS P","mg/L",0.026
"06/14/1994","S65E","PHOSPHATE, ORTHO AS P","mg/L",0.06
"06/28/1994","S65E","PHOSPHATE, ORTHO AS P","mg/L",0.0125
"07/12/1994","S65E","PHOSPHATE, ORTHO AS P","mg/L",0.068
"07/19/1994","S65E","PHOSPHATE, ORTHO AS P","mg/L",0.072
"07/26/1994","S65E","PHOSPHATE, ORTHO AS P","mg/L",0.044
"08/03/1994","S65E","PHOSPHATE, ORTHO AS P","mg/L",0.032
"08/09/1994","S65E","PHOSPHATE, ORTHO AS P","mg/L",0.036
"08/23/1994","S65E","PHOSPHATE, ORTHO AS P","mg/L",0.039
"09/06/1994","S65E","PHOSPHATE, ORTHO AS P","mg/L",0.034
"09/20/1994","S65E","PHOSPHATE, ORTHO AS P","mg/L",0.049
"10/04/1994","S65E","PHOSPHATE, ORTHO AS P","mg/L",0.057
"10/18/1994","S65E","PHOSPHATE, ORTHO AS P","mg/L",0.048
"11/01/1994","S65E","PHOSPHATE, ORTHO AS P","mg/L",0.056
"11/15/1994","S65E","PHOSPHATE, ORTHO AS P","mg/L",0.094
"11/29/1994","S65E","PHOSPHATE, ORTHO AS P","mg/L",0.014
"12/13/1994","S65E","PHOSPHATE, ORTHO AS P","mg/L",0.033
"12/27/1994","S65E","PHOSPHATE, ORTHO AS P","mg/L",0.033
"01/10/1995","S65E","PHOSPHATE, ORTHO AS P","mg/L",0.023
"01/24/1995","S65E","PHOSPHATE, ORTHO AS P","mg/L",0.022
"02/21/1995","S65E","PHOSPHATE, ORTHO AS P","mg/L",0.016
"03/07/1995","S65E","PHOSPHATE, ORTHO AS P","mg/L",0.031
"03/21/1995","S65E","PHOSPHATE, ORTHO AS P","mg/L",0.059
"04/04/1995","S65E","PHOSPHATE, ORTHO AS P","mg/L",0.05
"04/18/1995","S65E","PHOSPHATE, ORTHO AS P","mg/L",0.0214
"05/02/1995","S65E","PHOSPHATE, ORTHO AS P","mg/L",0.02
"05/16/1995","S65E","PHOSPHATE, ORTHO AS P","mg/L",0.014
"05/30/1995","S65E","PHOSPHATE, ORTHO AS P","mg/L",0.033
"06/13/1995","S65E","PHOSPHATE, ORTHO AS P","mg/L",0.013
"06/27/1995","S65E","PHOSPHATE, ORTHO AS P","mg/L",0.014
"07/11/1995","S65E","PHOSPHATE, ORTHO AS P","mg/L",0.026
"07/25/1995","S65E","PHOSPHATE, ORTHO AS P","mg/L",0.031
"08/08/1995","S65E","PHOSPHATE, ORTHO AS P","mg/L",0.034
"08/22/1995","S65E","PHOSPHATE, ORTHO AS P","mg/L",0.016
"09/05/1995","S65E","PHOSPHATE, ORTHO AS P","mg/L",0.021
"09/19/1995","S65E","PHOSPHATE, ORTHO AS P","mg/L",0.043
"10/03/1995","S65E","PHOSPHATE, ORTHO AS P","mg/L",0.031
"10/17/1995","S65E","PHOSPHATE, ORTHO AS P","mg/L",0.104
"10/31/1995","S65E","PHOSPHATE, ORTHO AS P","mg/L",0.047
"11/14/1995","S65E","PHOSPHATE, ORTHO AS P","mg/L",0.033
"11/28/1995","S65E","PHOSPHATE, ORTHO AS P","mg/L",0.031
"12/12/1995","S65E","PHOSPHATE, ORTHO AS P","mg/L",0.014
"12/26/1995","S65E","PHOSPHATE, ORTHO AS P","mg/L",0.015
"01/09/1996","S65E","PHOSPHATE, ORTHO AS P","mg/L",0.032
"01/23/1996","S65E","PHOSPHATE, ORTHO AS P","mg/L",0.007
"02/06/1996","S65E","PHOSPHATE, ORTHO AS P","mg/L",0.00625
"02/20/1996","S65E","PHOSPHATE, ORTHO AS P","mg/L",0
"03/05/1996","S65E","PHOSPHATE, ORTHO AS P","mg/L",0.01175
"03/19/1996","S65E","PHOSPHATE, ORTHO AS P","mg/L",0.024
"04/02/1996","S65E","PHOSPHATE, ORTHO AS P","mg/L",0.02725
"04/16/1996","S65E","PHOSPHATE, ORTHO AS P","mg/L",0.014
"04/30/1996","S65E","PHOSPHATE, ORTHO AS P","mg/L",0.0094
"05/14/1996","S65E","PHOSPHATE, ORTHO AS P","mg/L",0.013
"05/20/1996","S65E","PHOSPHATE, ORTHO AS P","mg/L",0.016
"05/28/1996","S65E","PHOSPHATE, ORTHO AS P","mg/L",0.00525
"06/11/1996","S65E","PHOSPHATE, ORTHO AS P","mg/L",0.04075
"06/25/1996","S65E","PHOSPHATE, ORTHO AS P","mg/L",0.02825
"07/09/1996","S65E","PHOSPHATE, ORTHO AS P","mg/L",0.054
"07/23/1996","S65E","PHOSPHATE, ORTHO AS P","mg/L",0.008
"08/06/1996","S65E","PHOSPHATE, ORTHO AS P","mg/L",0.0225
"08/20/1996","S65E","PHOSPHATE, ORTHO AS P","mg/L",0.021
"09/03/1996","S65E","PHOSPHATE, ORTHO AS P","mg/L",0.0175
"09/17/1996","S65E","PHOSPHATE, ORTHO AS P","mg/L",0.0215
"10/01/1996","S65E","PHOSPHATE, ORTHO AS P","mg/L",0.027
"10/15/1996","S65E","PHOSPHATE, ORTHO AS P","mg/L",0.0205
"10/29/1996","S65E","PHOSPHATE, ORTHO AS P","mg/L",0.024
"11/04/1996","S65E","PHOSPHATE, ORTHO AS P","mg/L",0.053
"11/12/1996","S65E","PHOSPHATE, ORTHO AS P","mg/L",0.0278
"11/26/1996","S65E","PHOSPHATE, ORTHO AS P","mg/L",0.0234
"12/10/1996","S65E","PHOSPHATE, ORTHO AS P","mg/L",0.0175
"12/26/1996","S65E","PHOSPHATE, ORTHO AS P","mg/L",0.0262
"01/07/1997","S65E","PHOSPHATE, ORTHO AS P","mg/L",0.015
"01/21/1997","S65E","PHOSPHATE, ORTHO AS P","mg/L",0.0216
"02/05/1997","S65E","PHOSPHATE, ORTHO AS P","mg/L",0.005
"02/18/1997","S65E","PHOSPHATE, ORTHO AS P","mg/L",0.0056
"02/24/1997","S65E","PHOSPHATE, ORTHO AS P","mg/L",0.008
"03/04/1997","S65E","PHOSPHATE, ORTHO AS P","mg/L",0.0055
"03/18/1997","S65E","PHOSPHATE, ORTHO AS P","mg/L",0.049
"04/01/1997","S65E","PHOSPHATE, ORTHO AS P","mg/L",0.0135
"04/15/1997","S65E","PHOSPHATE, ORTHO AS P","mg/L",0.039
"04/29/1997","S65E","PHOSPHATE, ORTHO AS P","mg/L",0.011
"05/13/1997","S65E","PHOSPHATE, ORTHO AS P","mg/L",-0.004
"05/19/1997","S65E","PHOSPHATE, ORTHO AS P","mg/L",0.01
"05/27/1997","S65E","PHOSPHATE, ORTHO AS P","mg/L",-0.004
"06/24/1997","S65E","PHOSPHATE, ORTHO AS P","mg/L",0.019
"07/08/1997","S65E","PHOSPHATE, ORTHO AS P","mg/L",0.034
"07/22/1997","S65E","PHOSPHATE, ORTHO AS P","mg/L",0.085
"08/05/1997","S65E","PHOSPHATE, ORTHO AS P","mg/L",0.08
"08/19/1997","S65E","PHOSPHATE, ORTHO AS P","mg/L",0.028
"08/28/1997","S65E","PHOSPHATE, ORTHO AS P","mg/L",0.013
"09/02/1997","S65E","PHOSPHATE, ORTHO AS P","mg/L",0.007
"09/16/1997","S65E","PHOSPHATE, ORTHO AS P","mg/L",0.07
"09/30/1997","S65E","PHOSPHATE, ORTHO AS P","mg/L",0.063
"10/14/1997","S65E","PHOSPHATE, ORTHO AS P","mg/L",0.078
"10/28/1997","S65E","PHOSPHATE, ORTHO AS P","mg/L",0.082
"11/12/1997","S65E","PHOSPHATE, ORTHO AS P","mg/L",0.084
"11/17/1997","S65E","PHOSPHATE, ORTHO AS P","mg/L",0.039
"11/25/1997","S65E","PHOSPHATE, ORTHO AS P","mg/L",0.051
"12/09/1997","S65E","PHOSPHATE, ORTHO AS P","mg/L",0.06
"12/23/1997","S65E","PHOSPHATE, ORTHO AS P","mg/L",0.013
"01/06/1998","S65E","PHOSPHATE, ORTHO AS P","mg/L",0.017
"01/20/1998","S65E","PHOSPHATE, ORTHO AS P","mg/L",0.033
"02/03/1998","S65E","PHOSPHATE, ORTHO AS P","mg/L",0.044
"02/17/1998","S65E","PHOSPHATE, ORTHO AS P","mg/L",0.06
"02/18/1998","S65E","PHOSPHATE, ORTHO AS P","mg/L",0.074
"03/03/1998","S65E","PHOSPHATE, ORTHO AS P","mg/L",0.026
"03/17/1998","S65E","PHOSPHATE, ORTHO AS P","mg/L",0.021
"03/31/1998","S65E","PHOSPHATE, ORTHO AS P","mg/L",0.045
"04/14/1998","S65E","PHOSPHATE, ORTHO AS P","mg/L",0.027
"04/28/1998","S65E","PHOSPHATE, ORTHO AS P","mg/L",0.073
"05/12/1998","S65E","PHOSPHATE, ORTHO AS P","mg/L",0.051
"05/18/1998","S65E","PHOSPHATE, ORTHO AS P","mg/L",0.057
"05/26/1998","S65E","PHOSPHATE, ORTHO AS P","mg/L",0.064
"06/09/1998","S65E","PHOSPHATE, ORTHO AS P","mg/L",0.068
"06/23/1998","S65E","PHOSPHATE, ORTHO AS P","mg/L",0.042
"07/07/1998","S65E","PHOSPHATE, ORTHO AS P","mg/L",0.025
"07/21/1998","S65E","PHOSPHATE, ORTHO AS P","mg/L",0.119
"08/04/1998","S65E","PHOSPHATE, ORTHO AS P","mg/L",0.139
"08/18/1998","S65E","PHOSPHATE, ORTHO AS P","mg/L",0.225
"08/24/1998","S65E","PHOSPHATE, ORTHO AS P","mg/L",0.15
"09/01/1998","S65E","PHOSPHATE, ORTHO AS P","mg/L",0.131
"09/10/1998","S65E","PHOSPHATE, ORTHO AS P","mg/L",0.129
"09/15/1998","S65E","PHOSPHATE, ORTHO AS P","mg/L",0.107
"09/29/1998","S65E","PHOSPHATE, ORTHO AS P","mg/L",0.104
"10/13/1998","S65E","PHOSPHATE, ORTHO AS P","mg/L",0.211
"10/27/1998","S65E","PHOSPHATE, ORTHO AS P","mg/L",0.186
"11/09/1998","S65E","PHOSPHATE, ORTHO AS P","mg/L",0.134
"11/24/1998","S65E","PHOSPHATE, ORTHO AS P","mg/L",0.152
"12/08/1998","S65E","PHOSPHATE, ORTHO AS P","mg/L",0.164
"12/22/1998","S65E","PHOSPHATE, ORTHO AS P","mg/L",0.128
"01/05/1999","S65E","PHOSPHATE, ORTHO AS P","mg/L",0.114
"01/19/1999","S65E","PHOSPHATE, ORTHO AS P","mg/L",0.093
"01/25/1999","S65E","PHOSPHATE, ORTHO AS P","mg/L",0.086
"02/02/1999","S65E","PHOSPHATE, ORTHO AS P","mg/L",0.081
"02/16/1999","S65E","PHOSPHATE, ORTHO AS P","mg/L",0.08
"03/02/1999","S65E","PHOSPHATE, ORTHO AS P","mg/L",0.036
"03/16/1999","S65E","PHOSPHATE, ORTHO AS P","mg/L",0.049
"03/30/1999","S65E","PHOSPHATE, ORTHO AS P","mg/L",0.042
"04/13/1999","S65E","PHOSPHATE, ORTHO AS P","mg/L",0.004
"04/19/1999","S65E","PHOSPHATE, ORTHO AS P","mg/L",0.032
"04/27/1999","S65E","PHOSPHATE, ORTHO AS P","mg/L",0.007
"05/11/1999","S65E","PHOSPHATE, ORTHO AS P","mg/L",0.016
"05/25/1999","S65E","PHOSPHATE, ORTHO AS P","mg/L",0.008
"06/08/1999","S65E","PHOSPHATE, ORTHO AS P","mg/L",0.014
"06/22/1999","S65E","PHOSPHATE, ORTHO AS P","mg/L",0.009
"07/06/1999","S65E","PHOSPHATE, ORTHO AS P","mg/L",0.159
"07/20/1999","S65E","PHOSPHATE, ORTHO AS P","mg/L",0.1005
"07/26/1999","S65E","PHOSPHATE, ORTHO AS P","mg/L",0.187
"08/03/1999","S65E","PHOSPHATE, ORTHO AS P","mg/L",0.088
"08/17/1999","S65E","PHOSPHATE, ORTHO AS P","mg/L",0.207
"08/31/1999","S65E","PHOSPHATE, ORTHO AS P","mg/L",0.142
"09/16/1999","S65E","PHOSPHATE, ORTHO AS P","mg/L",0.0592
"09/28/1999","S65E","PHOSPHATE, ORTHO AS P","mg/L",0.0415
"10/12/1999","S65E","PHOSPHATE, ORTHO AS P","mg/L",0.145
"10/18/1999","S65E","PHOSPHATE, ORTHO AS P","mg/L",0.028
"10/26/1999","S65E","PHOSPHATE, ORTHO AS P","mg/L",0.031
"11/09/1999","S65E","PHOSPHATE, ORTHO AS P","mg/L",0.062
"11/23/1999","S65E","PHOSPHATE, ORTHO AS P","mg/L",0.071
"12/07/1999","S65E","PHOSPHATE, ORTHO AS P","mg/L",0.0295
"12/21/1999","S65E","PHOSPHATE, ORTHO AS P","mg/L",0.027
"01/04/2000","S65E","PHOSPHATE, ORTHO AS P","mg/L",0.0158
"01/18/2000","S65E","PHOSPHATE, ORTHO AS P","mg/L",0.0085
"01/24/2000","S65E","PHOSPHATE, ORTHO AS P","mg/L",0.023
"02/01/2000","S65E","PHOSPHATE, ORTHO AS P","mg/L",0.038
"02/15/2000","S65E","PHOSPHATE, ORTHO AS P","mg/L",0.017
"02/29/2000","S65E","PHOSPHATE, ORTHO AS P","mg/L",0.013
"03/14/2000","S65E","PHOSPHATE, ORTHO AS P","mg/L",0.036
"03/28/2000","S65E","PHOSPHATE, ORTHO AS P","mg/L",0.047
"04/11/2000","S65E","PHOSPHATE, ORTHO AS P","mg/L",0.017
"04/17/2000","S65E","PHOSPHATE, ORTHO AS P","mg/L",0.015
"04/24/2000","S65E","PHOSPHATE, ORTHO AS P","mg/L",0.0065
"05/09/2000","S65E","PHOSPHATE, ORTHO AS P","mg/L",0.044
"05/23/2000","S65E","PHOSPHATE, ORTHO AS P","mg/L",0.012
"06/06/2000","S65E","PHOSPHATE, ORTHO AS P","mg/L",0.006
"06/20/2000","S65E","PHOSPHATE, ORTHO AS P","mg/L",0.014
"07/05/2000","S65E","PHOSPHATE, ORTHO AS P","mg/L",0.009
"07/18/2000","S65E","PHOSPHATE, ORTHO AS P","mg/L",0.007
"07/25/2000","S65E","PHOSPHATE, ORTHO AS P","mg/L",0.007
"08/01/2000","S65E","PHOSPHATE, ORTHO AS P","mg/L",0.018
"08/15/2000","S65E","PHOSPHATE, ORTHO AS P","mg/L",0.0234
"08/29/2000","S65E","PHOSPHATE, ORTHO AS P","mg/L",0.081
"09/12/2000","S65E","PHOSPHATE, ORTHO AS P","mg/L",0.119
"09/26/2000","S65E","PHOSPHATE, ORTHO AS P","mg/L",0.143
"10/10/2000","S65E","PHOSPHATE, ORTHO AS P","mg/L",0.084
"10/16/2000","S65E","PHOSPHATE, ORTHO AS P","mg/L",0.156
"10/24/2000","S65E","PHOSPHATE, ORTHO AS P","mg/L",0.137
"11/07/2000","S65E","PHOSPHATE, ORTHO AS P","mg/L",0.123
"11/21/2000","S65E","PHOSPHATE, ORTHO AS P","mg/L",0.11
"12/05/2000","S65E","PHOSPHATE, ORTHO AS P","mg/L",0.099
"12/19/2000","S65E","PHOSPHATE, ORTHO AS P","mg/L",0.093
"01/02/2001","S65E","PHOSPHATE, ORTHO AS P","mg/L",0.0465
"01/16/2001","S65E","PHOSPHATE, ORTHO AS P","mg/L",0.079
"01/22/2001","S65E","PHOSPHATE, ORTHO AS P","mg/L",0.081
"01/30/2001","S65E","PHOSPHATE, ORTHO AS P","mg/L",0.083
"02/13/2001","S65E","PHOSPHATE, ORTHO AS P","mg/L",0.075
"02/27/2001","S65E","PHOSPHATE, ORTHO AS P","mg/L",0.076
"03/13/2001","S65E","PHOSPHATE, ORTHO AS P","mg/L",0.085
"03/27/2001","S65E","PHOSPHATE, ORTHO AS P","mg/L",0.081
"04/10/2001","S65E","PHOSPHATE, ORTHO AS P","mg/L",0.082
"04/16/2001","S65E","PHOSPHATE, ORTHO AS P","mg/L",0.041
"04/24/2001","S65E","PHOSPHATE, ORTHO AS P","mg/L",0.047
"05/08/2001","S65E","PHOSPHATE, ORTHO AS P","mg/L",0.036
"05/22/2001","S65E","PHOSPHATE, ORTHO AS P","mg/L",0.038
"06/05/2001","S65E","PHOSPHATE, ORTHO AS P","mg/L",0.041
"06/19/2001","S65E","PHOSPHATE, ORTHO AS P","mg/L",0.0135
"07/03/2001","S65E","PHOSPHATE, ORTHO AS P","mg/L",0.0302
"07/16/2001","S65E","PHOSPHATE, ORTHO AS P","mg/L",0.1335
"07/17/2001","S65E","PHOSPHATE, ORTHO AS P","mg/L",0.155
"07/31/2001","S65E","PHOSPHATE, ORTHO AS P","mg/L",0.198
"08/14/2001","S65E","PHOSPHATE, ORTHO AS P","mg/L",0.106
"08/28/2001","S65E","PHOSPHATE, ORTHO AS P","mg/L",0.056
"09/11/2001","S65E","PHOSPHATE, ORTHO AS P","mg/L",0.0406
"09/25/2001","S65E","PHOSPHATE, ORTHO AS P","mg/L",0.035
"10/08/2001","S65E","PHOSPHATE, ORTHO AS P","mg/L",0.026
"10/09/2001","S65E","PHOSPHATE, ORTHO AS P","mg/L",0.024
"11/06/2001","S65E","PHOSPHATE, ORTHO AS P","mg/L",0.037
"11/20/2001","S65E","PHOSPHATE, ORTHO AS P","mg/L",0.0205
"12/04/2001","S65E","PHOSPHATE, ORTHO AS P","mg/L",0.0225
"12/18/2001","S65E","PHOSPHATE, ORTHO AS P","mg/L",0.034
"01/02/2002","S65E","PHOSPHATE, ORTHO AS P","mg/L",0.013
"01/15/2002","S65E","PHOSPHATE, ORTHO AS P","mg/L",0.0085
"01/29/2002","S65E","PHOSPHATE, ORTHO AS P","mg/L",0.011
"02/12/2002","S65E","PHOSPHATE, ORTHO AS P","mg/L",0.017
"02/26/2002","S65E","PHOSPHATE, ORTHO AS P","mg/L",0.035
"03/12/2002","S65E","PHOSPHATE, ORTHO AS P","mg/L",0.03
"03/18/2002","S65E","PHOSPHATE, ORTHO AS P","mg/L",0.0175
"03/26/2002","S65E","PHOSPHATE, ORTHO AS P","mg/L",0.029
"04/09/2002","S65E","PHOSPHATE, ORTHO AS P","mg/L",0.018
"04/23/2002","S65E","PHOSPHATE, ORTHO AS P","mg/L",0.008
"05/07/2002","S65E","PHOSPHATE, ORTHO AS P","mg/L",0.007
"05/21/2002","S65E","PHOSPHATE, ORTHO AS P","mg/L",0.012
"06/04/2002","S65E","PHOSPHATE, ORTHO AS P","mg/L",0.005
"06/18/2002","S65E","PHOSPHATE, ORTHO AS P","mg/L",-0.00133333333333333
"06/24/2002","S65E","PHOSPHATE, ORTHO AS P","mg/L",0.02
"07/02/2002","S65E","PHOSPHATE, ORTHO AS P","mg/L",0.264
"07/16/2002","S65E","PHOSPHATE, ORTHO AS P","mg/L",0.0535
"07/30/2002","S65E","PHOSPHATE, ORTHO AS P","mg/L",0.023
"08/13/2002","S65E","PHOSPHATE, ORTHO AS P","mg/L",0.029
"08/27/2002","S65E","PHOSPHATE, ORTHO AS P","mg/L",0.02
"09/10/2002","S65E","PHOSPHATE, ORTHO AS P","mg/L",0.0185
"09/16/2002","S65E","PHOSPHATE, ORTHO AS P","mg/L",0.022
"09/24/2002","S65E","PHOSPHATE, ORTHO AS P","mg/L",0.0105
"10/08/2002","S65E","PHOSPHATE, ORTHO AS P","mg/L",0.022
"10/22/2002","S65E","PHOSPHATE, ORTHO AS P","mg/L",0.022
"11/05/2002","S65E","PHOSPHATE, ORTHO AS P","mg/L",0.028
"11/19/2002","S65E","PHOSPHATE, ORTHO AS P","mg/L",0.026
"12/03/2002","S65E","PHOSPHATE, ORTHO AS P","mg/L",0.012
"12/17/2002","S65E","PHOSPHATE, ORTHO AS P","mg/L",0.0216
"12/30/2002","S65E","PHOSPHATE, ORTHO AS P","mg/L",0.0205
"12/31/2002","S65E","PHOSPHATE, ORTHO AS P","mg/L",0.021
"01/14/2003","S65E","PHOSPHATE, ORTHO AS P","mg/L",0.023
"01/28/2003","S65E","PHOSPHATE, ORTHO AS P","mg/L",0.025
"02/11/2003","S65E","PHOSPHATE, ORTHO AS P","mg/L",0.038
"02/25/2003","S65E","PHOSPHATE, ORTHO AS P","mg/L",0.066
"03/11/2003","S65E","PHOSPHATE, ORTHO AS P","mg/L",0.071
"03/24/2003","S65E","PHOSPHATE, ORTHO AS P","mg/L",0.0695
"03/25/2003","S65E","PHOSPHATE, ORTHO AS P","mg/L",0.076
"04/08/2003","S65E","PHOSPHATE, ORTHO AS P","mg/L",0.023
"04/22/2003","S65E","PHOSPHATE, ORTHO AS P","mg/L",0.025
"05/06/2003","S65E","PHOSPHATE, ORTHO AS P","mg/L",0.0105
"05/20/2003","S65E","PHOSPHATE, ORTHO AS P","mg/L",0.035
"06/03/2003","S65E","PHOSPHATE, ORTHO AS P","mg/L",0.01
"06/16/2003","S65E","PHOSPHATE, ORTHO AS P","mg/L",0.0325
"06/17/2003","S65E","PHOSPHATE, ORTHO AS P","mg/L",0.015
"07/01/2003","S65E","PHOSPHATE, ORTHO AS P","mg/L",0.07
"07/15/2003","S65E","PHOSPHATE, ORTHO AS P","mg/L",0.024
"07/29/2003","S65E","PHOSPHATE, ORTHO AS P","mg/L",0.025
"08/12/2003","S65E","PHOSPHATE, ORTHO AS P","mg/L",0.047
"08/26/2003","S65E","PHOSPHATE, ORTHO AS P","mg/L",0.057
"09/09/2003","S65E","PHOSPHATE, ORTHO AS P","mg/L",0.0225
"09/15/2003","S65E","PHOSPHATE, ORTHO AS P","mg/L",0.047
"09/23/2003","S65E","PHOSPHATE, ORTHO AS P","mg/L",0.081
"10/07/2003","S65E","PHOSPHATE, ORTHO AS P","mg/L",0.051
"10/21/2003","S65E","PHOSPHATE, ORTHO AS P","mg/L",0.104
"11/04/2003","S65E","PHOSPHATE, ORTHO AS P","mg/L",0.056
"11/18/2003","S65E","PHOSPHATE, ORTHO AS P","mg/L",0.059
"12/02/2003","S65E","PHOSPHATE, ORTHO AS P","mg/L",0.044
"12/15/2003","S65E","PHOSPHATE, ORTHO AS P","mg/L",0.038
"12/16/2003","S65E","PHOSPHATE, ORTHO AS P","mg/L",0.039
"12/30/2003","S65E","PHOSPHATE, ORTHO AS P","mg/L",0.0225
"01/13/2004","S65E","PHOSPHATE, ORTHO AS P","mg/L",0.029
"01/27/2004","S65E","PHOSPHATE, ORTHO AS P","mg/L",0.03
"02/10/2004","S65E","PHOSPHATE, ORTHO AS P","mg/L",0.0155
"02/24/2004","S65E","PHOSPHATE, ORTHO AS P","mg/L",0.027
"03/09/2004","S65E","PHOSPHATE, ORTHO AS P","mg/L",0.027
"03/15/2004","S65E","PHOSPHATE, ORTHO AS P","mg/L",0.034
"03/23/2004","S65E","PHOSPHATE, ORTHO AS P","mg/L",0.021
"04/06/2004","S65E","PHOSPHATE, ORTHO AS P","mg/L",0.024
"04/20/2004","S65E","PHOSPHATE, ORTHO AS P","mg/L",0.036
"05/04/2004","S65E","PHOSPHATE, ORTHO AS P","mg/L",0.0125
"05/17/2004","S65E","PHOSPHATE, ORTHO AS P","mg/L",0.037
"05/18/2004","S65E","PHOSPHATE, ORTHO AS P","mg/L",0.035
"06/08/2004","S65E","PHOSPHATE, ORTHO AS P","mg/L",0.017
"06/22/2004","S65E","PHOSPHATE, ORTHO AS P","mg/L",0.01
"07/06/2004","S65E","PHOSPHATE, ORTHO AS P","mg/L",0.003
"07/20/2004","S65E","PHOSPHATE, ORTHO AS P","mg/L",0.0075
"08/03/2004","S65E","PHOSPHATE, ORTHO AS P","mg/L",0.049
"08/17/2004","S65E","PHOSPHATE, ORTHO AS P","mg/L",0.058
"08/23/2004","S65E","PHOSPHATE, ORTHO AS P","mg/L",0.1125
"08/31/2004","S65E","PHOSPHATE, ORTHO AS P","mg/L",0.189
"09/14/2004","S65E","PHOSPHATE, ORTHO AS P","mg/L",0.099
"09/29/2004","S65E","PHOSPHATE, ORTHO AS P","mg/L",0.13
"10/12/2004","S65E","PHOSPHATE, ORTHO AS P","mg/L",0.089
"10/26/2004","S65E","PHOSPHATE, ORTHO AS P","mg/L",0.0253333333333333
"11/09/2004","S65E","PHOSPHATE, ORTHO AS P","mg/L",0.082
"11/22/2004","S65E","PHOSPHATE, ORTHO AS P","mg/L",0.053
"12/07/2004","S65E","PHOSPHATE, ORTHO AS P","mg/L",0.059
"12/21/2004","S65E","PHOSPHATE, ORTHO AS P","mg/L",0.0325
"01/04/2005","S65E","PHOSPHATE, ORTHO AS P","mg/L",0.043
"01/18/2005","S65E","PHOSPHATE, ORTHO AS P","mg/L",0.043
"02/01/2005","S65E","PHOSPHATE, ORTHO AS P","mg/L",0.04
"02/14/2005","S65E","PHOSPHATE, ORTHO AS P","mg/L",0.03
"02/15/2005","S65E","PHOSPHATE, ORTHO AS P","mg/L",0.032
"03/01/2005","S65E","PHOSPHATE, ORTHO AS P","mg/L",0.016
"03/15/2005","S65E","PHOSPHATE, ORTHO AS P","mg/L",0.035
"03/29/2005","S65E","PHOSPHATE, ORTHO AS P","mg/L",0.049
"04/12/2005","S65E","PHOSPHATE, ORTHO AS P","mg/L",0.032
"04/26/2005","S65E","PHOSPHATE, ORTHO AS P","mg/L",0.026
"05/10/2005","S65E","PHOSPHATE, ORTHO AS P","mg/L",0.034
"05/16/2005","S65E","PHOSPHATE, ORTHO AS P","mg/L",0.0145
"05/24/2005","S65E","PHOSPHATE, ORTHO AS P","mg/L",0.026
"06/07/2005","S65E","PHOSPHATE, ORTHO AS P","mg/L",0.043
"06/21/2005","S65E","PHOSPHATE, ORTHO AS P","mg/L",0.089
"07/05/2005","S65E","PHOSPHATE, ORTHO AS P","mg/L",0.048
"07/19/2005","S65E","PHOSPHATE, ORTHO AS P","mg/L",0.0255
"08/02/2005","S65E","PHOSPHATE, ORTHO AS P","mg/L",0.0265
"08/16/2005","S65E","PHOSPHATE, ORTHO AS P","mg/L",0.054
"08/22/2005","S65E","PHOSPHATE, ORTHO AS P","mg/L",0.043
"08/30/2005","S65E","PHOSPHATE, ORTHO AS P","mg/L",0.027
"09/12/2005","S65E","PHOSPHATE, ORTHO AS P","mg/L",0.013
"09/26/2005","S65E","PHOSPHATE, ORTHO AS P","mg/L",0.027
"10/11/2005","S65E","PHOSPHATE, ORTHO AS P","mg/L",0.024
"11/08/2005","S65E","PHOSPHATE, ORTHO AS P","mg/L",0.026
"11/14/2005","S65E","PHOSPHATE, ORTHO AS P","mg/L",0.054
"11/16/2005","S65E","PHOSPHATE, ORTHO AS P","mg/L",0.048
"12/06/2005","S65E","PHOSPHATE, ORTHO AS P","mg/L",0.04
"12/20/2005","S65E","PHOSPHATE, ORTHO AS P","mg/L",0.031
"01/03/2006","S65E","PHOSPHATE, ORTHO AS P","mg/L",0.027
"01/17/2006","S65E","PHOSPHATE, ORTHO AS P","mg/L",0.023
"01/30/2006","S65E","PHOSPHATE, ORTHO AS P","mg/L",0.033
"02/13/2006","S65E","PHOSPHATE, ORTHO AS P","mg/L",0.026
"02/21/2006","S65E","PHOSPHATE, ORTHO AS P","mg/L",0.0085
"02/28/2006","S65E","PHOSPHATE, ORTHO AS P","mg/L",0.03
"03/13/2006","S65E","PHOSPHATE, ORTHO AS P","mg/L",0.0145
"03/28/2006","S65E","PHOSPHATE, ORTHO AS P","mg/L",0.036
"04/11/2006","S65E","PHOSPHATE, ORTHO AS P","mg/L",0.014
"04/24/2006","S65E","PHOSPHATE, ORTHO AS P","mg/L",0.023
"05/08/2006","S65E","PHOSPHATE, ORTHO AS P","mg/L",0.012
"05/22/2006","S65E","PHOSPHATE, ORTHO AS P","mg/L",0.022
"05/23/2006","S65E","PHOSPHATE, ORTHO AS P","mg/L",0.004
"06/06/2006","S65E","PHOSPHATE, ORTHO AS P","mg/L",0.005
"06/19/2006","S65E","PHOSPHATE, ORTHO AS P","mg/L",0.009
"07/18/2006","S65E","PHOSPHATE, ORTHO AS P","mg/L",0.009
"07/31/2006","S65E","PHOSPHATE, ORTHO AS P","mg/L",0.0195
"08/14/2006","S65E","PHOSPHATE, ORTHO AS P","mg/L",0.012
"08/21/2006","S65E","PHOSPHATE, ORTHO AS P","mg/L",0.048
"08/31/2006","S65E","PHOSPHATE, ORTHO AS P","mg/L",0.064
"09/11/2006","S65E","PHOSPHATE, ORTHO AS P","mg/L",0.062
"09/25/2006","S65E","PHOSPHATE, ORTHO AS P","mg/L",0.202
"10/10/2006","S65E","PHOSPHATE, ORTHO AS P","mg/L",0.198
"10/24/2006","S65E","PHOSPHATE, ORTHO AS P","mg/L",0.207
"11/07/2006","S65E","PHOSPHATE, ORTHO AS P","mg/L",0.184
"11/21/2006","S65E","PHOSPHATE, ORTHO AS P","mg/L",0.155
"11/27/2006","S65E","PHOSPHATE, ORTHO AS P","mg/L",0.134
"12/05/2006","S65E","PHOSPHATE, ORTHO AS P","mg/L",0.0685
"12/19/2006","S65E","PHOSPHATE, ORTHO AS P","mg/L",0.099
"01/02/2007","S65E","PHOSPHATE, ORTHO AS P","mg/L",0.058
"01/16/2007","S65E","PHOSPHATE, ORTHO AS P","mg/L",0.114
"01/30/2007","S65E","PHOSPHATE, ORTHO AS P","mg/L",0.0555
"02/13/2007","S65E","PHOSPHATE, ORTHO AS P","mg/L",0.113
"02/26/2007","S65E","PHOSPHATE, ORTHO AS P","mg/L",0.11
"02/27/2007","S65E","PHOSPHATE, ORTHO AS P","mg/L",0.112
"03/13/2007","S65E","PHOSPHATE, ORTHO AS P","mg/L",0.08275
"03/27/2007","S65E","PHOSPHATE, ORTHO AS P","mg/L",0.109
"04/10/2007","S65E","PHOSPHATE, ORTHO AS P","mg/L",0.105
"04/24/2007","S65E","PHOSPHATE, ORTHO AS P","mg/L",0.105
"05/08/2007","S65E","PHOSPHATE, ORTHO AS P","mg/L",0.0435
"05/21/2007","S65E","PHOSPHATE, ORTHO AS P","mg/L",0.089
"05/22/2007","S65E","PHOSPHATE, ORTHO AS P","mg/L",0.09
"06/05/2007","S65E","PHOSPHATE, ORTHO AS P","mg/L",0.0444
"06/19/2007","S65E","PHOSPHATE, ORTHO AS P","mg/L",0.073
"07/02/2007","S65E","PHOSPHATE, ORTHO AS P","mg/L",0.059
"07/17/2007","S65E","PHOSPHATE, ORTHO AS P","mg/L",0.067
"08/06/2007","S65E","PHOSPHATE, ORTHO AS P","mg/L",0.075
"08/20/2007","S65E","PHOSPHATE, ORTHO AS P","mg/L",0.11275
"08/21/2007","S65E","PHOSPHATE, ORTHO AS P","mg/L",0.155
"09/04/2007","S65E","PHOSPHATE, ORTHO AS P","mg/L",0.0515
"09/17/2007","S65E","PHOSPHATE, ORTHO AS P","mg/L",0.056
"10/01/2007","S65E","PHOSPHATE, ORTHO AS P","mg/L",0.053
"10/15/2007","S65E","PHOSPHATE, ORTHO AS P","mg/L",0.0295
"10/29/2007","S65E","PHOSPHATE, ORTHO AS P","mg/L",0.084
"11/05/2007","S65E","PHOSPHATE, ORTHO AS P","mg/L",0.078
"11/20/2007","S65E","PHOSPHATE, ORTHO AS P","mg/L",0.05
"11/26/2007","S65E","PHOSPHATE, ORTHO AS P","mg/L",0.045
"12/03/2007","S65E","PHOSPHATE, ORTHO AS P","mg/L",0.0218
"12/18/2007","S65E","PHOSPHATE, ORTHO AS P","mg/L",0.041
"01/17/2008","S65E","PHOSPHATE, ORTHO AS P","mg/L",0.033
"01/29/2008","S65E","PHOSPHATE, ORTHO AS P","mg/L",0.012
"02/04/2008","S65E","PHOSPHATE, ORTHO AS P","mg/L",0.024
"02/19/2008","S65E","PHOSPHATE, ORTHO AS P","mg/L",0.019
"02/20/2008","S65E","PHOSPHATE, ORTHO AS P","mg/L",0.015
"03/03/2008","S65E","PHOSPHATE, ORTHO AS P","mg/L",0.0094
"03/17/2008","S65E","PHOSPHATE, ORTHO AS P","mg/L",0.007
"04/07/2008","S65E","PHOSPHATE, ORTHO AS P","mg/L",0.021
"04/21/2008","S65E","PHOSPHATE, ORTHO AS P","mg/L",0.025
"05/06/2008","S65E","PHOSPHATE, ORTHO AS P","mg/L",0.004
"05/19/2008","S65E","PHOSPHATE, ORTHO AS P","mg/L",5e-04
"05/28/2008","S65E","PHOSPHATE, ORTHO AS P","mg/L",0.003
"06/03/2008","S65E","PHOSPHATE, ORTHO AS P","mg/L",-4e-04
"06/17/2008","S65E","PHOSPHATE, ORTHO AS P","mg/L",-0.002
"07/01/2008","S65E","PHOSPHATE, ORTHO AS P","mg/L",0
"07/16/2008","S65E","PHOSPHATE, ORTHO AS P","mg/L",0.0295
"08/06/2008","S65E","PHOSPHATE, ORTHO AS P","mg/L",0.112
"08/26/2008","S65E","PHOSPHATE, ORTHO AS P","mg/L",0.12
"08/28/2008","S65E","PHOSPHATE, ORTHO AS P","mg/L",0.11
"09/08/2008","S65E","PHOSPHATE, ORTHO AS P","mg/L",0.0208
"09/22/2008","S65E","PHOSPHATE, ORTHO AS P","mg/L",0.042
"10/06/2008","S65E","PHOSPHATE, ORTHO AS P","mg/L",0.03
"10/20/2008","S65E","PHOSPHATE, ORTHO AS P","mg/L",0.033
"11/13/2008","S65E","PHOSPHATE, ORTHO AS P","mg/L",0.0175
"11/19/2008","S65E","PHOSPHATE, ORTHO AS P","mg/L",0.032
"11/24/2008","S65E","PHOSPHATE, ORTHO AS P","mg/L",0.028
"12/10/2008","S65E","PHOSPHATE, ORTHO AS P","mg/L",0.0095
"12/23/2008","S65E","PHOSPHATE, ORTHO AS P","mg/L",0.006
"01/14/2009","S65E","PHOSPHATE, ORTHO AS P","mg/L",0.01
"01/27/2009","S65E","PHOSPHATE, ORTHO AS P","mg/L",0.027
"02/02/2009","S65E","PHOSPHATE, ORTHO AS P","mg/L",0.02
"02/17/2009","S65E","PHOSPHATE, ORTHO AS P","mg/L",0.006
"02/18/2009","S65E","PHOSPHATE, ORTHO AS P","mg/L",0.008
"03/03/2009","S65E","PHOSPHATE, ORTHO AS P","mg/L",0.0066
"03/17/2009","S65E","PHOSPHATE, ORTHO AS P","mg/L",0.006
"03/31/2009","S65E","PHOSPHATE, ORTHO AS P","mg/L",0.0065
"04/14/2009","S65E","PHOSPHATE, ORTHO AS P","mg/L",0.0075
"04/29/2009","S65E","PHOSPHATE, ORTHO AS P","mg/L",0.014
"05/13/2009","S65E","PHOSPHATE, ORTHO AS P","mg/L",0.0015
"05/20/2009","S65E","PHOSPHATE, ORTHO AS P","mg/L",0.011
"05/27/2009","S65E","PHOSPHATE, ORTHO AS P","mg/L",0.006
"06/02/2009","S65E","PHOSPHATE, ORTHO AS P","mg/L",0.053
"06/16/2009","S65E","PHOSPHATE, ORTHO AS P","mg/L",0.012
"07/07/2009","S65E","PHOSPHATE, ORTHO AS P","mg/L",0.038
"07/20/2009","S65E","PHOSPHATE, ORTHO AS P","mg/L",0.04
"08/04/2009","S65E","PHOSPHATE, ORTHO AS P","mg/L",0.0135
"08/18/2009","S65E","PHOSPHATE, ORTHO AS P","mg/L",0.0125
"08/26/2009","S65E","PHOSPHATE, ORTHO AS P","mg/L",0.04
"09/08/2009","S65E","PHOSPHATE, ORTHO AS P","mg/L",0.033
"09/22/2009","S65E","PHOSPHATE, ORTHO AS P","mg/L",0.0148
"10/07/2009","S65E","PHOSPHATE, ORTHO AS P","mg/L",0.011
"10/21/2009","S65E","PHOSPHATE, ORTHO AS P","mg/L",0.031
"11/09/2009","S65E","PHOSPHATE, ORTHO AS P","mg/L",0.024
"11/18/2009","S65E","PHOSPHATE, ORTHO AS P","mg/L",0.0235
"11/30/2009","S65E","PHOSPHATE, ORTHO AS P","mg/L",0.0195
"12/16/2009","S65E","PHOSPHATE, ORTHO AS P","mg/L",0.015
"12/28/2009","S65E","PHOSPHATE, ORTHO AS P","mg/L",0.0165
"01/11/2010","S65E","PHOSPHATE, ORTHO AS P","mg/L",0.042
"01/25/2010","S65E","PHOSPHATE, ORTHO AS P","mg/L",0.027
"02/08/2010","S65E","PHOSPHATE, ORTHO AS P","mg/L",0.035
"02/17/2010","S65E","PHOSPHATE, ORTHO AS P","mg/L",0.039
"02/24/2010","S65E","PHOSPHATE, ORTHO AS P","mg/L",0.015
"03/15/2010","S65E","PHOSPHATE, ORTHO AS P","mg/L",0.0306
"03/29/2010","S65E","PHOSPHATE, ORTHO AS P","mg/L",0.064
"04/12/2010","S65E","PHOSPHATE, ORTHO AS P","mg/L",0.0325
"04/26/2010","S65E","PHOSPHATE, ORTHO AS P","mg/L",0.066
"05/10/2010","S65E","PHOSPHATE, ORTHO AS P","mg/L",0.0195
"05/24/2010","S65E","PHOSPHATE, ORTHO AS P","mg/L",0.026
"05/26/2010","S65E","PHOSPHATE, ORTHO AS P","mg/L",0.025
"06/07/2010","S65E","PHOSPHATE, ORTHO AS P","mg/L",0.01075
"06/21/2010","S65E","PHOSPHATE, ORTHO AS P","mg/L",0.02
"07/08/2010","S65E","PHOSPHATE, ORTHO AS P","mg/L",0.0315
"07/19/2010","S65E","PHOSPHATE, ORTHO AS P","mg/L",0.137
"08/02/2010","S65E","PHOSPHATE, ORTHO AS P","mg/L",0.091
"08/16/2010","S65E","PHOSPHATE, ORTHO AS P","mg/L",0.074
"08/18/2010","S65E","PHOSPHATE, ORTHO AS P","mg/L",0.071
"09/14/2010","S65E","PHOSPHATE, ORTHO AS P","mg/L",0.0436666666666667
"09/27/2010","S65E","PHOSPHATE, ORTHO AS P","mg/L",0.074
"10/11/2010","S65E","PHOSPHATE, ORTHO AS P","mg/L",0.036
"10/26/2010","S65E","PHOSPHATE, ORTHO AS P","mg/L",0.027
"11/09/2010","S65E","PHOSPHATE, ORTHO AS P","mg/L",0.027
"11/17/2010","S65E","PHOSPHATE, ORTHO AS P","mg/L",0.018
"11/29/2010","S65E","PHOSPHATE, ORTHO AS P","mg/L",0.018
"12/09/2010","S65E","PHOSPHATE, ORTHO AS P","mg/L",0.011
"12/22/2010","S65E","PHOSPHATE, ORTHO AS P","mg/L",0.003
"01/10/2011","S65E","PHOSPHATE, ORTHO AS P","mg/L",0.005
"01/24/2011","S65E","PHOSPHATE, ORTHO AS P","mg/L",0.004
"02/07/2011","S65E","PHOSPHATE, ORTHO AS P","mg/L",0.002
"02/17/2011","S65E","PHOSPHATE, ORTHO AS P","mg/L",0.014
"02/23/2011","S65E","PHOSPHATE, ORTHO AS P","mg/L",0.002
"03/09/2011","S65E","PHOSPHATE, ORTHO AS P","mg/L",0.008
"03/23/2011","S65E","PHOSPHATE, ORTHO AS P","mg/L",0.007
"04/13/2011","S65E","PHOSPHATE, ORTHO AS P","mg/L",-0.002
"04/27/2011","S65E","PHOSPHATE, ORTHO AS P","mg/L",0.003
"05/11/2011","S65E","PHOSPHATE, ORTHO AS P","mg/L",-0.002
"05/18/2011","S65E","PHOSPHATE, ORTHO AS P","mg/L",0.002
"05/25/2011","S65E","PHOSPHATE, ORTHO AS P","mg/L",0.002
"06/08/2011","S65E","PHOSPHATE, ORTHO AS P","mg/L",-0.002
"06/20/2011","S65E","PHOSPHATE, ORTHO AS P","mg/L",-0.002
"07/06/2011","S65E","PHOSPHATE, ORTHO AS P","mg/L",-0.002
"07/20/2011","S65E","PHOSPHATE, ORTHO AS P","mg/L",0.211
"08/03/2011","S65E","PHOSPHATE, ORTHO AS P","mg/L",0.145
"08/17/2011","S65E","PHOSPHATE, ORTHO AS P","mg/L",0.126
"08/24/2011","S65E","PHOSPHATE, ORTHO AS P","mg/L",0.111
"08/31/2011","S65E","PHOSPHATE, ORTHO AS P","mg/L",0.064
"09/14/2011","S65E","PHOSPHATE, ORTHO AS P","mg/L",0.0183333333333333
"09/28/2011","S65E","PHOSPHATE, ORTHO AS P","mg/L",0.047
"10/12/2011","S65E","PHOSPHATE, ORTHO AS P","mg/L",0.027
"10/26/2011","S65E","PHOSPHATE, ORTHO AS P","mg/L",0.021
"11/07/2011","S65E","PHOSPHATE, ORTHO AS P","mg/L",0.058
"11/16/2011","S65E","PHOSPHATE, ORTHO AS P","mg/L",0.044
"11/22/2011","S65E","PHOSPHATE, ORTHO AS P","mg/L",0.046
"12/07/2011","S65E","PHOSPHATE, ORTHO AS P","mg/L",0.031
"12/21/2011","S65E","PHOSPHATE, ORTHO AS P","mg/L",0.024
"01/04/2012","S65E","PHOSPHATE, ORTHO AS P","mg/L",0.024
"01/18/2012","S65E","PHOSPHATE, ORTHO AS P","mg/L",0.02
"02/01/2012","S65E","PHOSPHATE, ORTHO AS P","mg/L",0.008
"02/15/2012","S65E","PHOSPHATE, ORTHO AS P","mg/L",0.016
"02/22/2012","S65E","PHOSPHATE, ORTHO AS P","mg/L",0.006
"02/29/2012","S65E","PHOSPHATE, ORTHO AS P","mg/L",0.006
"03/14/2012","S65E","PHOSPHATE, ORTHO AS P","mg/L",0.01
"03/28/2012","S65E","PHOSPHATE, ORTHO AS P","mg/L",-0.002
"04/11/2012","S65E","PHOSPHATE, ORTHO AS P","mg/L",0.024
"04/25/2012","S65E","PHOSPHATE, ORTHO AS P","mg/L",0.02
"05/09/2012","S65E","PHOSPHATE, ORTHO AS P","mg/L",-0.002
"05/16/2012","S65E","PHOSPHATE, ORTHO AS P","mg/L",0.002
"05/23/2012","S65E","PHOSPHATE, ORTHO AS P","mg/L",0.002
"06/06/2012","S65E","PHOSPHATE, ORTHO AS P","mg/L",-0.002
"06/20/2012","S65E","PHOSPHATE, ORTHO AS P","mg/L",0.002
"07/11/2012","S65E","PHOSPHATE, ORTHO AS P","mg/L",0.104
"07/25/2012","S65E","PHOSPHATE, ORTHO AS P","mg/L",0.101
"08/08/2012","S65E","PHOSPHATE, ORTHO AS P","mg/L",0.0715
"08/22/2012","S65E","PHOSPHATE, ORTHO AS P","mg/L",0.075
"09/05/2012","S65E","PHOSPHATE, ORTHO AS P","mg/L",0.113
"09/19/2012","S65E","PHOSPHATE, ORTHO AS P","mg/L",0.098
"10/03/2012","S65E","PHOSPHATE, ORTHO AS P","mg/L",0.068
"10/17/2012","S65E","PHOSPHATE, ORTHO AS P","mg/L",0.059
"10/31/2012","S65E","PHOSPHATE, ORTHO AS P","mg/L",0.091
"11/14/2012","S65E","PHOSPHATE, ORTHO AS P","mg/L",0.0405
"11/28/2012","S65E","PHOSPHATE, ORTHO AS P","mg/L",0.041
"12/05/2012","S65E","PHOSPHATE, ORTHO AS P","mg/L",0.034
"12/19/2012","S65E","PHOSPHATE, ORTHO AS P","mg/L",0.055
"01/02/2013","S65E","PHOSPHATE, ORTHO AS P","mg/L",0.046
"01/16/2013","S65E","PHOSPHATE, ORTHO AS P","mg/L",0.035
"01/30/2013","S65E","PHOSPHATE, ORTHO AS P","mg/L",0.037
"02/06/2013","S65E","PHOSPHATE, ORTHO AS P","mg/L",0.033
"02/13/2013","S65E","PHOSPHATE, ORTHO AS P","mg/L",0.015
"02/27/2013","S65E","PHOSPHATE, ORTHO AS P","mg/L",0.012
"03/13/2013","S65E","PHOSPHATE, ORTHO AS P","mg/L",0.018
"03/27/2013","S65E","PHOSPHATE, ORTHO AS P","mg/L",0.007
"04/10/2013","S65E","PHOSPHATE, ORTHO AS P","mg/L",0.011
"04/24/2013","S65E","PHOSPHATE, ORTHO AS P","mg/L",-0.002
"05/08/2013","S65E","PHOSPHATE, ORTHO AS P","mg/L",0.008
"05/22/2013","S65E","PHOSPHATE, ORTHO AS P","mg/L",0.002
"06/05/2013","S65E","PHOSPHATE, ORTHO AS P","mg/L",0.002
"06/19/2013","S65E","PHOSPHATE, ORTHO AS P","mg/L",0.126
"07/02/2013","S65E","PHOSPHATE, ORTHO AS P","mg/L",0.092
"07/17/2013","S65E","PHOSPHATE, ORTHO AS P","mg/L",0.113
"07/31/2013","S65E","PHOSPHATE, ORTHO AS P","mg/L",0.077
"08/07/2013","S65E","PHOSPHATE, ORTHO AS P","mg/L",0.049
"08/14/2013","S65E","PHOSPHATE, ORTHO AS P","mg/L",0.04
"08/28/2013","S65E","PHOSPHATE, ORTHO AS P","mg/L",0.051
"09/11/2013","S65E","PHOSPHATE, ORTHO AS P","mg/L",0.073
"09/25/2013","S65E","PHOSPHATE, ORTHO AS P","mg/L",0.129
"10/09/2013","S65E","PHOSPHATE, ORTHO AS P","mg/L",0.042
"10/23/2013","S65E","PHOSPHATE, ORTHO AS P","mg/L",0.052
"11/04/2013","S65E","PHOSPHATE, ORTHO AS P","mg/L",0.057
"11/06/2013","S65E","PHOSPHATE, ORTHO AS P","mg/L",0.061
"11/20/2013","S65E","PHOSPHATE, ORTHO AS P","mg/L",0.03
"12/04/2013","S65E","PHOSPHATE, ORTHO AS P","mg/L",0.029
"12/18/2013","S65E","PHOSPHATE, ORTHO AS P","mg/L",0.022
"12/30/2013","S65E","PHOSPHATE, ORTHO AS P","mg/L",0.014
"01/15/2014","S65E","PHOSPHATE, ORTHO AS P","mg/L",0.016
"01/29/2014","S65E","PHOSPHATE, ORTHO AS P","mg/L",0.015
"02/03/2014","S65E","PHOSPHATE, ORTHO AS P","mg/L",0.019
"02/12/2014","S65E","PHOSPHATE, ORTHO AS P","mg/L",0.03
"02/26/2014","S65E","PHOSPHATE, ORTHO AS P","mg/L",0.015
"03/12/2014","S65E","PHOSPHATE, ORTHO AS P","mg/L",0.012
"03/26/2014","S65E","PHOSPHATE, ORTHO AS P","mg/L",0.013
"04/09/2014","S65E","PHOSPHATE, ORTHO AS P","mg/L",0.004
"04/23/2014","S65E","PHOSPHATE, ORTHO AS P","mg/L",0.008
"05/05/2014","S65E","PHOSPHATE, ORTHO AS P","mg/L",0.012
"05/07/2014","S65E","PHOSPHATE, ORTHO AS P","mg/L",0.013
"05/21/2014","S65E","PHOSPHATE, ORTHO AS P","mg/L",0.005
"06/04/2014","S65E","PHOSPHATE, ORTHO AS P","mg/L",0.007
"06/18/2014","S65E","PHOSPHATE, ORTHO AS P","mg/L",0.02
"07/01/2014","S65E","PHOSPHATE, ORTHO AS P","mg/L",0.136
"07/16/2014","S65E","PHOSPHATE, ORTHO AS P","mg/L",0.087
"07/30/2014","S65E","PHOSPHATE, ORTHO AS P","mg/L",0.067
"08/13/2014","S65E","PHOSPHATE, ORTHO AS P","mg/L",0.06
"08/18/2014","S65E","PHOSPHATE, ORTHO AS P","mg/L",0.048
"08/27/2014","S65E","PHOSPHATE, ORTHO AS P","mg/L",0.046
"09/10/2014","S65E","PHOSPHATE, ORTHO AS P","mg/L",0.056
"09/24/2014","S65E","PHOSPHATE, ORTHO AS P","mg/L",0.053
"10/08/2014","S65E","PHOSPHATE, ORTHO AS P","mg/L",0.028
"10/22/2014","S65E","PHOSPHATE, ORTHO AS P","mg/L",0.062
"11/03/2014","S65E","PHOSPHATE, ORTHO AS P","mg/L",0.051
"11/05/2014","S65E","PHOSPHATE, ORTHO AS P","mg/L",0.047
"11/19/2014","S65E","PHOSPHATE, ORTHO AS P","mg/L",0.038
"12/03/2014","S65E","PHOSPHATE, ORTHO AS P","mg/L",0.053
"12/17/2014","S65E","PHOSPHATE, ORTHO AS P","mg/L",0.021
"12/30/2014","S65E","PHOSPHATE, ORTHO AS P","mg/L",0.021
"01/14/2015","S65E","PHOSPHATE, ORTHO AS P","mg/L",0.025
"01/28/2015","S65E","PHOSPHATE, ORTHO AS P","mg/L",0.02
"02/02/2015","S65E","PHOSPHATE, ORTHO AS P","mg/L",0.01
"02/11/2015","S65E","PHOSPHATE, ORTHO AS P","mg/L",0.013
"02/25/2015","S65E","PHOSPHATE, ORTHO AS P","mg/L",0.01
"03/11/2015","S65E","PHOSPHATE, ORTHO AS P","mg/L",0.031
"03/25/2015","S65E","PHOSPHATE, ORTHO AS P","mg/L",0.04
"04/08/2015","S65E","PHOSPHATE, ORTHO AS P","mg/L",0.016
"04/22/2015","S65E","PHOSPHATE, ORTHO AS P","mg/L",0.022
"05/04/2015","S65E","PHOSPHATE, ORTHO AS P","mg/L",0.023
"05/06/2015","S65E","PHOSPHATE, ORTHO AS P","mg/L",0.015
"05/20/2015","S65E","PHOSPHATE, ORTHO AS P","mg/L",0.015
"06/03/2015","S65E","PHOSPHATE, ORTHO AS P","mg/L",0.027
"06/17/2015","S65E","PHOSPHATE, ORTHO AS P","mg/L",0.011
"07/01/2015","S65E","PHOSPHATE, ORTHO AS P","mg/L",0.004
"07/15/2015","S65E","PHOSPHATE, ORTHO AS P","mg/L",0.003
"07/29/2015","S65E","PHOSPHATE, ORTHO AS P","mg/L",0.031
"08/03/2015","S65E","PHOSPHATE, ORTHO AS P","mg/L",0.033
"08/12/2015","S65E","PHOSPHATE, ORTHO AS P","mg/L",0.0313333333333333
"08/26/2015","S65E","PHOSPHATE, ORTHO AS P","mg/L",0.064
"09/09/2015","S65E","PHOSPHATE, ORTHO AS P","mg/L",0.028
"09/23/2015","S65E","PHOSPHATE, ORTHO AS P","mg/L",0.047
"10/07/2015","S65E","PHOSPHATE, ORTHO AS P","mg/L",0.046
"10/21/2015","S65E","PHOSPHATE, ORTHO AS P","mg/L",0.027
"10/26/2015","S65E","PHOSPHATE, ORTHO AS P","mg/L",0.015
"11/04/2015","S65E","PHOSPHATE, ORTHO AS P","mg/L",0.023
"11/18/2015","S65E","PHOSPHATE, ORTHO AS P","mg/L",0.04
"12/02/2015","S65E","PHOSPHATE, ORTHO AS P","mg/L",0.116
"12/21/2015","S65E","PHOSPHATE, ORTHO AS P","mg/L",0.112
"01/04/2016","S65E","PHOSPHATE, ORTHO AS P","mg/L",0.08
"01/20/2016","S65E","PHOSPHATE, ORTHO AS P","mg/L",0.121
"02/01/2016","S65E","PHOSPHATE, ORTHO AS P","mg/L",0.161
"02/15/2016","S65E","PHOSPHATE, ORTHO AS P","mg/L",0.026
"02/29/2016","S65E","PHOSPHATE, ORTHO AS P","mg/L",0.032
"03/14/2016","S65E","PHOSPHATE, ORTHO AS P","mg/L",0.034
"03/28/2016","S65E","PHOSPHATE, ORTHO AS P","mg/L",0.061
"04/11/2016","S65E","PHOSPHATE, ORTHO AS P","mg/L",0.026
"04/25/2016","S65E","PHOSPHATE, ORTHO AS P","mg/L",0.019
"05/09/2016","S65E","PHOSPHATE, ORTHO AS P","mg/L",0.018
"05/23/2016","S65E","PHOSPHATE, ORTHO AS P","mg/L",0.074
"06/06/2016","S65E","PHOSPHATE, ORTHO AS P","mg/L",0.057
"06/20/2016","S65E","PHOSPHATE, ORTHO AS P","mg/L",0.076
"07/06/2016","S65E","PHOSPHATE, ORTHO AS P","mg/L",0.042
"07/18/2016","S65E","PHOSPHATE, ORTHO AS P","mg/L",0.052
"08/01/2016","S65E","PHOSPHATE, ORTHO AS P","mg/L",0.017
"08/15/2016","S65E","PHOSPHATE, ORTHO AS P","mg/L",0.024
"08/29/2016","S65E","PHOSPHATE, ORTHO AS P","mg/L",0.04
"09/12/2016","S65E","PHOSPHATE, ORTHO AS P","mg/L",0.091
"09/26/2016","S65E","PHOSPHATE, ORTHO AS P","mg/L",0.057
"10/10/2016","S65E","PHOSPHATE, ORTHO AS P","mg/L",0.079
"10/24/2016","S65E","PHOSPHATE, ORTHO AS P","mg/L",0.045
"11/07/2016","S65E","PHOSPHATE, ORTHO AS P","mg/L",0.032
"11/21/2016","S65E","PHOSPHATE, ORTHO AS P","mg/L",0.018
"12/19/2016","S65E","PHOSPHATE, ORTHO AS P","mg/L",0.012
"01/09/2017","S65E","PHOSPHATE, ORTHO AS P","mg/L",0.021
"01/23/2017","S65E","PHOSPHATE, ORTHO AS P","mg/L",0.011
"02/06/2017","S65E","PHOSPHATE, ORTHO AS P","mg/L",0.021
"02/20/2017","S65E","PHOSPHATE, ORTHO AS P","mg/L",0.043
"03/06/2017","S65E","PHOSPHATE, ORTHO AS P","mg/L",0.048
"03/13/2017","S65E","PHOSPHATE, ORTHO AS P","mg/L",0.026
"03/20/2017","S65E","PHOSPHATE, ORTHO AS P","mg/L",0.0126666666666667
"04/17/2017","S65E","PHOSPHATE, ORTHO AS P","mg/L",0.078
"04/24/2017","S65E","PHOSPHATE, ORTHO AS P","mg/L",0.052
"05/01/2017","S65E","PHOSPHATE, ORTHO AS P","mg/L",0.047
"05/08/2017","S65E","PHOSPHATE, ORTHO AS P","mg/L",0.037
"06/05/2017","S65E","PHOSPHATE, ORTHO AS P","mg/L",0.015
"06/12/2017","S65E","PHOSPHATE, ORTHO AS P","mg/L",0.021
"06/19/2017","S65E","PHOSPHATE, ORTHO AS P","mg/L",0.108
"07/05/2017","S65E","PHOSPHATE, ORTHO AS P","mg/L",0.293
"07/17/2017","S65E","PHOSPHATE, ORTHO AS P","mg/L",0.122
"08/01/2017","S65E","PHOSPHATE, ORTHO AS P","mg/L",0.114
"08/14/2017","S65E","PHOSPHATE, ORTHO AS P","mg/L",0.157
"08/28/2017","S65E","PHOSPHATE, ORTHO AS P","mg/L",0.092
"09/13/2017","S65E","PHOSPHATE, ORTHO AS P","mg/L",0.177
"09/25/2017","S65E","PHOSPHATE, ORTHO AS P","mg/L",0.057
"10/09/2017","S65E","PHOSPHATE, ORTHO AS P","mg/L",0.107
"10/23/2017","S65E","PHOSPHATE, ORTHO AS P","mg/L",0.087
"11/06/2017","S65E","PHOSPHATE, ORTHO AS P","mg/L",0.08
"11/20/2017","S65E","PHOSPHATE, ORTHO AS P","mg/L",0.06
"12/04/2017","S65E","PHOSPHATE, ORTHO AS P","mg/L",0.041
"12/18/2017","S65E","PHOSPHATE, ORTHO AS P","mg/L",0.064
"01/16/2018","S65E","PHOSPHATE, ORTHO AS P","mg/L",0.038
"02/12/2018","S65E","PHOSPHATE, ORTHO AS P","mg/L",0.027
"03/12/2018","S65E","PHOSPHATE, ORTHO AS P","mg/L",0.036
"03/26/2018","S65E","PHOSPHATE, ORTHO AS P","mg/L",0.015
"04/09/2018","S65E","PHOSPHATE, ORTHO AS P","mg/L",0.006
"04/23/2018","S65E","PHOSPHATE, ORTHO AS P","mg/L",0.023
"05/07/2018","S65E","PHOSPHATE, ORTHO AS P","mg/L",0.006
"05/21/2018","S65E","PHOSPHATE, ORTHO AS P","mg/L",0.025
"06/04/2018","S65E","PHOSPHATE, ORTHO AS P","mg/L",0.143
"06/18/2018","S65E","PHOSPHATE, ORTHO AS P","mg/L",0.13
"07/02/2018","S65E","PHOSPHATE, ORTHO AS P","mg/L",0.087
"07/16/2018","S65E","PHOSPHATE, ORTHO AS P","mg/L",0.068
"07/30/2018","S65E","PHOSPHATE, ORTHO AS P","mg/L",0.036
"08/06/2018","S65E","PHOSPHATE, ORTHO AS P","mg/L",0.035
"08/20/2018","S65E","PHOSPHATE, ORTHO AS P","mg/L",0.038
"09/04/2018","S65E","PHOSPHATE, ORTHO AS P","mg/L",0.051
"09/17/2018","S65E","PHOSPHATE, ORTHO AS P","mg/L",0.058
"10/01/2018","S65E","PHOSPHATE, ORTHO AS P","mg/L",0.049
"10/04/2018","S65E","PHOSPHATE, ORTHO AS P","mg/L",0.073
"10/15/2018","S65E","PHOSPHATE, ORTHO AS P","mg/L",0.025
"10/29/2018","S65E","PHOSPHATE, ORTHO AS P","mg/L",0.024
"11/13/2018","S65E","PHOSPHATE, ORTHO AS P","mg/L",0.034
"11/26/2018","S65E","PHOSPHATE, ORTHO AS P","mg/L",0.0366666666666667
"12/11/2018","S65E","PHOSPHATE, ORTHO AS P","mg/L",0.038
"12/26/2018","S65E","PHOSPHATE, ORTHO AS P","mg/L",0.041
"01/07/2019","S65E","PHOSPHATE, ORTHO AS P","mg/L",0.031
"01/22/2019","S65E","PHOSPHATE, ORTHO AS P","mg/L",0.039
"02/04/2019","S65E","PHOSPHATE, ORTHO AS P","mg/L",0.003
"02/18/2019","S65E","PHOSPHATE, ORTHO AS P","mg/L",0.042
"03/04/2019","S65E","PHOSPHATE, ORTHO AS P","mg/L",0.057
"03/06/2019","S65E","PHOSPHATE, ORTHO AS P","mg/L",-0.002
"03/18/2019","S65E","PHOSPHATE, ORTHO AS P","mg/L",0.02
"04/08/2019","S65E","PHOSPHATE, ORTHO AS P","mg/L",0.014
"04/22/2019","S65E","PHOSPHATE, ORTHO AS P","mg/L",0.009
"05/06/2019","S65E","PHOSPHATE, ORTHO AS P","mg/L",-0.002
"05/20/2019","S65E","PHOSPHATE, ORTHO AS P","mg/L",0.002
"06/03/2019","S65E","PHOSPHATE, ORTHO AS P","mg/L",0.002
"06/17/2019","S65E","PHOSPHATE, ORTHO AS P","mg/L",0.008
"06/20/2019","S65E","PHOSPHATE, ORTHO AS P","mg/L",0.002
"07/01/2019","S65E","PHOSPHATE, ORTHO AS P","mg/L",0.192
"07/15/2019","S65E","PHOSPHATE, ORTHO AS P","mg/L",0.066
"07/29/2019","S65E","PHOSPHATE, ORTHO AS P","mg/L",0.008
"08/12/2019","S65E","PHOSPHATE, ORTHO AS P","mg/L",0.109
"08/26/2019","S65E","PHOSPHATE, ORTHO AS P","mg/L",0.072
"09/09/2019","S65E","PHOSPHATE, ORTHO AS P","mg/L",0.056
"09/23/2019","S65E","PHOSPHATE, ORTHO AS P","mg/L",0.02
"10/08/2019","S65E","PHOSPHATE, ORTHO AS P","mg/L",0.041
"10/21/2019","S65E","PHOSPHATE, ORTHO AS P","mg/L",0.039
"11/04/2019","S65E","PHOSPHATE, ORTHO AS P","mg/L",0.039
"11/18/2019","S65E","PHOSPHATE, ORTHO AS P","mg/L",0.038
"12/02/2019","S65E","PHOSPHATE, ORTHO AS P","mg/L",0.016
"12/16/2019","S65E","PHOSPHATE, ORTHO AS P","mg/L",0.018
"01/07/2020","S65E","PHOSPHATE, ORTHO AS P","mg/L",0.034
"01/13/2020","S65E","PHOSPHATE, ORTHO AS P","mg/L",0.03
"01/27/2020","S65E","PHOSPHATE, ORTHO AS P","mg/L",0.016
"02/10/2020","S65E","PHOSPHATE, ORTHO AS P","mg/L",0.009
"02/24/2020","S65E","PHOSPHATE, ORTHO AS P","mg/L",0.017
"03/09/2020","S65E","PHOSPHATE, ORTHO AS P","mg/L",0.004
"03/23/2020","S65E","PHOSPHATE, ORTHO AS P","mg/L",0.003
"04/06/2020","S65E","PHOSPHATE, ORTHO AS P","mg/L",0.009
"04/20/2020","S65E","PHOSPHATE, ORTHO AS P","mg/L",0.007
"05/04/2020","S65E","PHOSPHATE, ORTHO AS P","mg/L",0.002
"05/18/2020","S65E","PHOSPHATE, ORTHO AS P","mg/L",-0.002
"06/01/2020","S65E","PHOSPHATE, ORTHO AS P","mg/L",0.035
"06/15/2020","S65E","PHOSPHATE, ORTHO AS P","mg/L",0.245
"06/29/2020","S65E","PHOSPHATE, ORTHO AS P","mg/L",0.081
"07/13/2020","S65E","PHOSPHATE, ORTHO AS P","mg/L",0.048
"07/27/2020","S65E","PHOSPHATE, ORTHO AS P","mg/L",0.055
"08/10/2020","S65E","PHOSPHATE, ORTHO AS P","mg/L",0.066
"08/24/2020","S65E","PHOSPHATE, ORTHO AS P","mg/L",0.04
"09/08/2020","S65E","PHOSPHATE, ORTHO AS P","mg/L",0.032
"09/21/2020","S65E","PHOSPHATE, ORTHO AS P","mg/L",0.05
"10/05/2020","S65E","PHOSPHATE, ORTHO AS P","mg/L",0.086
"10/19/2020","S65E","PHOSPHATE, ORTHO AS P","mg/L",0.073
"11/02/2020","S65E","PHOSPHATE, ORTHO AS P","mg/L",0.063
"11/16/2020","S65E","PHOSPHATE, ORTHO AS P","mg/L",0.122
"11/30/2020","S65E","PHOSPHATE, ORTHO AS P","mg/L",0.032
"12/14/2020","S65E","PHOSPHATE, ORTHO AS P","mg/L",0.013
"12/28/2020","S65E","PHOSPHATE, ORTHO AS P","mg/L",0.012
"01/11/2021","S65E","PHOSPHATE, ORTHO AS P","mg/L",0.009
"01/25/2021","S65E","PHOSPHATE, ORTHO AS P","mg/L",0.006
"02/08/2021","S65E","PHOSPHATE, ORTHO AS P","mg/L",0.004
"02/22/2021","S65E","PHOSPHATE, ORTHO AS P","mg/L",0.035
"03/08/2021","S65E","PHOSPHATE, ORTHO AS P","mg/L",0.019
"03/22/2021","S65E","PHOSPHATE, ORTHO AS P","mg/L",0.015
"04/05/2021","S65E","PHOSPHATE, ORTHO AS P","mg/L",0.012
"04/19/2021","S65E","PHOSPHATE, ORTHO AS P","mg/L",0.003
"05/03/2021","S65E","PHOSPHATE, ORTHO AS P","mg/L",0.006
"05/17/2021","S65E","PHOSPHATE, ORTHO AS P","mg/L",0.011
"06/01/2021","S65E","PHOSPHATE, ORTHO AS P","mg/L",-0.002
"06/14/2021","S65E","PHOSPHATE, ORTHO AS P","mg/L",-0.002
"06/28/2021","S65E","PHOSPHATE, ORTHO AS P","mg/L",0.003
"07/12/2021","S65E","PHOSPHATE, ORTHO AS P","mg/L",0.056
"07/26/2021","S65E","PHOSPHATE, ORTHO AS P","mg/L",0.052
"08/09/2021","S65E","PHOSPHATE, ORTHO AS P","mg/L",0.071
"08/23/2021","S65E","PHOSPHATE, ORTHO AS P","mg/L",0.064
"09/07/2021","S65E","PHOSPHATE, ORTHO AS P","mg/L",0.015
"09/20/2021","S65E","PHOSPHATE, ORTHO AS P","mg/L",0.032
"10/04/2021","S65E","PHOSPHATE, ORTHO AS P","mg/L",0.057
"10/18/2021","S65E","PHOSPHATE, ORTHO AS P","mg/L",0.032
"11/01/2021","S65E","PHOSPHATE, ORTHO AS P","mg/L",0.014
"11/15/2021","S65E","PHOSPHATE, ORTHO AS P","mg/L",0.015
"11/29/2021","S65E","PHOSPHATE, ORTHO AS P","mg/L",0.022
"12/13/2021","S65E","PHOSPHATE, ORTHO AS P","mg/L",0.006
"12/27/2021","S65E","PHOSPHATE, ORTHO AS P","mg/L",0.029
"01/10/2022","S65E","PHOSPHATE, ORTHO AS P","mg/L",0.021
"01/24/2022","S65E","PHOSPHATE, ORTHO AS P","mg/L",0.012
"02/07/2022","S65E","PHOSPHATE, ORTHO AS P","mg/L",-0.002
"02/21/2022","S65E","PHOSPHATE, ORTHO AS P","mg/L",0.002
"03/07/2022","S65E","PHOSPHATE, ORTHO AS P","mg/L",0.019
"03/21/2022","S65E","PHOSPHATE, ORTHO AS P","mg/L",-0.002
"04/04/2022","S65E","PHOSPHATE, ORTHO AS P","mg/L",-0.002
"04/18/2022","S65E","PHOSPHATE, ORTHO AS P","mg/L",0.002
"05/02/2022","S65E","PHOSPHATE, ORTHO AS P","mg/L",0.06
"05/16/2022","S65E","PHOSPHATE, ORTHO AS P","mg/L",0.005
"05/31/2022","S65E","PHOSPHATE, ORTHO AS P","mg/L",-0.002
"06/13/2022","S65E","PHOSPHATE, ORTHO AS P","mg/L",-0.002
"06/27/2022","S65E","PHOSPHATE, ORTHO AS P","mg/L",0.002
"07/11/2022","S65E","PHOSPHATE, ORTHO AS P","mg/L",0.026
"07/25/2022","S65E","PHOSPHATE, ORTHO AS P","mg/L",0.031
"08/08/2022","S65E","PHOSPHATE, ORTHO AS P","mg/L",0.076
"08/22/2022","S65E","PHOSPHATE, ORTHO AS P","mg/L",0.113
"09/06/2022","S65E","PHOSPHATE, ORTHO AS P","mg/L",0.094
"09/19/2022","S65E","PHOSPHATE, ORTHO AS P","mg/L",0.09
"10/03/2022","S65E","PHOSPHATE, ORTHO AS P","mg/L",0.063
"10/17/2022","S65E","PHOSPHATE, ORTHO AS P","mg/L",0.049
"10/31/2022","S65E","PHOSPHATE, ORTHO AS P","mg/L",0.083
"11/14/2022","S65E","PHOSPHATE, ORTHO AS P","mg/L",0.106
"11/28/2022","S65E","PHOSPHATE, ORTHO AS P","mg/L",0.082
"12/12/2022","S65E","PHOSPHATE, ORTHO AS P","mg/L",0.054
"12/27/2022","S65E","PHOSPHATE, ORTHO AS P","mg/L",0.028
"01/09/2023","S65E","PHOSPHATE, ORTHO AS P","mg/L",0.025
"01/23/2023","S65E","PHOSPHATE, ORTHO AS P","mg/L",0.016
"02/06/2023","S65E","PHOSPHATE, ORTHO AS P","mg/L",0.03
"02/20/2023","S65E","PHOSPHATE, ORTHO AS P","mg/L",0.021
"03/06/2023","S65E","PHOSPHATE, ORTHO AS P","mg/L",0.019
"03/20/2023","S65E","PHOSPHATE, ORTHO AS P","mg/L",0.033
"04/03/2023","S65E","PHOSPHATE, ORTHO AS P","mg/L",0.003
"04/17/2023","S65E","PHOSPHATE, ORTHO AS P","mg/L",0.024
"05/01/2023","S65E","PHOSPHATE, ORTHO AS P","mg/L",0.014
"04/16/1973","S65E","PHOSPHATE, TOTAL AS P","mg/L",0.052
"04/23/1973","S65E","PHOSPHATE, TOTAL AS P","mg/L",0.037
"04/30/1973","S65E","PHOSPHATE, TOTAL AS P","mg/L",0.045
"05/07/1973","S65E","PHOSPHATE, TOTAL AS P","mg/L",0.047
"05/14/1973","S65E","PHOSPHATE, TOTAL AS P","mg/L",0.04
"05/21/1973","S65E","PHOSPHATE, TOTAL AS P","mg/L",0.04
"05/29/1973","S65E","PHOSPHATE, TOTAL AS P","mg/L",0.08
"06/04/1973","S65E","PHOSPHATE, TOTAL AS P","mg/L",0.06
"06/11/1973","S65E","PHOSPHATE, TOTAL AS P","mg/L",0.08
"06/13/1973","S65E","PHOSPHATE, TOTAL AS P","mg/L",0.05
"06/18/1973","S65E","PHOSPHATE, TOTAL AS P","mg/L",0.03
"06/25/1973","S65E","PHOSPHATE, TOTAL AS P","mg/L",0.05
"07/02/1973","S65E","PHOSPHATE, TOTAL AS P","mg/L",0.063
"07/09/1973","S65E","PHOSPHATE, TOTAL AS P","mg/L",0.096
"07/16/1973","S65E","PHOSPHATE, TOTAL AS P","mg/L",0.133333333333333
"07/23/1973","S65E","PHOSPHATE, TOTAL AS P","mg/L",0.18
"07/30/1973","S65E","PHOSPHATE, TOTAL AS P","mg/L",0.49
"08/06/1973","S65E","PHOSPHATE, TOTAL AS P","mg/L",0.224
"08/13/1973","S65E","PHOSPHATE, TOTAL AS P","mg/L",0.035
"08/20/1973","S65E","PHOSPHATE, TOTAL AS P","mg/L",0.039
"08/27/1973","S65E","PHOSPHATE, TOTAL AS P","mg/L",0.046
"08/29/1973","S65E","PHOSPHATE, TOTAL AS P","mg/L",0.095
"09/04/1973","S65E","PHOSPHATE, TOTAL AS P","mg/L",0.081
"09/10/1973","S65E","PHOSPHATE, TOTAL AS P","mg/L",0.09
"09/17/1973","S65E","PHOSPHATE, TOTAL AS P","mg/L",0.102
"09/24/1973","S65E","PHOSPHATE, TOTAL AS P","mg/L",0.074
"10/01/1973","S65E","PHOSPHATE, TOTAL AS P","mg/L",0.077
"10/02/1973","S65E","PHOSPHATE, TOTAL AS P","mg/L",0.0655
"10/08/1973","S65E","PHOSPHATE, TOTAL AS P","mg/L",0.057
"10/15/1973","S65E","PHOSPHATE, TOTAL AS P","mg/L",0.095
"10/23/1973","S65E","PHOSPHATE, TOTAL AS P","mg/L",0.097
"10/29/1973","S65E","PHOSPHATE, TOTAL AS P","mg/L",0.091
"11/07/1973","S65E","PHOSPHATE, TOTAL AS P","mg/L",0.0855
"11/12/1973","S65E","PHOSPHATE, TOTAL AS P","mg/L",0.07
"11/13/1973","S65E","PHOSPHATE, TOTAL AS P","mg/L",0.11
"11/26/1973","S65E","PHOSPHATE, TOTAL AS P","mg/L",0.082
"12/03/1973","S65E","PHOSPHATE, TOTAL AS P","mg/L",0.039
"12/05/1973","S65E","PHOSPHATE, TOTAL AS P","mg/L",0.073
"12/10/1973","S65E","PHOSPHATE, TOTAL AS P","mg/L",0.05
"12/11/1973","S65E","PHOSPHATE, TOTAL AS P","mg/L",0.09
"12/17/1973","S65E","PHOSPHATE, TOTAL AS P","mg/L",0.061
"01/02/1974","S65E","PHOSPHATE, TOTAL AS P","mg/L",0.034
"01/08/1974","S65E","PHOSPHATE, TOTAL AS P","mg/L",0.065
"01/14/1974","S65E","PHOSPHATE, TOTAL AS P","mg/L",0.037
"01/28/1974","S65E","PHOSPHATE, TOTAL AS P","mg/L",0.032
"02/11/1974","S65E","PHOSPHATE, TOTAL AS P","mg/L",0.033
"02/12/1974","S65E","PHOSPHATE, TOTAL AS P","mg/L",0.0625
"02/25/1974","S65E","PHOSPHATE, TOTAL AS P","mg/L",0.03
"03/05/1974","S65E","PHOSPHATE, TOTAL AS P","mg/L",0.029
"03/11/1974","S65E","PHOSPHATE, TOTAL AS P","mg/L",0.03
"03/25/1974","S65E","PHOSPHATE, TOTAL AS P","mg/L",0.031
"04/02/1974","S65E","PHOSPHATE, TOTAL AS P","mg/L",0.0405
"04/08/1974","S65E","PHOSPHATE, TOTAL AS P","mg/L",0.092
"04/22/1974","S65E","PHOSPHATE, TOTAL AS P","mg/L",0.069
"05/07/1974","S65E","PHOSPHATE, TOTAL AS P","mg/L",0.043
"05/13/1974","S65E","PHOSPHATE, TOTAL AS P","mg/L",0.053
"05/28/1974","S65E","PHOSPHATE, TOTAL AS P","mg/L",0.026
"06/10/1974","S65E","PHOSPHATE, TOTAL AS P","mg/L",0.044
"06/11/1974","S65E","PHOSPHATE, TOTAL AS P","mg/L",0.075
"06/24/1974","S65E","PHOSPHATE, TOTAL AS P","mg/L",0.121
"07/08/1974","S65E","PHOSPHATE, TOTAL AS P","mg/L",0.17
"07/09/1974","S65E","PHOSPHATE, TOTAL AS P","mg/L",0.183
"07/22/1974","S65E","PHOSPHATE, TOTAL AS P","mg/L",0.059
"08/05/1974","S65E","PHOSPHATE, TOTAL AS P","mg/L",0.079
"08/13/1974","S65E","PHOSPHATE, TOTAL AS P","mg/L",0.0665
"08/19/1974","S65E","PHOSPHATE, TOTAL AS P","mg/L",0.073
"09/03/1974","S65E","PHOSPHATE, TOTAL AS P","mg/L",0.069
"09/10/1974","S65E","PHOSPHATE, TOTAL AS P","mg/L",0.0515
"09/16/1974","S65E","PHOSPHATE, TOTAL AS P","mg/L",0.058
"09/30/1974","S65E","PHOSPHATE, TOTAL AS P","mg/L",0.059
"10/08/1974","S65E","PHOSPHATE, TOTAL AS P","mg/L",0.0545
"10/14/1974","S65E","PHOSPHATE, TOTAL AS P","mg/L",0.098
"10/28/1974","S65E","PHOSPHATE, TOTAL AS P","mg/L",0.078
"11/05/1974","S65E","PHOSPHATE, TOTAL AS P","mg/L",0.071
"11/12/1974","S65E","PHOSPHATE, TOTAL AS P","mg/L",0.066
"12/10/1974","S65E","PHOSPHATE, TOTAL AS P","mg/L",0.072
"01/07/1975","S65E","PHOSPHATE, TOTAL AS P","mg/L",0.0615
"02/04/1975","S65E","PHOSPHATE, TOTAL AS P","mg/L",0.061
"03/05/1975","S65E","PHOSPHATE, TOTAL AS P","mg/L",0.056
"04/08/1975","S65E","PHOSPHATE, TOTAL AS P","mg/L",0.0475
"05/06/1975","S65E","PHOSPHATE, TOTAL AS P","mg/L",0.036
"06/03/1975","S65E","PHOSPHATE, TOTAL AS P","mg/L",0.0325
"07/15/1975","S65E","PHOSPHATE, TOTAL AS P","mg/L",0.329
"08/12/1975","S65E","PHOSPHATE, TOTAL AS P","mg/L",0.135
"09/12/1975","S65E","PHOSPHATE, TOTAL AS P","mg/L",0.048
"10/27/1975","S65E","PHOSPHATE, TOTAL AS P","mg/L",0.091
"10/28/1975","S65E","PHOSPHATE, TOTAL AS P","mg/L",0.092
"11/18/1975","S65E","PHOSPHATE, TOTAL AS P","mg/L",0.043
"02/12/1976","S65E","PHOSPHATE, TOTAL AS P","mg/L",0.0315
"05/11/1976","S65E","PHOSPHATE, TOTAL AS P","mg/L",0.035
"06/22/1976","S65E","PHOSPHATE, TOTAL AS P","mg/L",0.212
"06/25/1976","S65E","PHOSPHATE, TOTAL AS P","mg/L",0.18
"07/20/1976","S65E","PHOSPHATE, TOTAL AS P","mg/L",0.107
"08/24/1976","S65E","PHOSPHATE, TOTAL AS P","mg/L",0.045
"09/21/1976","S65E","PHOSPHATE, TOTAL AS P","mg/L",0.05
"10/19/1976","S65E","PHOSPHATE, TOTAL AS P","mg/L",0.068
"12/06/1976","S65E","PHOSPHATE, TOTAL AS P","mg/L",0.1545
"01/25/1977","S65E","PHOSPHATE, TOTAL AS P","mg/L",0.0335
"03/21/1977","S65E","PHOSPHATE, TOTAL AS P","mg/L",0.037
"05/23/1977","S65E","PHOSPHATE, TOTAL AS P","mg/L",0.0615
"07/25/1977","S65E","PHOSPHATE, TOTAL AS P","mg/L",0.0895
"09/20/1977","S65E","PHOSPHATE, TOTAL AS P","mg/L",0.156
"12/01/1977","S65E","PHOSPHATE, TOTAL AS P","mg/L",0.165
"01/24/1978","S65E","PHOSPHATE, TOTAL AS P","mg/L",0.0645
"03/21/1978","S65E","PHOSPHATE, TOTAL AS P","mg/L",0.071
"05/30/1978","S65E","PHOSPHATE, TOTAL AS P","mg/L",0.0605
"06/21/1978","S65E","PHOSPHATE, TOTAL AS P","mg/L",0.153
"07/25/1978","S65E","PHOSPHATE, TOTAL AS P","mg/L",0.231
"08/22/1978","S65E","PHOSPHATE, TOTAL AS P","mg/L",0.0675
"09/18/1978","S65E","PHOSPHATE, TOTAL AS P","mg/L",0.043
"10/09/1978","S65E","PHOSPHATE, TOTAL AS P","mg/L",0.12
"10/17/1978","S65E","PHOSPHATE, TOTAL AS P","mg/L",0.0995
"10/23/1978","S65E","PHOSPHATE, TOTAL AS P","mg/L",0.093
"11/14/1978","S65E","PHOSPHATE, TOTAL AS P","mg/L",0.0805
"11/20/1978","S65E","PHOSPHATE, TOTAL AS P","mg/L",0.09
"12/04/1978","S65E","PHOSPHATE, TOTAL AS P","mg/L",0.1
"12/12/1978","S65E","PHOSPHATE, TOTAL AS P","mg/L",0.0935
"12/19/1978","S65E","PHOSPHATE, TOTAL AS P","mg/L",0.098
"01/08/1979","S65E","PHOSPHATE, TOTAL AS P","mg/L",0.105
"01/22/1979","S65E","PHOSPHATE, TOTAL AS P","mg/L",0.101
"01/23/1979","S65E","PHOSPHATE, TOTAL AS P","mg/L",0.088
"02/05/1979","S65E","PHOSPHATE, TOTAL AS P","mg/L",0.053
"02/20/1979","S65E","PHOSPHATE, TOTAL AS P","mg/L",0.057
"03/05/1979","S65E","PHOSPHATE, TOTAL AS P","mg/L",0.055
"03/19/1979","S65E","PHOSPHATE, TOTAL AS P","mg/L",0.0486666666666667
"04/02/1979","S65E","PHOSPHATE, TOTAL AS P","mg/L",0.061
"04/16/1979","S65E","PHOSPHATE, TOTAL AS P","mg/L",0.063
"04/24/1979","S65E","PHOSPHATE, TOTAL AS P","mg/L",0.091
"04/30/1979","S65E","PHOSPHATE, TOTAL AS P","mg/L",0.085
"05/14/1979","S65E","PHOSPHATE, TOTAL AS P","mg/L",0.085
"05/22/1979","S65E","PHOSPHATE, TOTAL AS P","mg/L",0.1005
"05/29/1979","S65E","PHOSPHATE, TOTAL AS P","mg/L",0.119
"06/11/1979","S65E","PHOSPHATE, TOTAL AS P","mg/L",0.22
"06/18/1979","S65E","PHOSPHATE, TOTAL AS P","mg/L",0.2515
"06/25/1979","S65E","PHOSPHATE, TOTAL AS P","mg/L",0.212
"07/09/1979","S65E","PHOSPHATE, TOTAL AS P","mg/L",0.178
"07/17/1979","S65E","PHOSPHATE, TOTAL AS P","mg/L",0.1345
"07/23/1979","S65E","PHOSPHATE, TOTAL AS P","mg/L",0.103
"08/06/1979","S65E","PHOSPHATE, TOTAL AS P","mg/L",0.077
"08/20/1979","S65E","PHOSPHATE, TOTAL AS P","mg/L",0.087
"08/21/1979","S65E","PHOSPHATE, TOTAL AS P","mg/L",0.1055
"09/05/1979","S65E","PHOSPHATE, TOTAL AS P","mg/L",0.196
"09/18/1979","S65E","PHOSPHATE, TOTAL AS P","mg/L",0.221666666666667
"10/01/1979","S65E","PHOSPHATE, TOTAL AS P","mg/L",0.144
"10/02/1979","S65E","PHOSPHATE, TOTAL AS P","mg/L",0.166
"10/15/1979","S65E","PHOSPHATE, TOTAL AS P","mg/L",0.059
"10/29/1979","S65E","PHOSPHATE, TOTAL AS P","mg/L",0.059
"11/13/1979","S65E","PHOSPHATE, TOTAL AS P","mg/L",0.081
"12/11/1979","S65E","PHOSPHATE, TOTAL AS P","mg/L",0.074
"01/08/1980","S65E","PHOSPHATE, TOTAL AS P","mg/L",0.041
"01/22/1980","S65E","PHOSPHATE, TOTAL AS P","mg/L",0.025
"02/19/1980","S65E","PHOSPHATE, TOTAL AS P","mg/L",0.042
"03/04/1980","S65E","PHOSPHATE, TOTAL AS P","mg/L",0.058
"03/18/1980","S65E","PHOSPHATE, TOTAL AS P","mg/L",0.039
"04/02/1980","S65E","PHOSPHATE, TOTAL AS P","mg/L",0.057
"04/16/1980","S65E","PHOSPHATE, TOTAL AS P","mg/L",0.145
"04/30/1980","S65E","PHOSPHATE, TOTAL AS P","mg/L",0.067
"05/12/1980","S65E","PHOSPHATE, TOTAL AS P","mg/L",0.0506666666666667
"05/13/1980","S65E","PHOSPHATE, TOTAL AS P","mg/L",0.039
"05/28/1980","S65E","PHOSPHATE, TOTAL AS P","mg/L",0.033
"06/09/1980","S65E","PHOSPHATE, TOTAL AS P","mg/L",0.042
"06/25/1980","S65E","PHOSPHATE, TOTAL AS P","mg/L",0.024
"07/07/1980","S65E","PHOSPHATE, TOTAL AS P","mg/L",0.049
"07/08/1980","S65E","PHOSPHATE, TOTAL AS P","mg/L",0.038
"07/24/1980","S65E","PHOSPHATE, TOTAL AS P","mg/L",0.128
"08/20/1980","S65E","PHOSPHATE, TOTAL AS P","mg/L",0.09
"09/03/1980","S65E","PHOSPHATE, TOTAL AS P","mg/L",0.153
"09/17/1980","S65E","PHOSPHATE, TOTAL AS P","mg/L",0.319
"09/30/1980","S65E","PHOSPHATE, TOTAL AS P","mg/L",0.289
"10/01/1980","S65E","PHOSPHATE, TOTAL AS P","mg/L",0.289
"10/14/1980","S65E","PHOSPHATE, TOTAL AS P","mg/L",0.243
"10/28/1980","S65E","PHOSPHATE, TOTAL AS P","mg/L",0.219666666666667
"10/29/1980","S65E","PHOSPHATE, TOTAL AS P","mg/L",0.198
"11/12/1980","S65E","PHOSPHATE, TOTAL AS P","mg/L",0.192
"11/25/1980","S65E","PHOSPHATE, TOTAL AS P","mg/L",0.289
"12/02/1980","S65E","PHOSPHATE, TOTAL AS P","mg/L",0.250666666666667
"12/23/1980","S65E","PHOSPHATE, TOTAL AS P","mg/L",0.182
"12/31/1980","S65E","PHOSPHATE, TOTAL AS P","mg/L",0.165
"01/14/1981","S65E","PHOSPHATE, TOTAL AS P","mg/L",0.131
"01/20/1981","S65E","PHOSPHATE, TOTAL AS P","mg/L",0.136
"01/27/1981","S65E","PHOSPHATE, TOTAL AS P","mg/L",0.121
"02/11/1981","S65E","PHOSPHATE, TOTAL AS P","mg/L",0.094
"02/17/1981","S65E","PHOSPHATE, TOTAL AS P","mg/L",0.111
"02/24/1981","S65E","PHOSPHATE, TOTAL AS P","mg/L",0.123
"03/11/1981","S65E","PHOSPHATE, TOTAL AS P","mg/L",0.107
"03/16/1981","S65E","PHOSPHATE, TOTAL AS P","mg/L",0.121
"03/24/1981","S65E","PHOSPHATE, TOTAL AS P","mg/L",0.106
"04/08/1981","S65E","PHOSPHATE, TOTAL AS P","mg/L",0.106
"04/13/1981","S65E","PHOSPHATE, TOTAL AS P","mg/L",0.11
"04/21/1981","S65E","PHOSPHATE, TOTAL AS P","mg/L",0.11
"05/06/1981","S65E","PHOSPHATE, TOTAL AS P","mg/L",0.119
"05/11/1981","S65E","PHOSPHATE, TOTAL AS P","mg/L",0.075
"05/19/1981","S65E","PHOSPHATE, TOTAL AS P","mg/L",0.088
"06/02/1981","S65E","PHOSPHATE, TOTAL AS P","mg/L",0.092
"06/08/1981","S65E","PHOSPHATE, TOTAL AS P","mg/L",0.137
"06/17/1981","S65E","PHOSPHATE, TOTAL AS P","mg/L",0.084
"06/30/1981","S65E","PHOSPHATE, TOTAL AS P","mg/L",0.092
"07/06/1981","S65E","PHOSPHATE, TOTAL AS P","mg/L",0.09
"07/16/1981","S65E","PHOSPHATE, TOTAL AS P","mg/L",0.064
"07/28/1981","S65E","PHOSPHATE, TOTAL AS P","mg/L",0.088
"08/03/1981","S65E","PHOSPHATE, TOTAL AS P","mg/L",0.077
"08/12/1981","S65E","PHOSPHATE, TOTAL AS P","mg/L",0.069
"08/25/1981","S65E","PHOSPHATE, TOTAL AS P","mg/L",0.117333333333333
"08/31/1981","S65E","PHOSPHATE, TOTAL AS P","mg/L",0.176
"09/10/1981","S65E","PHOSPHATE, TOTAL AS P","mg/L",0.266
"09/23/1981","S65E","PHOSPHATE, TOTAL AS P","mg/L",0.205
"09/28/1981","S65E","PHOSPHATE, TOTAL AS P","mg/L",0.213333333333333
"10/06/1981","S65E","PHOSPHATE, TOTAL AS P","mg/L",0.239
"10/20/1981","S65E","PHOSPHATE, TOTAL AS P","mg/L",0.195666666666667
"11/04/1981","S65E","PHOSPHATE, TOTAL AS P","mg/L",0.209
"11/23/1981","S65E","PHOSPHATE, TOTAL AS P","mg/L",0.289
"12/02/1981","S65E","PHOSPHATE, TOTAL AS P","mg/L",0.158
"12/21/1981","S65E","PHOSPHATE, TOTAL AS P","mg/L",0.131
"12/29/1981","S65E","PHOSPHATE, TOTAL AS P","mg/L",0.157
"01/18/1982","S65E","PHOSPHATE, TOTAL AS P","mg/L",0.134
"02/16/1982","S65E","PHOSPHATE, TOTAL AS P","mg/L",0.122
"02/24/1982","S65E","PHOSPHATE, TOTAL AS P","mg/L",0.122
"03/09/1982","S65E","PHOSPHATE, TOTAL AS P","mg/L",0.127
"03/15/1982","S65E","PHOSPHATE, TOTAL AS P","mg/L",0.184
"04/05/1982","S65E","PHOSPHATE, TOTAL AS P","mg/L",0.236
"04/12/1982","S65E","PHOSPHATE, TOTAL AS P","mg/L",0.254
"04/19/1982","S65E","PHOSPHATE, TOTAL AS P","mg/L",0.317
"05/04/1982","S65E","PHOSPHATE, TOTAL AS P","mg/L",0.136
"05/10/1982","S65E","PHOSPHATE, TOTAL AS P","mg/L",0.073
"05/18/1982","S65E","PHOSPHATE, TOTAL AS P","mg/L",0.054
"06/01/1982","S65E","PHOSPHATE, TOTAL AS P","mg/L",0.167
"06/07/1982","S65E","PHOSPHATE, TOTAL AS P","mg/L",0.175
"06/14/1982","S65E","PHOSPHATE, TOTAL AS P","mg/L",0.128
"07/01/1982","S65E","PHOSPHATE, TOTAL AS P","mg/L",0.114
"07/07/1982","S65E","PHOSPHATE, TOTAL AS P","mg/L",0.081
"07/12/1982","S65E","PHOSPHATE, TOTAL AS P","mg/L",0.074
"07/27/1982","S65E","PHOSPHATE, TOTAL AS P","mg/L",0.084
"08/02/1982","S65E","PHOSPHATE, TOTAL AS P","mg/L",0.061
"08/09/1982","S65E","PHOSPHATE, TOTAL AS P","mg/L",0.051
"08/25/1982","S65E","PHOSPHATE, TOTAL AS P","mg/L",0.0693333333333333
"09/01/1982","S65E","PHOSPHATE, TOTAL AS P","mg/L",0.054
"09/09/1982","S65E","PHOSPHATE, TOTAL AS P","mg/L",0.057
"09/21/1982","S65E","PHOSPHATE, TOTAL AS P","mg/L",0.054
"09/27/1982","S65E","PHOSPHATE, TOTAL AS P","mg/L",0.056
"10/05/1982","S65E","PHOSPHATE, TOTAL AS P","mg/L",0.059
"10/20/1982","S65E","PHOSPHATE, TOTAL AS P","mg/L",0.0753333333333333
"10/26/1982","S65E","PHOSPHATE, TOTAL AS P","mg/L",0.0423333333333333
"11/01/1982","S65E","PHOSPHATE, TOTAL AS P","mg/L",0.036
"11/22/1982","S65E","PHOSPHATE, TOTAL AS P","mg/L",0.0585
"12/06/1982","S65E","PHOSPHATE, TOTAL AS P","mg/L",0.057
"12/20/1982","S65E","PHOSPHATE, TOTAL AS P","mg/L",0.065
"12/22/1982","S65E","PHOSPHATE, TOTAL AS P","mg/L",0.071
"01/04/1983","S65E","PHOSPHATE, TOTAL AS P","mg/L",0.063
"01/18/1983","S65E","PHOSPHATE, TOTAL AS P","mg/L",0.061
"02/01/1983","S65E","PHOSPHATE, TOTAL AS P","mg/L",0.073
"02/15/1983","S65E","PHOSPHATE, TOTAL AS P","mg/L",0.18
"02/17/1983","S65E","PHOSPHATE, TOTAL AS P","mg/L",0.195
"03/02/1983","S65E","PHOSPHATE, TOTAL AS P","mg/L",0.132
"03/15/1983","S65E","PHOSPHATE, TOTAL AS P","mg/L",0.055
"03/17/1983","S65E","PHOSPHATE, TOTAL AS P","mg/L",0.054
"03/29/1983","S65E","PHOSPHATE, TOTAL AS P","mg/L",0.084
"04/14/1983","S65E","PHOSPHATE, TOTAL AS P","mg/L",0.07
"04/15/1983","S65E","PHOSPHATE, TOTAL AS P","mg/L",0.057
"04/26/1983","S65E","PHOSPHATE, TOTAL AS P","mg/L",0.06
"05/11/1983","S65E","PHOSPHATE, TOTAL AS P","mg/L",0.059
"05/12/1983","S65E","PHOSPHATE, TOTAL AS P","mg/L",0.056
"05/24/1983","S65E","PHOSPHATE, TOTAL AS P","mg/L",0.063
"06/07/1983","S65E","PHOSPHATE, TOTAL AS P","mg/L",0.082
"06/09/1983","S65E","PHOSPHATE, TOTAL AS P","mg/L",0.065
"06/21/1983","S65E","PHOSPHATE, TOTAL AS P","mg/L",0.075
"07/06/1983","S65E","PHOSPHATE, TOTAL AS P","mg/L",0.055
"07/07/1983","S65E","PHOSPHATE, TOTAL AS P","mg/L",0.083
"07/19/1983","S65E","PHOSPHATE, TOTAL AS P","mg/L",0.044
"08/02/1983","S65E","PHOSPHATE, TOTAL AS P","mg/L",0.054
"08/03/1983","S65E","PHOSPHATE, TOTAL AS P","mg/L",0.051
"08/16/1983","S65E","PHOSPHATE, TOTAL AS P","mg/L",0.06
"08/30/1983","S65E","PHOSPHATE, TOTAL AS P","mg/L",0.078
"09/01/1983","S65E","PHOSPHATE, TOTAL AS P","mg/L",0.294
"09/12/1983","S65E","PHOSPHATE, TOTAL AS P","mg/L",0.077
"09/27/1983","S65E","PHOSPHATE, TOTAL AS P","mg/L",0.065
"09/28/1983","S65E","PHOSPHATE, TOTAL AS P","mg/L",0.0606666666666667
"10/10/1983","S65E","PHOSPHATE, TOTAL AS P","mg/L",0.063
"10/25/1983","S65E","PHOSPHATE, TOTAL AS P","mg/L",0.115
"10/28/1983","S65E","PHOSPHATE, TOTAL AS P","mg/L",0.134
"11/08/1983","S65E","PHOSPHATE, TOTAL AS P","mg/L",0.234
"11/16/1983","S65E","PHOSPHATE, TOTAL AS P","mg/L",0.202
"11/21/1983","S65E","PHOSPHATE, TOTAL AS P","mg/L",0.191
"12/20/1983","S65E","PHOSPHATE, TOTAL AS P","mg/L",0.059
"12/29/1983","S65E","PHOSPHATE, TOTAL AS P","mg/L",0.066
"01/04/1984","S65E","PHOSPHATE, TOTAL AS P","mg/L",0.081
"01/17/1984","S65E","PHOSPHATE, TOTAL AS P","mg/L",0.046
"01/25/1984","S65E","PHOSPHATE, TOTAL AS P","mg/L",0.068
"01/31/1984","S65E","PHOSPHATE, TOTAL AS P","mg/L",0.059
"02/14/1984","S65E","PHOSPHATE, TOTAL AS P","mg/L",0.054
"02/23/1984","S65E","PHOSPHATE, TOTAL AS P","mg/L",0.058
"02/29/1984","S65E","PHOSPHATE, TOTAL AS P","mg/L",0.147
"03/13/1984","S65E","PHOSPHATE, TOTAL AS P","mg/L",0.101
"03/21/1984","S65E","PHOSPHATE, TOTAL AS P","mg/L",0.176
"03/27/1984","S65E","PHOSPHATE, TOTAL AS P","mg/L",0.182
"04/09/1984","S65E","PHOSPHATE, TOTAL AS P","mg/L",0.064
"04/18/1984","S65E","PHOSPHATE, TOTAL AS P","mg/L",0.066
"04/25/1984","S65E","PHOSPHATE, TOTAL AS P","mg/L",0.093
"05/31/1984","S65E","PHOSPHATE, TOTAL AS P","mg/L",0.103
"06/04/1984","S65E","PHOSPHATE, TOTAL AS P","mg/L",0.057
"06/19/1984","S65E","PHOSPHATE, TOTAL AS P","mg/L",0.145
"06/27/1984","S65E","PHOSPHATE, TOTAL AS P","mg/L",0.163
"07/31/1984","S65E","PHOSPHATE, TOTAL AS P","mg/L",0.325
"08/13/1984","S65E","PHOSPHATE, TOTAL AS P","mg/L",0.135
"08/22/1984","S65E","PHOSPHATE, TOTAL AS P","mg/L",0.153
"08/27/1984","S65E","PHOSPHATE, TOTAL AS P","mg/L",0.124
"09/10/1984","S65E","PHOSPHATE, TOTAL AS P","mg/L",0.145
"09/21/1984","S65E","PHOSPHATE, TOTAL AS P","mg/L",0.174
"09/25/1984","S65E","PHOSPHATE, TOTAL AS P","mg/L",0.18
"10/09/1984","S65E","PHOSPHATE, TOTAL AS P","mg/L",0.182
"10/23/1984","S65E","PHOSPHATE, TOTAL AS P","mg/L",0.107
"10/30/1984","S65E","PHOSPHATE, TOTAL AS P","mg/L",0.169333333333333
"11/06/1984","S65E","PHOSPHATE, TOTAL AS P","mg/L",0.176
"11/14/1984","S65E","PHOSPHATE, TOTAL AS P","mg/L",0.177
"12/04/1984","S65E","PHOSPHATE, TOTAL AS P","mg/L",0.071
"12/18/1984","S65E","PHOSPHATE, TOTAL AS P","mg/L",0.062
"12/27/1984","S65E","PHOSPHATE, TOTAL AS P","mg/L",0.054
"01/15/1985","S65E","PHOSPHATE, TOTAL AS P","mg/L",0.094
"01/24/1985","S65E","PHOSPHATE, TOTAL AS P","mg/L",0.064
"02/20/1985","S65E","PHOSPHATE, TOTAL AS P","mg/L",0.065
"02/26/1985","S65E","PHOSPHATE, TOTAL AS P","mg/L",0.055
"03/20/1985","S65E","PHOSPHATE, TOTAL AS P","mg/L",0.061
"03/26/1985","S65E","PHOSPHATE, TOTAL AS P","mg/L",0.059
"04/17/1985","S65E","PHOSPHATE, TOTAL AS P","mg/L",0.276
"04/23/1985","S65E","PHOSPHATE, TOTAL AS P","mg/L",0.072
"05/06/1985","S65E","PHOSPHATE, TOTAL AS P","mg/L",0.063
"05/16/1985","S65E","PHOSPHATE, TOTAL AS P","mg/L",0.069
"05/20/1985","S65E","PHOSPHATE, TOTAL AS P","mg/L",0.054
"06/19/1985","S65E","PHOSPHATE, TOTAL AS P","mg/L",0.055
"06/26/1985","S65E","PHOSPHATE, TOTAL AS P","mg/L",0.09
"07/02/1985","S65E","PHOSPHATE, TOTAL AS P","mg/L",0.054
"07/23/1985","S65E","PHOSPHATE, TOTAL AS P","mg/L",0.412
"07/30/1985","S65E","PHOSPHATE, TOTAL AS P","mg/L",0.221
"08/21/1985","S65E","PHOSPHATE, TOTAL AS P","mg/L",0.107
"08/27/1985","S65E","PHOSPHATE, TOTAL AS P","mg/L",0.094
"09/09/1985","S65E","PHOSPHATE, TOTAL AS P","mg/L",0.088
"09/19/1985","S65E","PHOSPHATE, TOTAL AS P","mg/L",0.129
"09/24/1985","S65E","PHOSPHATE, TOTAL AS P","mg/L",0.22
"10/08/1985","S65E","PHOSPHATE, TOTAL AS P","mg/L",0.181
"10/17/1985","S65E","PHOSPHATE, TOTAL AS P","mg/L",0.109
"10/22/1985","S65E","PHOSPHATE, TOTAL AS P","mg/L",0.141
"11/05/1985","S65E","PHOSPHATE, TOTAL AS P","mg/L",0.143
"11/14/1985","S65E","PHOSPHATE, TOTAL AS P","mg/L",0.121
"12/03/1985","S65E","PHOSPHATE, TOTAL AS P","mg/L",0.138
"12/12/1985","S65E","PHOSPHATE, TOTAL AS P","mg/L",0.149
"01/14/1986","S65E","PHOSPHATE, TOTAL AS P","mg/L",0.051
"01/16/1986","S65E","PHOSPHATE, TOTAL AS P","mg/L",0.044
"01/28/1986","S65E","PHOSPHATE, TOTAL AS P","mg/L",0.034
"02/12/1986","S65E","PHOSPHATE, TOTAL AS P","mg/L",0.052
"02/18/1986","S65E","PHOSPHATE, TOTAL AS P","mg/L",0.05
"02/25/1986","S65E","PHOSPHATE, TOTAL AS P","mg/L",0.058
"03/18/1986","S65E","PHOSPHATE, TOTAL AS P","mg/L",0.11
"03/25/1986","S65E","PHOSPHATE, TOTAL AS P","mg/L",0.064
"04/08/1986","S65E","PHOSPHATE, TOTAL AS P","mg/L",0.047
"04/15/1986","S65E","PHOSPHATE, TOTAL AS P","mg/L",0.051
"04/22/1986","S65E","PHOSPHATE, TOTAL AS P","mg/L",0.056
"05/06/1986","S65E","PHOSPHATE, TOTAL AS P","mg/L",0.048
"05/14/1986","S65E","PHOSPHATE, TOTAL AS P","mg/L",0.065
"05/20/1986","S65E","PHOSPHATE, TOTAL AS P","mg/L",0.049
"06/04/1986","S65E","PHOSPHATE, TOTAL AS P","mg/L",0.031
"06/19/1986","S65E","PHOSPHATE, TOTAL AS P","mg/L",0.049
"07/01/1986","S65E","PHOSPHATE, TOTAL AS P","mg/L",0.418
"07/15/1986","S65E","PHOSPHATE, TOTAL AS P","mg/L",0.35
"07/17/1986","S65E","PHOSPHATE, TOTAL AS P","mg/L",0.5
"07/29/1986","S65E","PHOSPHATE, TOTAL AS P","mg/L",0.452
"08/14/1986","S65E","PHOSPHATE, TOTAL AS P","mg/L",0.4125
"08/26/1986","S65E","PHOSPHATE, TOTAL AS P","mg/L",0.223
"09/09/1986","S65E","PHOSPHATE, TOTAL AS P","mg/L",0.108
"09/10/1986","S65E","PHOSPHATE, TOTAL AS P","mg/L",0.118
"09/23/1986","S65E","PHOSPHATE, TOTAL AS P","mg/L",0.082
"10/07/1986","S65E","PHOSPHATE, TOTAL AS P","mg/L",0.082
"10/09/1986","S65E","PHOSPHATE, TOTAL AS P","mg/L",0.093
"10/21/1986","S65E","PHOSPHATE, TOTAL AS P","mg/L",0.09
"11/04/1986","S65E","PHOSPHATE, TOTAL AS P","mg/L",0.104
"11/06/1986","S65E","PHOSPHATE, TOTAL AS P","mg/L",0.116
"11/18/1986","S65E","PHOSPHATE, TOTAL AS P","mg/L",0.146
"12/03/1986","S65E","PHOSPHATE, TOTAL AS P","mg/L",0.171
"12/04/1986","S65E","PHOSPHATE, TOTAL AS P","mg/L",0.15
"12/18/1986","S65E","PHOSPHATE, TOTAL AS P","mg/L",0.128
"01/07/1987","S65E","PHOSPHATE, TOTAL AS P","mg/L",0.094
"01/08/1987","S65E","PHOSPHATE, TOTAL AS P","mg/L",0.087
"01/15/1987","S65E","PHOSPHATE, TOTAL AS P","mg/L",0.05
"01/22/1987","S65E","PHOSPHATE, TOTAL AS P","mg/L",0.052
"01/29/1987","S65E","PHOSPHATE, TOTAL AS P","mg/L",0.036
"02/03/1987","S65E","PHOSPHATE, TOTAL AS P","mg/L",0.042
"02/05/1987","S65E","PHOSPHATE, TOTAL AS P","mg/L",0.042
"02/12/1987","S65E","PHOSPHATE, TOTAL AS P","mg/L",0.043
"02/18/1987","S65E","PHOSPHATE, TOTAL AS P","mg/L",0.059
"02/19/1987","S65E","PHOSPHATE, TOTAL AS P","mg/L",0.047
"02/26/1987","S65E","PHOSPHATE, TOTAL AS P","mg/L",0.065
"03/03/1987","S65E","PHOSPHATE, TOTAL AS P","mg/L",0.065
"03/05/1987","S65E","PHOSPHATE, TOTAL AS P","mg/L",0.067
"03/12/1987","S65E","PHOSPHATE, TOTAL AS P","mg/L",0.11
"03/17/1987","S65E","PHOSPHATE, TOTAL AS P","mg/L",0.082
"03/19/1987","S65E","PHOSPHATE, TOTAL AS P","mg/L",0.08
"03/26/1987","S65E","PHOSPHATE, TOTAL AS P","mg/L",0.062
"03/31/1987","S65E","PHOSPHATE, TOTAL AS P","mg/L",0.121
"04/14/1987","S65E","PHOSPHATE, TOTAL AS P","mg/L",0.064
"04/22/1987","S65E","PHOSPHATE, TOTAL AS P","mg/L",0.063
"04/28/1987","S65E","PHOSPHATE, TOTAL AS P","mg/L",0.064
"05/11/1987","S65E","PHOSPHATE, TOTAL AS P","mg/L",0.07
"05/13/1987","S65E","PHOSPHATE, TOTAL AS P","mg/L",0.08
"05/20/1987","S65E","PHOSPHATE, TOTAL AS P","mg/L",0.138
"05/26/1987","S65E","PHOSPHATE, TOTAL AS P","mg/L",0.123
"06/01/1987","S65E","PHOSPHATE, TOTAL AS P","mg/L",0.103
"06/17/1987","S65E","PHOSPHATE, TOTAL AS P","mg/L",0.073
"06/24/1987","S65E","PHOSPHATE, TOTAL AS P","mg/L",0.06
"07/01/1987","S65E","PHOSPHATE, TOTAL AS P","mg/L",0.073
"07/08/1987","S65E","PHOSPHATE, TOTAL AS P","mg/L",0.066
"07/16/1987","S65E","PHOSPHATE, TOTAL AS P","mg/L",0.088
"07/21/1987","S65E","PHOSPHATE, TOTAL AS P","mg/L",0.156
"07/30/1987","S65E","PHOSPHATE, TOTAL AS P","mg/L",0.19
"08/04/1987","S65E","PHOSPHATE, TOTAL AS P","mg/L",0.26
"08/12/1987","S65E","PHOSPHATE, TOTAL AS P","mg/L",0.251
"08/18/1987","S65E","PHOSPHATE, TOTAL AS P","mg/L",0.228
"08/28/1987","S65E","PHOSPHATE, TOTAL AS P","mg/L",0.188
"09/09/1987","S65E","PHOSPHATE, TOTAL AS P","mg/L",0.268
"09/24/1987","S65E","PHOSPHATE, TOTAL AS P","mg/L",0.118
"09/29/1987","S65E","PHOSPHATE, TOTAL AS P","mg/L",0.154
"10/07/1987","S65E","PHOSPHATE, TOTAL AS P","mg/L",0.177
"10/13/1987","S65E","PHOSPHATE, TOTAL AS P","mg/L",0.17
"10/21/1987","S65E","PHOSPHATE, TOTAL AS P","mg/L",0.193
"10/28/1987","S65E","PHOSPHATE, TOTAL AS P","mg/L",0.234
"11/04/1987","S65E","PHOSPHATE, TOTAL AS P","mg/L",0.154
"11/10/1987","S65E","PHOSPHATE, TOTAL AS P","mg/L",0.228
"11/18/1987","S65E","PHOSPHATE, TOTAL AS P","mg/L",0.21
"11/24/1987","S65E","PHOSPHATE, TOTAL AS P","mg/L",0.126
"12/03/1987","S65E","PHOSPHATE, TOTAL AS P","mg/L",0.078
"12/08/1987","S65E","PHOSPHATE, TOTAL AS P","mg/L",0.059
"12/17/1987","S65E","PHOSPHATE, TOTAL AS P","mg/L",0.058
"12/22/1987","S65E","PHOSPHATE, TOTAL AS P","mg/L",0.056
"12/28/1987","S65E","PHOSPHATE, TOTAL AS P","mg/L",0.075
"12/30/1987","S65E","PHOSPHATE, TOTAL AS P","mg/L",0.09
"01/01/1988","S65E","PHOSPHATE, TOTAL AS P","mg/L",0.086
"01/03/1988","S65E","PHOSPHATE, TOTAL AS P","mg/L",0.069
"01/05/1988","S65E","PHOSPHATE, TOTAL AS P","mg/L",0.064
"01/06/1988","S65E","PHOSPHATE, TOTAL AS P","mg/L",0.065
"01/07/1988","S65E","PHOSPHATE, TOTAL AS P","mg/L",0.07
"01/09/1988","S65E","PHOSPHATE, TOTAL AS P","mg/L",0.075
"01/10/1988","S65E","PHOSPHATE, TOTAL AS P","mg/L",0.064
"01/12/1988","S65E","PHOSPHATE, TOTAL AS P","mg/L",0.065
"01/13/1988","S65E","PHOSPHATE, TOTAL AS P","mg/L",0.056
"01/14/1988","S65E","PHOSPHATE, TOTAL AS P","mg/L",0.057
"01/15/1988","S65E","PHOSPHATE, TOTAL AS P","mg/L",0.067
"01/19/1988","S65E","PHOSPHATE, TOTAL AS P","mg/L",0.0813333333333333
"01/21/1988","S65E","PHOSPHATE, TOTAL AS P","mg/L",0.0755
"01/22/1988","S65E","PHOSPHATE, TOTAL AS P","mg/L",0.069
"01/23/1988","S65E","PHOSPHATE, TOTAL AS P","mg/L",0.067
"01/25/1988","S65E","PHOSPHATE, TOTAL AS P","mg/L",4.8
"01/26/1988","S65E","PHOSPHATE, TOTAL AS P","mg/L",0.049
"01/27/1988","S65E","PHOSPHATE, TOTAL AS P","mg/L",0.054
"01/29/1988","S65E","PHOSPHATE, TOTAL AS P","mg/L",0.048
"02/01/1988","S65E","PHOSPHATE, TOTAL AS P","mg/L",0.0635
"02/02/1988","S65E","PHOSPHATE, TOTAL AS P","mg/L",0.058
"02/04/1988","S65E","PHOSPHATE, TOTAL AS P","mg/L",0.055
"02/06/1988","S65E","PHOSPHATE, TOTAL AS P","mg/L",0.05
"02/08/1988","S65E","PHOSPHATE, TOTAL AS P","mg/L",0.062
"02/11/1988","S65E","PHOSPHATE, TOTAL AS P","mg/L",0.072
"02/14/1988","S65E","PHOSPHATE, TOTAL AS P","mg/L",0.083
"02/16/1988","S65E","PHOSPHATE, TOTAL AS P","mg/L",0.063
"02/17/1988","S65E","PHOSPHATE, TOTAL AS P","mg/L",0.063
"02/18/1988","S65E","PHOSPHATE, TOTAL AS P","mg/L",0.0675
"02/20/1988","S65E","PHOSPHATE, TOTAL AS P","mg/L",0.084
"02/22/1988","S65E","PHOSPHATE, TOTAL AS P","mg/L",0.0815
"02/23/1988","S65E","PHOSPHATE, TOTAL AS P","mg/L",0.08
"02/25/1988","S65E","PHOSPHATE, TOTAL AS P","mg/L",0.067
"02/26/1988","S65E","PHOSPHATE, TOTAL AS P","mg/L",0.094
"02/27/1988","S65E","PHOSPHATE, TOTAL AS P","mg/L",0.089
"02/29/1988","S65E","PHOSPHATE, TOTAL AS P","mg/L",0.083
"03/01/1988","S65E","PHOSPHATE, TOTAL AS P","mg/L",0.062
"03/03/1988","S65E","PHOSPHATE, TOTAL AS P","mg/L",0.048
"03/05/1988","S65E","PHOSPHATE, TOTAL AS P","mg/L",0.101
"03/06/1988","S65E","PHOSPHATE, TOTAL AS P","mg/L",0.063
"03/07/1988","S65E","PHOSPHATE, TOTAL AS P","mg/L",0.065
"03/08/1988","S65E","PHOSPHATE, TOTAL AS P","mg/L",0.078
"03/10/1988","S65E","PHOSPHATE, TOTAL AS P","mg/L",0.109
"03/13/1988","S65E","PHOSPHATE, TOTAL AS P","mg/L",0.093
"03/14/1988","S65E","PHOSPHATE, TOTAL AS P","mg/L",0.051
"03/15/1988","S65E","PHOSPHATE, TOTAL AS P","mg/L",0.044
"03/16/1988","S65E","PHOSPHATE, TOTAL AS P","mg/L",0.122
"03/17/1988","S65E","PHOSPHATE, TOTAL AS P","mg/L",0.169
"03/19/1988","S65E","PHOSPHATE, TOTAL AS P","mg/L",0.181
"03/20/1988","S65E","PHOSPHATE, TOTAL AS P","mg/L",0.179
"03/21/1988","S65E","PHOSPHATE, TOTAL AS P","mg/L",0.183
"03/22/1988","S65E","PHOSPHATE, TOTAL AS P","mg/L",0.158
"03/23/1988","S65E","PHOSPHATE, TOTAL AS P","mg/L",0.148
"03/28/1988","S65E","PHOSPHATE, TOTAL AS P","mg/L",0.1155
"03/29/1988","S65E","PHOSPHATE, TOTAL AS P","mg/L",0.102
"03/30/1988","S65E","PHOSPHATE, TOTAL AS P","mg/L",0.277
"04/01/1988","S65E","PHOSPHATE, TOTAL AS P","mg/L",0.164
"04/02/1988","S65E","PHOSPHATE, TOTAL AS P","mg/L",0.158
"04/03/1988","S65E","PHOSPHATE, TOTAL AS P","mg/L",0.111
"04/04/1988","S65E","PHOSPHATE, TOTAL AS P","mg/L",0.085
"04/06/1988","S65E","PHOSPHATE, TOTAL AS P","mg/L",0.067
"04/07/1988","S65E","PHOSPHATE, TOTAL AS P","mg/L",0.079
"04/08/1988","S65E","PHOSPHATE, TOTAL AS P","mg/L",0.082
"04/09/1988","S65E","PHOSPHATE, TOTAL AS P","mg/L",0.0785
"04/10/1988","S65E","PHOSPHATE, TOTAL AS P","mg/L",0.065
"04/11/1988","S65E","PHOSPHATE, TOTAL AS P","mg/L",0.0656666666666667
"04/12/1988","S65E","PHOSPHATE, TOTAL AS P","mg/L",0.0656666666666667
"04/13/1988","S65E","PHOSPHATE, TOTAL AS P","mg/L",0.083
"04/14/1988","S65E","PHOSPHATE, TOTAL AS P","mg/L",0.0655
"04/18/1988","S65E","PHOSPHATE, TOTAL AS P","mg/L",0.06325
"04/19/1988","S65E","PHOSPHATE, TOTAL AS P","mg/L",0.075
"04/20/1988","S65E","PHOSPHATE, TOTAL AS P","mg/L",0.087
"04/21/1988","S65E","PHOSPHATE, TOTAL AS P","mg/L",0.096
"04/22/1988","S65E","PHOSPHATE, TOTAL AS P","mg/L",0.059
"04/23/1988","S65E","PHOSPHATE, TOTAL AS P","mg/L",0.049
"04/24/1988","S65E","PHOSPHATE, TOTAL AS P","mg/L",0.056
"04/25/1988","S65E","PHOSPHATE, TOTAL AS P","mg/L",0.1825
"04/26/1988","S65E","PHOSPHATE, TOTAL AS P","mg/L",0.059
"04/28/1988","S65E","PHOSPHATE, TOTAL AS P","mg/L",0.043
"04/29/1988","S65E","PHOSPHATE, TOTAL AS P","mg/L",0.953
"04/30/1988","S65E","PHOSPHATE, TOTAL AS P","mg/L",0.042
"05/01/1988","S65E","PHOSPHATE, TOTAL AS P","mg/L",0.045
"05/02/1988","S65E","PHOSPHATE, TOTAL AS P","mg/L",0.072
"05/03/1988","S65E","PHOSPHATE, TOTAL AS P","mg/L",0.061
"05/04/1988","S65E","PHOSPHATE, TOTAL AS P","mg/L",0.06
"05/05/1988","S65E","PHOSPHATE, TOTAL AS P","mg/L",0.06
"05/06/1988","S65E","PHOSPHATE, TOTAL AS P","mg/L",0.066
"05/08/1988","S65E","PHOSPHATE, TOTAL AS P","mg/L",0.054
"05/09/1988","S65E","PHOSPHATE, TOTAL AS P","mg/L",0.0695
"05/10/1988","S65E","PHOSPHATE, TOTAL AS P","mg/L",0.046
"05/11/1988","S65E","PHOSPHATE, TOTAL AS P","mg/L",0.06
"05/12/1988","S65E","PHOSPHATE, TOTAL AS P","mg/L",0.048
"05/13/1988","S65E","PHOSPHATE, TOTAL AS P","mg/L",0.0725
"05/14/1988","S65E","PHOSPHATE, TOTAL AS P","mg/L",0.0575
"05/17/1988","S65E","PHOSPHATE, TOTAL AS P","mg/L",0.0526666666666667
"05/18/1988","S65E","PHOSPHATE, TOTAL AS P","mg/L",0.055
"05/22/1988","S65E","PHOSPHATE, TOTAL AS P","mg/L",0.05
"05/23/1988","S65E","PHOSPHATE, TOTAL AS P","mg/L",0.053
"05/24/1988","S65E","PHOSPHATE, TOTAL AS P","mg/L",0.0455
"05/25/1988","S65E","PHOSPHATE, TOTAL AS P","mg/L",0.051
"05/26/1988","S65E","PHOSPHATE, TOTAL AS P","mg/L",0.061
"05/28/1988","S65E","PHOSPHATE, TOTAL AS P","mg/L",0.075
"05/29/1988","S65E","PHOSPHATE, TOTAL AS P","mg/L",0.06
"05/31/1988","S65E","PHOSPHATE, TOTAL AS P","mg/L",0.048
"06/01/1988","S65E","PHOSPHATE, TOTAL AS P","mg/L",0.048
"06/02/1988","S65E","PHOSPHATE, TOTAL AS P","mg/L",0.053
"06/03/1988","S65E","PHOSPHATE, TOTAL AS P","mg/L",0.081
"06/04/1988","S65E","PHOSPHATE, TOTAL AS P","mg/L",0.087
"06/05/1988","S65E","PHOSPHATE, TOTAL AS P","mg/L",0.058
"06/06/1988","S65E","PHOSPHATE, TOTAL AS P","mg/L",0.039
"06/07/1988","S65E","PHOSPHATE, TOTAL AS P","mg/L",0.0445
"06/08/1988","S65E","PHOSPHATE, TOTAL AS P","mg/L",0.052
"06/09/1988","S65E","PHOSPHATE, TOTAL AS P","mg/L",0.0375
"06/10/1988","S65E","PHOSPHATE, TOTAL AS P","mg/L",0.042
"06/11/1988","S65E","PHOSPHATE, TOTAL AS P","mg/L",0.032
"06/12/1988","S65E","PHOSPHATE, TOTAL AS P","mg/L",0.047
"06/14/1988","S65E","PHOSPHATE, TOTAL AS P","mg/L",0.047
"06/15/1988","S65E","PHOSPHATE, TOTAL AS P","mg/L",0.048
"06/16/1988","S65E","PHOSPHATE, TOTAL AS P","mg/L",0.061
"06/17/1988","S65E","PHOSPHATE, TOTAL AS P","mg/L",0.057
"06/18/1988","S65E","PHOSPHATE, TOTAL AS P","mg/L",0.056
"06/19/1988","S65E","PHOSPHATE, TOTAL AS P","mg/L",0.054
"06/20/1988","S65E","PHOSPHATE, TOTAL AS P","mg/L",0.0485
"06/21/1988","S65E","PHOSPHATE, TOTAL AS P","mg/L",0.0583333333333333
"06/22/1988","S65E","PHOSPHATE, TOTAL AS P","mg/L",0.063
"06/23/1988","S65E","PHOSPHATE, TOTAL AS P","mg/L",0.068
"06/24/1988","S65E","PHOSPHATE, TOTAL AS P","mg/L",0.068
"06/25/1988","S65E","PHOSPHATE, TOTAL AS P","mg/L",0.061
"06/26/1988","S65E","PHOSPHATE, TOTAL AS P","mg/L",0.054
"06/28/1988","S65E","PHOSPHATE, TOTAL AS P","mg/L",0.246
"06/29/1988","S65E","PHOSPHATE, TOTAL AS P","mg/L",0.045
"06/30/1988","S65E","PHOSPHATE, TOTAL AS P","mg/L",0.1255
"07/01/1988","S65E","PHOSPHATE, TOTAL AS P","mg/L",0.065
"07/02/1988","S65E","PHOSPHATE, TOTAL AS P","mg/L",0.442
"07/03/1988","S65E","PHOSPHATE, TOTAL AS P","mg/L",0.027
"07/05/1988","S65E","PHOSPHATE, TOTAL AS P","mg/L",0.048
"07/06/1988","S65E","PHOSPHATE, TOTAL AS P","mg/L",0.058
"07/07/1988","S65E","PHOSPHATE, TOTAL AS P","mg/L",0.049
"07/08/1988","S65E","PHOSPHATE, TOTAL AS P","mg/L",0.06
"07/09/1988","S65E","PHOSPHATE, TOTAL AS P","mg/L",0.067
"07/12/1988","S65E","PHOSPHATE, TOTAL AS P","mg/L",0.06
"07/13/1988","S65E","PHOSPHATE, TOTAL AS P","mg/L",0.027
"07/14/1988","S65E","PHOSPHATE, TOTAL AS P","mg/L",0.029
"07/15/1988","S65E","PHOSPHATE, TOTAL AS P","mg/L",0.024
"07/16/1988","S65E","PHOSPHATE, TOTAL AS P","mg/L",0.034
"07/17/1988","S65E","PHOSPHATE, TOTAL AS P","mg/L",0.038
"07/18/1988","S65E","PHOSPHATE, TOTAL AS P","mg/L",0.049
"07/19/1988","S65E","PHOSPHATE, TOTAL AS P","mg/L",0.05
"07/25/1988","S65E","PHOSPHATE, TOTAL AS P","mg/L",0.091
"07/26/1988","S65E","PHOSPHATE, TOTAL AS P","mg/L",0.1
"07/27/1988","S65E","PHOSPHATE, TOTAL AS P","mg/L",0.1175
"08/02/1988","S65E","PHOSPHATE, TOTAL AS P","mg/L",0.173
"08/03/1988","S65E","PHOSPHATE, TOTAL AS P","mg/L",0.1865
"08/09/1988","S65E","PHOSPHATE, TOTAL AS P","mg/L",0.253
"08/15/1988","S65E","PHOSPHATE, TOTAL AS P","mg/L",0.281
"08/16/1988","S65E","PHOSPHATE, TOTAL AS P","mg/L",0.282
"08/17/1988","S65E","PHOSPHATE, TOTAL AS P","mg/L",0.273
"08/18/1988","S65E","PHOSPHATE, TOTAL AS P","mg/L",0.229
"08/19/1988","S65E","PHOSPHATE, TOTAL AS P","mg/L",0.205
"08/20/1988","S65E","PHOSPHATE, TOTAL AS P","mg/L",0.184
"08/22/1988","S65E","PHOSPHATE, TOTAL AS P","mg/L",0.139
"08/23/1988","S65E","PHOSPHATE, TOTAL AS P","mg/L",0.159
"08/25/1988","S65E","PHOSPHATE, TOTAL AS P","mg/L",0.124
"08/27/1988","S65E","PHOSPHATE, TOTAL AS P","mg/L",0.132
"08/28/1988","S65E","PHOSPHATE, TOTAL AS P","mg/L",0.147
"08/29/1988","S65E","PHOSPHATE, TOTAL AS P","mg/L",0.139
"08/30/1988","S65E","PHOSPHATE, TOTAL AS P","mg/L",0.165
"08/31/1988","S65E","PHOSPHATE, TOTAL AS P","mg/L",0.159
"09/01/1988","S65E","PHOSPHATE, TOTAL AS P","mg/L",0.146
"09/02/1988","S65E","PHOSPHATE, TOTAL AS P","mg/L",0.138
"09/04/1988","S65E","PHOSPHATE, TOTAL AS P","mg/L",0.128
"09/05/1988","S65E","PHOSPHATE, TOTAL AS P","mg/L",0.117
"09/07/1988","S65E","PHOSPHATE, TOTAL AS P","mg/L",0.133
"09/12/1988","S65E","PHOSPHATE, TOTAL AS P","mg/L",0.0826666666666667
"09/13/1988","S65E","PHOSPHATE, TOTAL AS P","mg/L",0.073
"09/14/1988","S65E","PHOSPHATE, TOTAL AS P","mg/L",0.105
"09/15/1988","S65E","PHOSPHATE, TOTAL AS P","mg/L",0.171
"09/16/1988","S65E","PHOSPHATE, TOTAL AS P","mg/L",0.125
"09/18/1988","S65E","PHOSPHATE, TOTAL AS P","mg/L",0.154
"09/19/1988","S65E","PHOSPHATE, TOTAL AS P","mg/L",0.0925
"09/21/1988","S65E","PHOSPHATE, TOTAL AS P","mg/L",0.222
"09/22/1988","S65E","PHOSPHATE, TOTAL AS P","mg/L",0.217
"09/23/1988","S65E","PHOSPHATE, TOTAL AS P","mg/L",0.204
"09/25/1988","S65E","PHOSPHATE, TOTAL AS P","mg/L",0.178
"09/26/1988","S65E","PHOSPHATE, TOTAL AS P","mg/L",0.145
"09/27/1988","S65E","PHOSPHATE, TOTAL AS P","mg/L",0.1505
"09/29/1988","S65E","PHOSPHATE, TOTAL AS P","mg/L",0.201
"10/01/1988","S65E","PHOSPHATE, TOTAL AS P","mg/L",0.156
"10/02/1988","S65E","PHOSPHATE, TOTAL AS P","mg/L",0.24
"10/03/1988","S65E","PHOSPHATE, TOTAL AS P","mg/L",0.154
"10/05/1988","S65E","PHOSPHATE, TOTAL AS P","mg/L",0.164
"10/07/1988","S65E","PHOSPHATE, TOTAL AS P","mg/L",0.153
"10/09/1988","S65E","PHOSPHATE, TOTAL AS P","mg/L",0.135
"10/10/1988","S65E","PHOSPHATE, TOTAL AS P","mg/L",0.0685
"10/11/1988","S65E","PHOSPHATE, TOTAL AS P","mg/L",0.1905
"10/13/1988","S65E","PHOSPHATE, TOTAL AS P","mg/L",0.096
"10/14/1988","S65E","PHOSPHATE, TOTAL AS P","mg/L",0.105
"10/16/1988","S65E","PHOSPHATE, TOTAL AS P","mg/L",0.112
"10/17/1988","S65E","PHOSPHATE, TOTAL AS P","mg/L",0.09
"10/19/1988","S65E","PHOSPHATE, TOTAL AS P","mg/L",0.082
"10/21/1988","S65E","PHOSPHATE, TOTAL AS P","mg/L",0.145
"10/23/1988","S65E","PHOSPHATE, TOTAL AS P","mg/L",0.081
"10/24/1988","S65E","PHOSPHATE, TOTAL AS P","mg/L",0.064
"10/25/1988","S65E","PHOSPHATE, TOTAL AS P","mg/L",0.0535
"10/31/1988","S65E","PHOSPHATE, TOTAL AS P","mg/L",0.067
"11/03/1988","S65E","PHOSPHATE, TOTAL AS P","mg/L",0.06
"11/04/1988","S65E","PHOSPHATE, TOTAL AS P","mg/L",0.092
"11/06/1988","S65E","PHOSPHATE, TOTAL AS P","mg/L",0.078
"11/07/1988","S65E","PHOSPHATE, TOTAL AS P","mg/L",0.079
"11/09/1988","S65E","PHOSPHATE, TOTAL AS P","mg/L",0.074
"11/11/1988","S65E","PHOSPHATE, TOTAL AS P","mg/L",0.077
"11/12/1988","S65E","PHOSPHATE, TOTAL AS P","mg/L",0.076
"11/16/1988","S65E","PHOSPHATE, TOTAL AS P","mg/L",0.07
"11/18/1988","S65E","PHOSPHATE, TOTAL AS P","mg/L",0.14
"11/20/1988","S65E","PHOSPHATE, TOTAL AS P","mg/L",0.082
"11/21/1988","S65E","PHOSPHATE, TOTAL AS P","mg/L",0.078
"11/22/1988","S65E","PHOSPHATE, TOTAL AS P","mg/L",0.0625
"11/23/1988","S65E","PHOSPHATE, TOTAL AS P","mg/L",0.101
"11/24/1988","S65E","PHOSPHATE, TOTAL AS P","mg/L",0.108
"11/29/1988","S65E","PHOSPHATE, TOTAL AS P","mg/L",0.107
"12/01/1988","S65E","PHOSPHATE, TOTAL AS P","mg/L",0.083
"12/03/1988","S65E","PHOSPHATE, TOTAL AS P","mg/L",0.094
"12/05/1988","S65E","PHOSPHATE, TOTAL AS P","mg/L",0.071
"12/08/1988","S65E","PHOSPHATE, TOTAL AS P","mg/L",0.063
"12/09/1988","S65E","PHOSPHATE, TOTAL AS P","mg/L",0.134
"12/10/1988","S65E","PHOSPHATE, TOTAL AS P","mg/L",0.077
"12/13/1988","S65E","PHOSPHATE, TOTAL AS P","mg/L",0.102
"12/15/1988","S65E","PHOSPHATE, TOTAL AS P","mg/L",0.109
"12/19/1988","S65E","PHOSPHATE, TOTAL AS P","mg/L",0.0835
"12/28/1988","S65E","PHOSPHATE, TOTAL AS P","mg/L",0.072
"12/30/1988","S65E","PHOSPHATE, TOTAL AS P","mg/L",0.065
"01/01/1989","S65E","PHOSPHATE, TOTAL AS P","mg/L",0.059
"01/03/1989","S65E","PHOSPHATE, TOTAL AS P","mg/L",0.073
"01/11/1989","S65E","PHOSPHATE, TOTAL AS P","mg/L",0.087
"01/13/1989","S65E","PHOSPHATE, TOTAL AS P","mg/L",0.086
"01/15/1989","S65E","PHOSPHATE, TOTAL AS P","mg/L",0.063
"01/17/1989","S65E","PHOSPHATE, TOTAL AS P","mg/L",0.06
"01/23/1989","S65E","PHOSPHATE, TOTAL AS P","mg/L",0.079
"01/24/1989","S65E","PHOSPHATE, TOTAL AS P","mg/L",0.076
"01/26/1989","S65E","PHOSPHATE, TOTAL AS P","mg/L",0.08
"01/29/1989","S65E","PHOSPHATE, TOTAL AS P","mg/L",0.075
"01/30/1989","S65E","PHOSPHATE, TOTAL AS P","mg/L",0.064
"01/31/1989","S65E","PHOSPHATE, TOTAL AS P","mg/L",0.057
"02/01/1989","S65E","PHOSPHATE, TOTAL AS P","mg/L",0.089
"02/03/1989","S65E","PHOSPHATE, TOTAL AS P","mg/L",0.091
"02/05/1989","S65E","PHOSPHATE, TOTAL AS P","mg/L",0.096
"02/06/1989","S65E","PHOSPHATE, TOTAL AS P","mg/L",0.06
"02/08/1989","S65E","PHOSPHATE, TOTAL AS P","mg/L",0.069
"02/10/1989","S65E","PHOSPHATE, TOTAL AS P","mg/L",0.107
"02/12/1989","S65E","PHOSPHATE, TOTAL AS P","mg/L",0.084
"02/13/1989","S65E","PHOSPHATE, TOTAL AS P","mg/L",0.0425
"02/14/1989","S65E","PHOSPHATE, TOTAL AS P","mg/L",0.044
"02/18/1989","S65E","PHOSPHATE, TOTAL AS P","mg/L",0.06
"02/20/1989","S65E","PHOSPHATE, TOTAL AS P","mg/L",0.053
"02/22/1989","S65E","PHOSPHATE, TOTAL AS P","mg/L",0.054
"02/27/1989","S65E","PHOSPHATE, TOTAL AS P","mg/L",0.048
"02/28/1989","S65E","PHOSPHATE, TOTAL AS P","mg/L",0.052
"03/04/1989","S65E","PHOSPHATE, TOTAL AS P","mg/L",0.049
"03/06/1989","S65E","PHOSPHATE, TOTAL AS P","mg/L",0.252
"03/09/1989","S65E","PHOSPHATE, TOTAL AS P","mg/L",0.067
"03/10/1989","S65E","PHOSPHATE, TOTAL AS P","mg/L",0.06
"03/13/1989","S65E","PHOSPHATE, TOTAL AS P","mg/L",0.0515
"03/15/1989","S65E","PHOSPHATE, TOTAL AS P","mg/L",0.047
"03/16/1989","S65E","PHOSPHATE, TOTAL AS P","mg/L",0.0785
"03/17/1989","S65E","PHOSPHATE, TOTAL AS P","mg/L",0.064
"03/19/1989","S65E","PHOSPHATE, TOTAL AS P","mg/L",0.072
"03/21/1989","S65E","PHOSPHATE, TOTAL AS P","mg/L",0.0545
"03/22/1989","S65E","PHOSPHATE, TOTAL AS P","mg/L",0.101
"03/24/1989","S65E","PHOSPHATE, TOTAL AS P","mg/L",0.068
"03/27/1989","S65E","PHOSPHATE, TOTAL AS P","mg/L",0.05
"03/28/1989","S65E","PHOSPHATE, TOTAL AS P","mg/L",0.057
"03/29/1989","S65E","PHOSPHATE, TOTAL AS P","mg/L",0.271833333333333
"04/07/1989","S65E","PHOSPHATE, TOTAL AS P","mg/L",0.095
"04/08/1989","S65E","PHOSPHATE, TOTAL AS P","mg/L",0.067
"04/09/1989","S65E","PHOSPHATE, TOTAL AS P","mg/L",0.077
"04/10/1989","S65E","PHOSPHATE, TOTAL AS P","mg/L",0.057
"04/11/1989","S65E","PHOSPHATE, TOTAL AS P","mg/L",0.068
"04/13/1989","S65E","PHOSPHATE, TOTAL AS P","mg/L",0.051
"04/16/1989","S65E","PHOSPHATE, TOTAL AS P","mg/L",0.058
"04/17/1989","S65E","PHOSPHATE, TOTAL AS P","mg/L",0.05
"04/20/1989","S65E","PHOSPHATE, TOTAL AS P","mg/L",0.068
"04/22/1989","S65E","PHOSPHATE, TOTAL AS P","mg/L",0.057
"04/23/1989","S65E","PHOSPHATE, TOTAL AS P","mg/L",0.056
"04/24/1989","S65E","PHOSPHATE, TOTAL AS P","mg/L",0.067
"04/25/1989","S65E","PHOSPHATE, TOTAL AS P","mg/L",0.079
"04/26/1989","S65E","PHOSPHATE, TOTAL AS P","mg/L",0.062
"04/29/1989","S65E","PHOSPHATE, TOTAL AS P","mg/L",0.056
"05/01/1989","S65E","PHOSPHATE, TOTAL AS P","mg/L",0.062
"05/03/1989","S65E","PHOSPHATE, TOTAL AS P","mg/L",0.071
"05/06/1989","S65E","PHOSPHATE, TOTAL AS P","mg/L",0.065
"05/08/1989","S65E","PHOSPHATE, TOTAL AS P","mg/L",0.052
"05/10/1989","S65E","PHOSPHATE, TOTAL AS P","mg/L",0.05
"05/13/1989","S65E","PHOSPHATE, TOTAL AS P","mg/L",0.111
"05/14/1989","S65E","PHOSPHATE, TOTAL AS P","mg/L",0.074
"05/16/1989","S65E","PHOSPHATE, TOTAL AS P","mg/L",0.051
"05/17/1989","S65E","PHOSPHATE, TOTAL AS P","mg/L",0.067
"05/20/1989","S65E","PHOSPHATE, TOTAL AS P","mg/L",0.071
"05/22/1989","S65E","PHOSPHATE, TOTAL AS P","mg/L",0.0535
"05/24/1989","S65E","PHOSPHATE, TOTAL AS P","mg/L",0.044
"05/26/1989","S65E","PHOSPHATE, TOTAL AS P","mg/L",0.072
"05/28/1989","S65E","PHOSPHATE, TOTAL AS P","mg/L",0.105
"05/30/1989","S65E","PHOSPHATE, TOTAL AS P","mg/L",0.04
"06/01/1989","S65E","PHOSPHATE, TOTAL AS P","mg/L",0.097
"06/03/1989","S65E","PHOSPHATE, TOTAL AS P","mg/L",0.501
"06/05/1989","S65E","PHOSPHATE, TOTAL AS P","mg/L",0.0573333333333333
"06/07/1989","S65E","PHOSPHATE, TOTAL AS P","mg/L",0.088
"06/09/1989","S65E","PHOSPHATE, TOTAL AS P","mg/L",0.151
"06/11/1989","S65E","PHOSPHATE, TOTAL AS P","mg/L",0.079
"06/12/1989","S65E","PHOSPHATE, TOTAL AS P","mg/L",0.042
"06/13/1989","S65E","PHOSPHATE, TOTAL AS P","mg/L",0.067
"06/16/1989","S65E","PHOSPHATE, TOTAL AS P","mg/L",0.055
"06/19/1989","S65E","PHOSPHATE, TOTAL AS P","mg/L",0.06075
"06/20/1989","S65E","PHOSPHATE, TOTAL AS P","mg/L",0.064
"06/21/1989","S65E","PHOSPHATE, TOTAL AS P","mg/L",0.0415
"06/22/1989","S65E","PHOSPHATE, TOTAL AS P","mg/L",0.05
"06/26/1989","S65E","PHOSPHATE, TOTAL AS P","mg/L",0.038
"07/03/1989","S65E","PHOSPHATE, TOTAL AS P","mg/L",0.041
"07/05/1989","S65E","PHOSPHATE, TOTAL AS P","mg/L",0.048
"07/11/1989","S65E","PHOSPHATE, TOTAL AS P","mg/L",0.068
"07/17/1989","S65E","PHOSPHATE, TOTAL AS P","mg/L",0.033
"07/18/1989","S65E","PHOSPHATE, TOTAL AS P","mg/L",0.011
"07/19/1989","S65E","PHOSPHATE, TOTAL AS P","mg/L",0.033
"07/25/1989","S65E","PHOSPHATE, TOTAL AS P","mg/L",0.054
"07/26/1989","S65E","PHOSPHATE, TOTAL AS P","mg/L",0.076
"07/27/1989","S65E","PHOSPHATE, TOTAL AS P","mg/L",0.092
"07/28/1989","S65E","PHOSPHATE, TOTAL AS P","mg/L",0.066
"07/31/1989","S65E","PHOSPHATE, TOTAL AS P","mg/L",0.044
"08/01/1989","S65E","PHOSPHATE, TOTAL AS P","mg/L",0.032
"08/02/1989","S65E","PHOSPHATE, TOTAL AS P","mg/L",0.034
"08/03/1989","S65E","PHOSPHATE, TOTAL AS P","mg/L",0.044
"08/06/1989","S65E","PHOSPHATE, TOTAL AS P","mg/L",0.036
"08/07/1989","S65E","PHOSPHATE, TOTAL AS P","mg/L",0.067
"08/08/1989","S65E","PHOSPHATE, TOTAL AS P","mg/L",0.05
"08/09/1989","S65E","PHOSPHATE, TOTAL AS P","mg/L",0.059
"08/12/1989","S65E","PHOSPHATE, TOTAL AS P","mg/L",0.054
"08/14/1989","S65E","PHOSPHATE, TOTAL AS P","mg/L",0.0515
"08/15/1989","S65E","PHOSPHATE, TOTAL AS P","mg/L",0.0615
"08/16/1989","S65E","PHOSPHATE, TOTAL AS P","mg/L",0.046
"08/18/1989","S65E","PHOSPHATE, TOTAL AS P","mg/L",0.059
"08/19/1989","S65E","PHOSPHATE, TOTAL AS P","mg/L",0.075
"08/21/1989","S65E","PHOSPHATE, TOTAL AS P","mg/L",0.101
"08/22/1989","S65E","PHOSPHATE, TOTAL AS P","mg/L",0.11
"08/23/1989","S65E","PHOSPHATE, TOTAL AS P","mg/L",0.105
"08/26/1989","S65E","PHOSPHATE, TOTAL AS P","mg/L",0.111
"08/27/1989","S65E","PHOSPHATE, TOTAL AS P","mg/L",0.1
"08/28/1989","S65E","PHOSPHATE, TOTAL AS P","mg/L",0.108
"08/29/1989","S65E","PHOSPHATE, TOTAL AS P","mg/L",0.1375
"08/30/1989","S65E","PHOSPHATE, TOTAL AS P","mg/L",0.091
"09/01/1989","S65E","PHOSPHATE, TOTAL AS P","mg/L",0.102
"09/04/1989","S65E","PHOSPHATE, TOTAL AS P","mg/L",0.104
"09/05/1989","S65E","PHOSPHATE, TOTAL AS P","mg/L",0.138
"09/06/1989","S65E","PHOSPHATE, TOTAL AS P","mg/L",0.124
"09/07/1989","S65E","PHOSPHATE, TOTAL AS P","mg/L",0.114
"09/08/1989","S65E","PHOSPHATE, TOTAL AS P","mg/L",0.118
"09/09/1989","S65E","PHOSPHATE, TOTAL AS P","mg/L",0.139
"09/11/1989","S65E","PHOSPHATE, TOTAL AS P","mg/L",0.157
"09/12/1989","S65E","PHOSPHATE, TOTAL AS P","mg/L",0.175
"09/13/1989","S65E","PHOSPHATE, TOTAL AS P","mg/L",0.149
"09/14/1989","S65E","PHOSPHATE, TOTAL AS P","mg/L",0.222
"09/17/1989","S65E","PHOSPHATE, TOTAL AS P","mg/L",0.181
"09/19/1989","S65E","PHOSPHATE, TOTAL AS P","mg/L",0.223
"09/20/1989","S65E","PHOSPHATE, TOTAL AS P","mg/L",0.167
"09/23/1989","S65E","PHOSPHATE, TOTAL AS P","mg/L",0.196
"09/25/1989","S65E","PHOSPHATE, TOTAL AS P","mg/L",0.2285
"09/27/1989","S65E","PHOSPHATE, TOTAL AS P","mg/L",0.243333333333333
"09/29/1989","S65E","PHOSPHATE, TOTAL AS P","mg/L",0.217
"10/02/1989","S65E","PHOSPHATE, TOTAL AS P","mg/L",0.219
"10/03/1989","S65E","PHOSPHATE, TOTAL AS P","mg/L",0.252
"10/06/1989","S65E","PHOSPHATE, TOTAL AS P","mg/L",0.311
"10/09/1989","S65E","PHOSPHATE, TOTAL AS P","mg/L",0.317333333333333
"10/11/1989","S65E","PHOSPHATE, TOTAL AS P","mg/L",0.3195
"10/14/1989","S65E","PHOSPHATE, TOTAL AS P","mg/L",0.295
"10/16/1989","S65E","PHOSPHATE, TOTAL AS P","mg/L",0.374
"10/17/1989","S65E","PHOSPHATE, TOTAL AS P","mg/L",0.427
"10/18/1989","S65E","PHOSPHATE, TOTAL AS P","mg/L",0.457
"10/21/1989","S65E","PHOSPHATE, TOTAL AS P","mg/L",0.496
"10/22/1989","S65E","PHOSPHATE, TOTAL AS P","mg/L",0.488
"10/23/1989","S65E","PHOSPHATE, TOTAL AS P","mg/L",0.448666666666667
"10/24/1989","S65E","PHOSPHATE, TOTAL AS P","mg/L",0.433
"10/26/1989","S65E","PHOSPHATE, TOTAL AS P","mg/L",0.437
"10/29/1989","S65E","PHOSPHATE, TOTAL AS P","mg/L",0.393
"10/30/1989","S65E","PHOSPHATE, TOTAL AS P","mg/L",0.369
"10/31/1989","S65E","PHOSPHATE, TOTAL AS P","mg/L",0.328
"11/03/1989","S65E","PHOSPHATE, TOTAL AS P","mg/L",0.314
"11/05/1989","S65E","PHOSPHATE, TOTAL AS P","mg/L",0.339
"11/06/1989","S65E","PHOSPHATE, TOTAL AS P","mg/L",0.243
"11/08/1989","S65E","PHOSPHATE, TOTAL AS P","mg/L",0.28
"11/13/1989","S65E","PHOSPHATE, TOTAL AS P","mg/L",0.321
"11/14/1989","S65E","PHOSPHATE, TOTAL AS P","mg/L",0.403
"11/16/1989","S65E","PHOSPHATE, TOTAL AS P","mg/L",0.276
"11/17/1989","S65E","PHOSPHATE, TOTAL AS P","mg/L",0.267
"11/20/1989","S65E","PHOSPHATE, TOTAL AS P","mg/L",0.23
"11/22/1989","S65E","PHOSPHATE, TOTAL AS P","mg/L",0.265
"11/23/1989","S65E","PHOSPHATE, TOTAL AS P","mg/L",0.234
"11/25/1989","S65E","PHOSPHATE, TOTAL AS P","mg/L",0.237
"11/27/1989","S65E","PHOSPHATE, TOTAL AS P","mg/L",0.222
"11/28/1989","S65E","PHOSPHATE, TOTAL AS P","mg/L",0.199
"12/02/1989","S65E","PHOSPHATE, TOTAL AS P","mg/L",0.205
"12/04/1989","S65E","PHOSPHATE, TOTAL AS P","mg/L",0.206333333333333
"12/11/1989","S65E","PHOSPHATE, TOTAL AS P","mg/L",0.1835
"12/18/1989","S65E","PHOSPHATE, TOTAL AS P","mg/L",0.1865
"12/19/1989","S65E","PHOSPHATE, TOTAL AS P","mg/L",0.182
"12/20/1989","S65E","PHOSPHATE, TOTAL AS P","mg/L",0.17
"12/21/1989","S65E","PHOSPHATE, TOTAL AS P","mg/L",0.159
"12/22/1989","S65E","PHOSPHATE, TOTAL AS P","mg/L",0.216
"12/23/1989","S65E","PHOSPHATE, TOTAL AS P","mg/L",0.255
"12/24/1989","S65E","PHOSPHATE, TOTAL AS P","mg/L",0.168
"12/26/1989","S65E","PHOSPHATE, TOTAL AS P","mg/L",0.158
"12/27/1989","S65E","PHOSPHATE, TOTAL AS P","mg/L",0.164
"12/28/1989","S65E","PHOSPHATE, TOTAL AS P","mg/L",0.155
"12/29/1989","S65E","PHOSPHATE, TOTAL AS P","mg/L",0.145
"12/30/1989","S65E","PHOSPHATE, TOTAL AS P","mg/L",0.136
"12/31/1989","S65E","PHOSPHATE, TOTAL AS P","mg/L",0.132
"01/01/1990","S65E","PHOSPHATE, TOTAL AS P","mg/L",0.131
"01/02/1990","S65E","PHOSPHATE, TOTAL AS P","mg/L",0.1325
"01/03/1990","S65E","PHOSPHATE, TOTAL AS P","mg/L",0.131333333333333
"01/06/1990","S65E","PHOSPHATE, TOTAL AS P","mg/L",0.113
"01/07/1990","S65E","PHOSPHATE, TOTAL AS P","mg/L",0.117
"01/09/1990","S65E","PHOSPHATE, TOTAL AS P","mg/L",0.147
"01/10/1990","S65E","PHOSPHATE, TOTAL AS P","mg/L",0.114
"01/12/1990","S65E","PHOSPHATE, TOTAL AS P","mg/L",0.101
"01/14/1990","S65E","PHOSPHATE, TOTAL AS P","mg/L",0.088
"01/16/1990","S65E","PHOSPHATE, TOTAL AS P","mg/L",0.0755
"01/18/1990","S65E","PHOSPHATE, TOTAL AS P","mg/L",0.066
"01/20/1990","S65E","PHOSPHATE, TOTAL AS P","mg/L",0.069
"01/23/1990","S65E","PHOSPHATE, TOTAL AS P","mg/L",0.0555
"01/30/1990","S65E","PHOSPHATE, TOTAL AS P","mg/L",0.0515
"01/31/1990","S65E","PHOSPHATE, TOTAL AS P","mg/L",0.122
"02/01/1990","S65E","PHOSPHATE, TOTAL AS P","mg/L",0.105
"02/03/1990","S65E","PHOSPHATE, TOTAL AS P","mg/L",0.095
"02/05/1990","S65E","PHOSPHATE, TOTAL AS P","mg/L",0.093
"02/06/1990","S65E","PHOSPHATE, TOTAL AS P","mg/L",0.05
"02/13/1990","S65E","PHOSPHATE, TOTAL AS P","mg/L",0.0733333333333333
"02/14/1990","S65E","PHOSPHATE, TOTAL AS P","mg/L",0.172
"02/16/1990","S65E","PHOSPHATE, TOTAL AS P","mg/L",0.117
"02/18/1990","S65E","PHOSPHATE, TOTAL AS P","mg/L",0.098
"02/20/1990","S65E","PHOSPHATE, TOTAL AS P","mg/L",0.045
"02/22/1990","S65E","PHOSPHATE, TOTAL AS P","mg/L",0.111
"02/24/1990","S65E","PHOSPHATE, TOTAL AS P","mg/L",0.174
"02/26/1990","S65E","PHOSPHATE, TOTAL AS P","mg/L",0.131
"02/27/1990","S65E","PHOSPHATE, TOTAL AS P","mg/L",0.091
"02/28/1990","S65E","PHOSPHATE, TOTAL AS P","mg/L",0.082
"03/02/1990","S65E","PHOSPHATE, TOTAL AS P","mg/L",0.164
"03/04/1990","S65E","PHOSPHATE, TOTAL AS P","mg/L",0.266
"03/06/1990","S65E","PHOSPHATE, TOTAL AS P","mg/L",0.13
"03/08/1990","S65E","PHOSPHATE, TOTAL AS P","mg/L",0.212
"03/10/1990","S65E","PHOSPHATE, TOTAL AS P","mg/L",0.225
"03/12/1990","S65E","PHOSPHATE, TOTAL AS P","mg/L",0.174
"03/16/1990","S65E","PHOSPHATE, TOTAL AS P","mg/L",0.073
"03/26/1990","S65E","PHOSPHATE, TOTAL AS P","mg/L",0.078
"03/27/1990","S65E","PHOSPHATE, TOTAL AS P","mg/L",0.1145
"04/03/1990","S65E","PHOSPHATE, TOTAL AS P","mg/L",0.076
"04/05/1990","S65E","PHOSPHATE, TOTAL AS P","mg/L",0.11
"04/07/1990","S65E","PHOSPHATE, TOTAL AS P","mg/L",0.156
"04/09/1990","S65E","PHOSPHATE, TOTAL AS P","mg/L",0.128
"04/10/1990","S65E","PHOSPHATE, TOTAL AS P","mg/L",0.069
"04/11/1990","S65E","PHOSPHATE, TOTAL AS P","mg/L",0.068
"04/17/1990","S65E","PHOSPHATE, TOTAL AS P","mg/L",0.0675
"04/23/1990","S65E","PHOSPHATE, TOTAL AS P","mg/L",0.036
"04/24/1990","S65E","PHOSPHATE, TOTAL AS P","mg/L",0.032
"04/26/1990","S65E","PHOSPHATE, TOTAL AS P","mg/L",0.123
"04/28/1990","S65E","PHOSPHATE, TOTAL AS P","mg/L",0.136
"04/30/1990","S65E","PHOSPHATE, TOTAL AS P","mg/L",0.091
"05/07/1990","S65E","PHOSPHATE, TOTAL AS P","mg/L",0.0756666666666667
"05/09/1990","S65E","PHOSPHATE, TOTAL AS P","mg/L",0.16
"05/11/1990","S65E","PHOSPHATE, TOTAL AS P","mg/L",0.162
"05/13/1990","S65E","PHOSPHATE, TOTAL AS P","mg/L",0.089
"05/14/1990","S65E","PHOSPHATE, TOTAL AS P","mg/L",0.077
"05/16/1990","S65E","PHOSPHATE, TOTAL AS P","mg/L",0.1
"05/18/1990","S65E","PHOSPHATE, TOTAL AS P","mg/L",0.134
"05/20/1990","S65E","PHOSPHATE, TOTAL AS P","mg/L",0.115
"05/21/1990","S65E","PHOSPHATE, TOTAL AS P","mg/L",0.0405
"05/23/1990","S65E","PHOSPHATE, TOTAL AS P","mg/L",0.168
"05/25/1990","S65E","PHOSPHATE, TOTAL AS P","mg/L",0.149
"05/27/1990","S65E","PHOSPHATE, TOTAL AS P","mg/L",0.169
"05/29/1990","S65E","PHOSPHATE, TOTAL AS P","mg/L",0.044
"06/04/1990","S65E","PHOSPHATE, TOTAL AS P","mg/L",0.0735
"06/05/1990","S65E","PHOSPHATE, TOTAL AS P","mg/L",0.029
"06/06/1990","S65E","PHOSPHATE, TOTAL AS P","mg/L",0.189
"06/08/1990","S65E","PHOSPHATE, TOTAL AS P","mg/L",0.193
"06/11/1990","S65E","PHOSPHATE, TOTAL AS P","mg/L",0.126
"06/12/1990","S65E","PHOSPHATE, TOTAL AS P","mg/L",0.035
"06/18/1990","S65E","PHOSPHATE, TOTAL AS P","mg/L",0.0338571428571429
"06/20/1990","S65E","PHOSPHATE, TOTAL AS P","mg/L",0.044
"06/22/1990","S65E","PHOSPHATE, TOTAL AS P","mg/L",0.044
"06/24/1990","S65E","PHOSPHATE, TOTAL AS P","mg/L",0.051
"06/25/1990","S65E","PHOSPHATE, TOTAL AS P","mg/L",0.051
"06/26/1990","S65E","PHOSPHATE, TOTAL AS P","mg/L",0.0835
"06/27/1990","S65E","PHOSPHATE, TOTAL AS P","mg/L",0.203
"06/29/1990","S65E","PHOSPHATE, TOTAL AS P","mg/L",0.195
"06/30/1990","S65E","PHOSPHATE, TOTAL AS P","mg/L",0.187
"07/02/1990","S65E","PHOSPHATE, TOTAL AS P","mg/L",0.129
"07/03/1990","S65E","PHOSPHATE, TOTAL AS P","mg/L",0.12
"07/05/1990","S65E","PHOSPHATE, TOTAL AS P","mg/L",0.134
"07/07/1990","S65E","PHOSPHATE, TOTAL AS P","mg/L",0.115
"07/09/1990","S65E","PHOSPHATE, TOTAL AS P","mg/L",0.153
"07/10/1990","S65E","PHOSPHATE, TOTAL AS P","mg/L",0.149
"07/12/1990","S65E","PHOSPHATE, TOTAL AS P","mg/L",0.1605
"07/16/1990","S65E","PHOSPHATE, TOTAL AS P","mg/L",0.203
"07/17/1990","S65E","PHOSPHATE, TOTAL AS P","mg/L",0.202
"07/19/1990","S65E","PHOSPHATE, TOTAL AS P","mg/L",0.202
"07/21/1990","S65E","PHOSPHATE, TOTAL AS P","mg/L",0.242
"07/23/1990","S65E","PHOSPHATE, TOTAL AS P","mg/L",0.172
"07/25/1990","S65E","PHOSPHATE, TOTAL AS P","mg/L",0.192
"07/27/1990","S65E","PHOSPHATE, TOTAL AS P","mg/L",0.218
"07/29/1990","S65E","PHOSPHATE, TOTAL AS P","mg/L",0.186
"07/30/1990","S65E","PHOSPHATE, TOTAL AS P","mg/L",0.177
"08/06/1990","S65E","PHOSPHATE, TOTAL AS P","mg/L",0.159
"08/07/1990","S65E","PHOSPHATE, TOTAL AS P","mg/L",0.178
"08/09/1990","S65E","PHOSPHATE, TOTAL AS P","mg/L",0.22
"08/11/1990","S65E","PHOSPHATE, TOTAL AS P","mg/L",0.175
"08/13/1990","S65E","PHOSPHATE, TOTAL AS P","mg/L",0.151333333333333
"08/15/1990","S65E","PHOSPHATE, TOTAL AS P","mg/L",0.285
"08/17/1990","S65E","PHOSPHATE, TOTAL AS P","mg/L",0.238
"08/19/1990","S65E","PHOSPHATE, TOTAL AS P","mg/L",0.352
"08/20/1990","S65E","PHOSPHATE, TOTAL AS P","mg/L",0.253
"08/22/1990","S65E","PHOSPHATE, TOTAL AS P","mg/L",0.31
"08/24/1990","S65E","PHOSPHATE, TOTAL AS P","mg/L",0.35
"08/26/1990","S65E","PHOSPHATE, TOTAL AS P","mg/L",0.406
"08/27/1990","S65E","PHOSPHATE, TOTAL AS P","mg/L",0.249
"08/29/1990","S65E","PHOSPHATE, TOTAL AS P","mg/L",0.476
"08/31/1990","S65E","PHOSPHATE, TOTAL AS P","mg/L",0.35
"09/02/1990","S65E","PHOSPHATE, TOTAL AS P","mg/L",0.298
"09/04/1990","S65E","PHOSPHATE, TOTAL AS P","mg/L",0.194
"09/10/1990","S65E","PHOSPHATE, TOTAL AS P","mg/L",0.2195
"09/12/1990","S65E","PHOSPHATE, TOTAL AS P","mg/L",0.188
"09/14/1990","S65E","PHOSPHATE, TOTAL AS P","mg/L",0.196
"09/16/1990","S65E","PHOSPHATE, TOTAL AS P","mg/L",0.198
"09/17/1990","S65E","PHOSPHATE, TOTAL AS P","mg/L",0.164
"09/19/1990","S65E","PHOSPHATE, TOTAL AS P","mg/L",0.198
"09/21/1990","S65E","PHOSPHATE, TOTAL AS P","mg/L",0.207
"09/23/1990","S65E","PHOSPHATE, TOTAL AS P","mg/L",0.264
"09/24/1990","S65E","PHOSPHATE, TOTAL AS P","mg/L",0.168666666666667
"09/26/1990","S65E","PHOSPHATE, TOTAL AS P","mg/L",0.233
"09/28/1990","S65E","PHOSPHATE, TOTAL AS P","mg/L",0.179
"09/30/1990","S65E","PHOSPHATE, TOTAL AS P","mg/L",0.217
"10/01/1990","S65E","PHOSPHATE, TOTAL AS P","mg/L",0.193
"10/08/1990","S65E","PHOSPHATE, TOTAL AS P","mg/L",0.155
"10/09/1990","S65E","PHOSPHATE, TOTAL AS P","mg/L",0.178
"10/11/1990","S65E","PHOSPHATE, TOTAL AS P","mg/L",0.359
"10/13/1990","S65E","PHOSPHATE, TOTAL AS P","mg/L",0.195
"10/15/1990","S65E","PHOSPHATE, TOTAL AS P","mg/L",0.171
"10/16/1990","S65E","PHOSPHATE, TOTAL AS P","mg/L",0.201
"10/18/1990","S65E","PHOSPHATE, TOTAL AS P","mg/L",0.215
"10/20/1990","S65E","PHOSPHATE, TOTAL AS P","mg/L",0.23
"10/22/1990","S65E","PHOSPHATE, TOTAL AS P","mg/L",0.212666666666667
"10/31/1990","S65E","PHOSPHATE, TOTAL AS P","mg/L",0.1925
"11/02/1990","S65E","PHOSPHATE, TOTAL AS P","mg/L",0.18
"11/04/1990","S65E","PHOSPHATE, TOTAL AS P","mg/L",0.176
"11/05/1990","S65E","PHOSPHATE, TOTAL AS P","mg/L",0.168
"11/06/1990","S65E","PHOSPHATE, TOTAL AS P","mg/L",0.1685
"11/07/1990","S65E","PHOSPHATE, TOTAL AS P","mg/L",0.136
"11/09/1990","S65E","PHOSPHATE, TOTAL AS P","mg/L",0.148
"11/11/1990","S65E","PHOSPHATE, TOTAL AS P","mg/L",0.145
"11/13/1990","S65E","PHOSPHATE, TOTAL AS P","mg/L",0.173
"11/14/1990","S65E","PHOSPHATE, TOTAL AS P","mg/L",0.164
"11/16/1990","S65E","PHOSPHATE, TOTAL AS P","mg/L",0.162
"11/18/1990","S65E","PHOSPHATE, TOTAL AS P","mg/L",0.161
"11/19/1990","S65E","PHOSPHATE, TOTAL AS P","mg/L",0.179
"11/20/1990","S65E","PHOSPHATE, TOTAL AS P","mg/L",0.151
"11/21/1990","S65E","PHOSPHATE, TOTAL AS P","mg/L",0.143
"11/26/1990","S65E","PHOSPHATE, TOTAL AS P","mg/L",0.151
"11/27/1990","S65E","PHOSPHATE, TOTAL AS P","mg/L",0.166
"11/28/1990","S65E","PHOSPHATE, TOTAL AS P","mg/L",0.147
"11/29/1990","S65E","PHOSPHATE, TOTAL AS P","mg/L",0.133
"12/03/1990","S65E","PHOSPHATE, TOTAL AS P","mg/L",0.135
"12/10/1990","S65E","PHOSPHATE, TOTAL AS P","mg/L",0.141
"12/17/1990","S65E","PHOSPHATE, TOTAL AS P","mg/L",0.11
"12/18/1990","S65E","PHOSPHATE, TOTAL AS P","mg/L",0.1055
"12/26/1990","S65E","PHOSPHATE, TOTAL AS P","mg/L",0.104
"12/27/1990","S65E","PHOSPHATE, TOTAL AS P","mg/L",0.081
"12/29/1990","S65E","PHOSPHATE, TOTAL AS P","mg/L",0.094
"12/31/1990","S65E","PHOSPHATE, TOTAL AS P","mg/L",0.096
"01/02/1991","S65E","PHOSPHATE, TOTAL AS P","mg/L",0.133
"01/04/1991","S65E","PHOSPHATE, TOTAL AS P","mg/L",0.086
"01/06/1991","S65E","PHOSPHATE, TOTAL AS P","mg/L",0.089
"01/07/1991","S65E","PHOSPHATE, TOTAL AS P","mg/L",0.102
"01/14/1991","S65E","PHOSPHATE, TOTAL AS P","mg/L",0.1055
"01/17/1991","S65E","PHOSPHATE, TOTAL AS P","mg/L",0.108
"01/22/1991","S65E","PHOSPHATE, TOTAL AS P","mg/L",0.116
"01/23/1991","S65E","PHOSPHATE, TOTAL AS P","mg/L",0.148
"01/24/1991","S65E","PHOSPHATE, TOTAL AS P","mg/L",0.101
"01/25/1991","S65E","PHOSPHATE, TOTAL AS P","mg/L",0.093
"01/28/1991","S65E","PHOSPHATE, TOTAL AS P","mg/L",0.1115
"02/04/1991","S65E","PHOSPHATE, TOTAL AS P","mg/L",0.045
"02/11/1991","S65E","PHOSPHATE, TOTAL AS P","mg/L",0.1145
"02/14/1991","S65E","PHOSPHATE, TOTAL AS P","mg/L",0.122
"02/15/1991","S65E","PHOSPHATE, TOTAL AS P","mg/L",0.099
"02/16/1991","S65E","PHOSPHATE, TOTAL AS P","mg/L",0.114
"02/17/1991","S65E","PHOSPHATE, TOTAL AS P","mg/L",0.128
"02/18/1991","S65E","PHOSPHATE, TOTAL AS P","mg/L",0.097
"02/19/1991","S65E","PHOSPHATE, TOTAL AS P","mg/L",0.1195
"02/20/1991","S65E","PHOSPHATE, TOTAL AS P","mg/L",0.101
"02/22/1991","S65E","PHOSPHATE, TOTAL AS P","mg/L",0.094
"02/24/1991","S65E","PHOSPHATE, TOTAL AS P","mg/L",0.087
"02/25/1991","S65E","PHOSPHATE, TOTAL AS P","mg/L",0.113185185185185
"02/26/1991","S65E","PHOSPHATE, TOTAL AS P","mg/L",0.116
"02/27/1991","S65E","PHOSPHATE, TOTAL AS P","mg/L",0.093
"03/01/1991","S65E","PHOSPHATE, TOTAL AS P","mg/L",0.089
"03/03/1991","S65E","PHOSPHATE, TOTAL AS P","mg/L",0.095
"03/04/1991","S65E","PHOSPHATE, TOTAL AS P","mg/L",0.118
"03/11/1991","S65E","PHOSPHATE, TOTAL AS P","mg/L",0.106
"03/18/1991","S65E","PHOSPHATE, TOTAL AS P","mg/L",0.106
"03/20/1991","S65E","PHOSPHATE, TOTAL AS P","mg/L",0.086
"03/22/1991","S65E","PHOSPHATE, TOTAL AS P","mg/L",0.091
"03/24/1991","S65E","PHOSPHATE, TOTAL AS P","mg/L",0.099
"03/25/1991","S65E","PHOSPHATE, TOTAL AS P","mg/L",0.1245
"03/27/1991","S65E","PHOSPHATE, TOTAL AS P","mg/L",0.105
"03/29/1991","S65E","PHOSPHATE, TOTAL AS P","mg/L",0.109
"03/31/1991","S65E","PHOSPHATE, TOTAL AS P","mg/L",0.114
"04/01/1991","S65E","PHOSPHATE, TOTAL AS P","mg/L",0.121
"04/08/1991","S65E","PHOSPHATE, TOTAL AS P","mg/L",0.116666666666667
"04/09/1991","S65E","PHOSPHATE, TOTAL AS P","mg/L",0.112
"04/11/1991","S65E","PHOSPHATE, TOTAL AS P","mg/L",0.152
"04/13/1991","S65E","PHOSPHATE, TOTAL AS P","mg/L",0.099
"04/15/1991","S65E","PHOSPHATE, TOTAL AS P","mg/L",0.107
"04/17/1991","S65E","PHOSPHATE, TOTAL AS P","mg/L",0.097
"04/19/1991","S65E","PHOSPHATE, TOTAL AS P","mg/L",0.431
"04/21/1991","S65E","PHOSPHATE, TOTAL AS P","mg/L",0.431
"04/22/1991","S65E","PHOSPHATE, TOTAL AS P","mg/L",0.1155
"04/24/1991","S65E","PHOSPHATE, TOTAL AS P","mg/L",0.114
"04/26/1991","S65E","PHOSPHATE, TOTAL AS P","mg/L",0.101
"04/28/1991","S65E","PHOSPHATE, TOTAL AS P","mg/L",0.087
"04/29/1991","S65E","PHOSPHATE, TOTAL AS P","mg/L",0.105
"05/06/1991","S65E","PHOSPHATE, TOTAL AS P","mg/L",0.07375
"05/08/1991","S65E","PHOSPHATE, TOTAL AS P","mg/L",0.123
"05/10/1991","S65E","PHOSPHATE, TOTAL AS P","mg/L",0.123
"05/13/1991","S65E","PHOSPHATE, TOTAL AS P","mg/L",0.054
"05/15/1991","S65E","PHOSPHATE, TOTAL AS P","mg/L",0.123
"05/17/1991","S65E","PHOSPHATE, TOTAL AS P","mg/L",0.106
"05/19/1991","S65E","PHOSPHATE, TOTAL AS P","mg/L",0.079
"05/20/1991","S65E","PHOSPHATE, TOTAL AS P","mg/L",0.051
"05/28/1991","S65E","PHOSPHATE, TOTAL AS P","mg/L",0.115
"05/29/1991","S65E","PHOSPHATE, TOTAL AS P","mg/L",0.151
"05/30/1991","S65E","PHOSPHATE, TOTAL AS P","mg/L",0.128
"05/31/1991","S65E","PHOSPHATE, TOTAL AS P","mg/L",0.173
"06/01/1991","S65E","PHOSPHATE, TOTAL AS P","mg/L",0.144
"06/02/1991","S65E","PHOSPHATE, TOTAL AS P","mg/L",0.116
"06/03/1991","S65E","PHOSPHATE, TOTAL AS P","mg/L",0.115666666666667
"06/05/1991","S65E","PHOSPHATE, TOTAL AS P","mg/L",0.117
"06/07/1991","S65E","PHOSPHATE, TOTAL AS P","mg/L",0.126
"06/09/1991","S65E","PHOSPHATE, TOTAL AS P","mg/L",0.125
"06/10/1991","S65E","PHOSPHATE, TOTAL AS P","mg/L",0.098
"06/17/1991","S65E","PHOSPHATE, TOTAL AS P","mg/L",0.082
"06/18/1991","S65E","PHOSPHATE, TOTAL AS P","mg/L",0.086
"06/24/1991","S65E","PHOSPHATE, TOTAL AS P","mg/L",0.095
"06/26/1991","S65E","PHOSPHATE, TOTAL AS P","mg/L",0.131
"06/28/1991","S65E","PHOSPHATE, TOTAL AS P","mg/L",0.148
"06/30/1991","S65E","PHOSPHATE, TOTAL AS P","mg/L",0.143
"07/01/1991","S65E","PHOSPHATE, TOTAL AS P","mg/L",0.0865
"07/08/1991","S65E","PHOSPHATE, TOTAL AS P","mg/L",0.062
"07/10/1991","S65E","PHOSPHATE, TOTAL AS P","mg/L",0.115
"07/12/1991","S65E","PHOSPHATE, TOTAL AS P","mg/L",0.215
"07/14/1991","S65E","PHOSPHATE, TOTAL AS P","mg/L",0.158
"07/15/1991","S65E","PHOSPHATE, TOTAL AS P","mg/L",0.0665
"07/22/1991","S65E","PHOSPHATE, TOTAL AS P","mg/L",0.066
"07/24/1991","S65E","PHOSPHATE, TOTAL AS P","mg/L",0.129
"07/26/1991","S65E","PHOSPHATE, TOTAL AS P","mg/L",0.127
"07/28/1991","S65E","PHOSPHATE, TOTAL AS P","mg/L",0.093
"07/29/1991","S65E","PHOSPHATE, TOTAL AS P","mg/L",0.068
"07/31/1991","S65E","PHOSPHATE, TOTAL AS P","mg/L",0.127
"08/02/1991","S65E","PHOSPHATE, TOTAL AS P","mg/L",0.112
"08/04/1991","S65E","PHOSPHATE, TOTAL AS P","mg/L",0.08
"08/05/1991","S65E","PHOSPHATE, TOTAL AS P","mg/L",0.09
"08/07/1991","S65E","PHOSPHATE, TOTAL AS P","mg/L",0.104
"08/09/1991","S65E","PHOSPHATE, TOTAL AS P","mg/L",0.076
"08/11/1991","S65E","PHOSPHATE, TOTAL AS P","mg/L",0.091
"08/12/1991","S65E","PHOSPHATE, TOTAL AS P","mg/L",0.0965
"08/16/1991","S65E","PHOSPHATE, TOTAL AS P","mg/L",0.16
"08/17/1991","S65E","PHOSPHATE, TOTAL AS P","mg/L",0.16
"08/18/1991","S65E","PHOSPHATE, TOTAL AS P","mg/L",0.145
"08/19/1991","S65E","PHOSPHATE, TOTAL AS P","mg/L",0.1475
"08/20/1991","S65E","PHOSPHATE, TOTAL AS P","mg/L",-0.004
"08/22/1991","S65E","PHOSPHATE, TOTAL AS P","mg/L",0.132
"08/24/1991","S65E","PHOSPHATE, TOTAL AS P","mg/L",0.126
"08/26/1991","S65E","PHOSPHATE, TOTAL AS P","mg/L",0.1385
"08/28/1991","S65E","PHOSPHATE, TOTAL AS P","mg/L",0.154
"08/30/1991","S65E","PHOSPHATE, TOTAL AS P","mg/L",0.134
"09/01/1991","S65E","PHOSPHATE, TOTAL AS P","mg/L",0.134
"09/03/1991","S65E","PHOSPHATE, TOTAL AS P","mg/L",0.174
"09/09/1991","S65E","PHOSPHATE, TOTAL AS P","mg/L",0.1275
"09/11/1991","S65E","PHOSPHATE, TOTAL AS P","mg/L",0.129
"09/13/1991","S65E","PHOSPHATE, TOTAL AS P","mg/L",0.123
"09/15/1991","S65E","PHOSPHATE, TOTAL AS P","mg/L",0.174
"09/17/1991","S65E","PHOSPHATE, TOTAL AS P","mg/L",0.158
"09/18/1991","S65E","PHOSPHATE, TOTAL AS P","mg/L",0.041
"09/20/1991","S65E","PHOSPHATE, TOTAL AS P","mg/L",0.148
"09/22/1991","S65E","PHOSPHATE, TOTAL AS P","mg/L",0.126
"09/23/1991","S65E","PHOSPHATE, TOTAL AS P","mg/L",0.1335
"09/25/1991","S65E","PHOSPHATE, TOTAL AS P","mg/L",0.277
"09/27/1991","S65E","PHOSPHATE, TOTAL AS P","mg/L",0.281
"09/29/1991","S65E","PHOSPHATE, TOTAL AS P","mg/L",0.232
"09/30/1991","S65E","PHOSPHATE, TOTAL AS P","mg/L",0.255
"10/01/1991","S65E","PHOSPHATE, TOTAL AS P","mg/L",0.353
"10/03/1991","S65E","PHOSPHATE, TOTAL AS P","mg/L",0.219
"10/05/1991","S65E","PHOSPHATE, TOTAL AS P","mg/L",0.169
"10/07/1991","S65E","PHOSPHATE, TOTAL AS P","mg/L",0.189
"10/09/1991","S65E","PHOSPHATE, TOTAL AS P","mg/L",0.112
"10/11/1991","S65E","PHOSPHATE, TOTAL AS P","mg/L",0.09
"10/13/1991","S65E","PHOSPHATE, TOTAL AS P","mg/L",0.099
"10/14/1991","S65E","PHOSPHATE, TOTAL AS P","mg/L",0.092
"10/16/1991","S65E","PHOSPHATE, TOTAL AS P","mg/L",0.115
"10/18/1991","S65E","PHOSPHATE, TOTAL AS P","mg/L",0.103
"10/20/1991","S65E","PHOSPHATE, TOTAL AS P","mg/L",0.092
"10/21/1991","S65E","PHOSPHATE, TOTAL AS P","mg/L",0.0545
"10/22/1991","S65E","PHOSPHATE, TOTAL AS P","mg/L",0.058
"10/24/1991","S65E","PHOSPHATE, TOTAL AS P","mg/L",0.057
"10/26/1991","S65E","PHOSPHATE, TOTAL AS P","mg/L",0.059
"10/28/1991","S65E","PHOSPHATE, TOTAL AS P","mg/L",0.063
"10/29/1991","S65E","PHOSPHATE, TOTAL AS P","mg/L",0.085
"11/01/1991","S65E","PHOSPHATE, TOTAL AS P","mg/L",0.08
"11/03/1991","S65E","PHOSPHATE, TOTAL AS P","mg/L",0.08
"11/04/1991","S65E","PHOSPHATE, TOTAL AS P","mg/L",0.057
"11/06/1991","S65E","PHOSPHATE, TOTAL AS P","mg/L",0.056
"11/08/1991","S65E","PHOSPHATE, TOTAL AS P","mg/L",0.081
"11/10/1991","S65E","PHOSPHATE, TOTAL AS P","mg/L",0.121
"11/18/1991","S65E","PHOSPHATE, TOTAL AS P","mg/L",0.1135
"11/20/1991","S65E","PHOSPHATE, TOTAL AS P","mg/L",0.097
"11/22/1991","S65E","PHOSPHATE, TOTAL AS P","mg/L",0.053
"11/24/1991","S65E","PHOSPHATE, TOTAL AS P","mg/L",0.066
"11/25/1991","S65E","PHOSPHATE, TOTAL AS P","mg/L",0.062
"12/02/1991","S65E","PHOSPHATE, TOTAL AS P","mg/L",0.061
"12/04/1991","S65E","PHOSPHATE, TOTAL AS P","mg/L",0.188
"12/06/1991","S65E","PHOSPHATE, TOTAL AS P","mg/L",0.087
"12/08/1991","S65E","PHOSPHATE, TOTAL AS P","mg/L",0.169
"12/09/1991","S65E","PHOSPHATE, TOTAL AS P","mg/L",0.053
"12/11/1991","S65E","PHOSPHATE, TOTAL AS P","mg/L",0.07
"12/13/1991","S65E","PHOSPHATE, TOTAL AS P","mg/L",0.043
"12/15/1991","S65E","PHOSPHATE, TOTAL AS P","mg/L",0.037
"12/16/1991","S65E","PHOSPHATE, TOTAL AS P","mg/L",0.0575
"12/18/1991","S65E","PHOSPHATE, TOTAL AS P","mg/L",0.065
"12/20/1991","S65E","PHOSPHATE, TOTAL AS P","mg/L",0.066
"12/22/1991","S65E","PHOSPHATE, TOTAL AS P","mg/L",0.057
"12/23/1991","S65E","PHOSPHATE, TOTAL AS P","mg/L",0.054
"12/25/1991","S65E","PHOSPHATE, TOTAL AS P","mg/L",0.021
"12/27/1991","S65E","PHOSPHATE, TOTAL AS P","mg/L",0.024
"12/29/1991","S65E","PHOSPHATE, TOTAL AS P","mg/L",0.027
"12/30/1991","S65E","PHOSPHATE, TOTAL AS P","mg/L",0.0525
"01/01/1992","S65E","PHOSPHATE, TOTAL AS P","mg/L",0.082
"01/03/1992","S65E","PHOSPHATE, TOTAL AS P","mg/L",0.049
"01/05/1992","S65E","PHOSPHATE, TOTAL AS P","mg/L",0.052
"01/06/1992","S65E","PHOSPHATE, TOTAL AS P","mg/L",0.058
"01/08/1992","S65E","PHOSPHATE, TOTAL AS P","mg/L",0.06
"01/10/1992","S65E","PHOSPHATE, TOTAL AS P","mg/L",0.047
"01/12/1992","S65E","PHOSPHATE, TOTAL AS P","mg/L",0.047
"01/13/1992","S65E","PHOSPHATE, TOTAL AS P","mg/L",0.123
"01/21/1992","S65E","PHOSPHATE, TOTAL AS P","mg/L",0.057
"01/23/1992","S65E","PHOSPHATE, TOTAL AS P","mg/L",0.079
"01/25/1992","S65E","PHOSPHATE, TOTAL AS P","mg/L",0.076
"01/27/1992","S65E","PHOSPHATE, TOTAL AS P","mg/L",0.0543333333333333
"01/29/1992","S65E","PHOSPHATE, TOTAL AS P","mg/L",0.055
"01/31/1992","S65E","PHOSPHATE, TOTAL AS P","mg/L",0.041
"02/02/1992","S65E","PHOSPHATE, TOTAL AS P","mg/L",0.057
"02/03/1992","S65E","PHOSPHATE, TOTAL AS P","mg/L",0.047
"02/05/1992","S65E","PHOSPHATE, TOTAL AS P","mg/L",0.037
"02/07/1992","S65E","PHOSPHATE, TOTAL AS P","mg/L",0.041
"02/09/1992","S65E","PHOSPHATE, TOTAL AS P","mg/L",0.043
"02/10/1992","S65E","PHOSPHATE, TOTAL AS P","mg/L",0.046
"02/11/1992","S65E","PHOSPHATE, TOTAL AS P","mg/L",0.047
"02/12/1992","S65E","PHOSPHATE, TOTAL AS P","mg/L",0.04
"02/14/1992","S65E","PHOSPHATE, TOTAL AS P","mg/L",0.049
"02/16/1992","S65E","PHOSPHATE, TOTAL AS P","mg/L",0.035
"02/19/1992","S65E","PHOSPHATE, TOTAL AS P","mg/L",0.042
"02/20/1992","S65E","PHOSPHATE, TOTAL AS P","mg/L",0.055
"02/22/1992","S65E","PHOSPHATE, TOTAL AS P","mg/L",0.053
"02/24/1992","S65E","PHOSPHATE, TOTAL AS P","mg/L",0.043
"02/26/1992","S65E","PHOSPHATE, TOTAL AS P","mg/L",0.055
"02/27/1992","S65E","PHOSPHATE, TOTAL AS P","mg/L",0.049
"02/28/1992","S65E","PHOSPHATE, TOTAL AS P","mg/L",0.067
"03/01/1992","S65E","PHOSPHATE, TOTAL AS P","mg/L",0.058
"03/02/1992","S65E","PHOSPHATE, TOTAL AS P","mg/L",0.037
"03/03/1992","S65E","PHOSPHATE, TOTAL AS P","mg/L",0.068
"03/06/1992","S65E","PHOSPHATE, TOTAL AS P","mg/L",0.053
"03/07/1992","S65E","PHOSPHATE, TOTAL AS P","mg/L",0.049
"03/09/1992","S65E","PHOSPHATE, TOTAL AS P","mg/L",0.035
"03/11/1992","S65E","PHOSPHATE, TOTAL AS P","mg/L",0.111
"03/13/1992","S65E","PHOSPHATE, TOTAL AS P","mg/L",0.037
"03/15/1992","S65E","PHOSPHATE, TOTAL AS P","mg/L",0.039
"03/16/1992","S65E","PHOSPHATE, TOTAL AS P","mg/L",0.041
"03/18/1992","S65E","PHOSPHATE, TOTAL AS P","mg/L",0.037
"03/20/1992","S65E","PHOSPHATE, TOTAL AS P","mg/L",0.038
"03/22/1992","S65E","PHOSPHATE, TOTAL AS P","mg/L",0.042
"03/23/1992","S65E","PHOSPHATE, TOTAL AS P","mg/L",0.043
"03/25/1992","S65E","PHOSPHATE, TOTAL AS P","mg/L",0.033
"03/26/1992","S65E","PHOSPHATE, TOTAL AS P","mg/L",0.044
"03/27/1992","S65E","PHOSPHATE, TOTAL AS P","mg/L",0.045
"03/29/1992","S65E","PHOSPHATE, TOTAL AS P","mg/L",0.043
"03/30/1992","S65E","PHOSPHATE, TOTAL AS P","mg/L",0.035
"04/01/1992","S65E","PHOSPHATE, TOTAL AS P","mg/L",0.039
"04/03/1992","S65E","PHOSPHATE, TOTAL AS P","mg/L",0.067
"04/05/1992","S65E","PHOSPHATE, TOTAL AS P","mg/L",0.057
"04/06/1992","S65E","PHOSPHATE, TOTAL AS P","mg/L",0.051
"04/07/1992","S65E","PHOSPHATE, TOTAL AS P","mg/L",0.037
"04/08/1992","S65E","PHOSPHATE, TOTAL AS P","mg/L",0.14
"04/10/1992","S65E","PHOSPHATE, TOTAL AS P","mg/L",0.141
"04/12/1992","S65E","PHOSPHATE, TOTAL AS P","mg/L",0.157
"04/13/1992","S65E","PHOSPHATE, TOTAL AS P","mg/L",0.038
"04/15/1992","S65E","PHOSPHATE, TOTAL AS P","mg/L",0.06
"04/17/1992","S65E","PHOSPHATE, TOTAL AS P","mg/L",0.052
"04/19/1992","S65E","PHOSPHATE, TOTAL AS P","mg/L",0.055
"04/20/1992","S65E","PHOSPHATE, TOTAL AS P","mg/L",0.056
"04/21/1992","S65E","PHOSPHATE, TOTAL AS P","mg/L",0.039
"04/22/1992","S65E","PHOSPHATE, TOTAL AS P","mg/L",0.059
"04/24/1992","S65E","PHOSPHATE, TOTAL AS P","mg/L",0.054
"04/26/1992","S65E","PHOSPHATE, TOTAL AS P","mg/L",0.055
"04/27/1992","S65E","PHOSPHATE, TOTAL AS P","mg/L",0.035
"04/29/1992","S65E","PHOSPHATE, TOTAL AS P","mg/L",0.084
"05/01/1992","S65E","PHOSPHATE, TOTAL AS P","mg/L",0.065
"05/03/1992","S65E","PHOSPHATE, TOTAL AS P","mg/L",0.071
"05/04/1992","S65E","PHOSPHATE, TOTAL AS P","mg/L",0.035
"05/05/1992","S65E","PHOSPHATE, TOTAL AS P","mg/L",0.043
"05/06/1992","S65E","PHOSPHATE, TOTAL AS P","mg/L",0.073
"05/08/1992","S65E","PHOSPHATE, TOTAL AS P","mg/L",0.061
"05/10/1992","S65E","PHOSPHATE, TOTAL AS P","mg/L",0.091
"05/11/1992","S65E","PHOSPHATE, TOTAL AS P","mg/L",0.046
"05/18/1992","S65E","PHOSPHATE, TOTAL AS P","mg/L",0.047
"05/19/1992","S65E","PHOSPHATE, TOTAL AS P","mg/L",0.04
"05/20/1992","S65E","PHOSPHATE, TOTAL AS P","mg/L",0.066
"05/22/1992","S65E","PHOSPHATE, TOTAL AS P","mg/L",0.069
"05/24/1992","S65E","PHOSPHATE, TOTAL AS P","mg/L",0.089
"05/26/1992","S65E","PHOSPHATE, TOTAL AS P","mg/L",0.043
"05/28/1992","S65E","PHOSPHATE, TOTAL AS P","mg/L",0.064
"05/30/1992","S65E","PHOSPHATE, TOTAL AS P","mg/L",0.05
"06/01/1992","S65E","PHOSPHATE, TOTAL AS P","mg/L",0.1545
"06/02/1992","S65E","PHOSPHATE, TOTAL AS P","mg/L",0.137
"06/03/1992","S65E","PHOSPHATE, TOTAL AS P","mg/L",0.05
"06/05/1992","S65E","PHOSPHATE, TOTAL AS P","mg/L",0.06
"06/07/1992","S65E","PHOSPHATE, TOTAL AS P","mg/L",0.043
"06/08/1992","S65E","PHOSPHATE, TOTAL AS P","mg/L",0.028
"06/10/1992","S65E","PHOSPHATE, TOTAL AS P","mg/L",0.047
"06/12/1992","S65E","PHOSPHATE, TOTAL AS P","mg/L",0.046
"06/14/1992","S65E","PHOSPHATE, TOTAL AS P","mg/L",0.044
"06/15/1992","S65E","PHOSPHATE, TOTAL AS P","mg/L",0.041
"06/16/1992","S65E","PHOSPHATE, TOTAL AS P","mg/L",0.041
"06/17/1992","S65E","PHOSPHATE, TOTAL AS P","mg/L",0.05
"06/19/1992","S65E","PHOSPHATE, TOTAL AS P","mg/L",0.063
"06/21/1992","S65E","PHOSPHATE, TOTAL AS P","mg/L",0.062
"06/22/1992","S65E","PHOSPHATE, TOTAL AS P","mg/L",0.055
"06/24/1992","S65E","PHOSPHATE, TOTAL AS P","mg/L",0.076
"06/26/1992","S65E","PHOSPHATE, TOTAL AS P","mg/L",0.076
"06/28/1992","S65E","PHOSPHATE, TOTAL AS P","mg/L",0.083
"06/29/1992","S65E","PHOSPHATE, TOTAL AS P","mg/L",0.136
"06/30/1992","S65E","PHOSPHATE, TOTAL AS P","mg/L",0.103
"07/01/1992","S65E","PHOSPHATE, TOTAL AS P","mg/L",0.15
"07/02/1992","S65E","PHOSPHATE, TOTAL AS P","mg/L",0.167
"07/03/1992","S65E","PHOSPHATE, TOTAL AS P","mg/L",0.185
"07/04/1992","S65E","PHOSPHATE, TOTAL AS P","mg/L",0.258
"07/05/1992","S65E","PHOSPHATE, TOTAL AS P","mg/L",0.207
"07/06/1992","S65E","PHOSPHATE, TOTAL AS P","mg/L",0.2665
"07/08/1992","S65E","PHOSPHATE, TOTAL AS P","mg/L",0.167
"07/10/1992","S65E","PHOSPHATE, TOTAL AS P","mg/L",0.227
"07/13/1992","S65E","PHOSPHATE, TOTAL AS P","mg/L",0.348
"07/14/1992","S65E","PHOSPHATE, TOTAL AS P","mg/L",0.209
"07/15/1992","S65E","PHOSPHATE, TOTAL AS P","mg/L",0.269
"07/17/1992","S65E","PHOSPHATE, TOTAL AS P","mg/L",0.209
"07/19/1992","S65E","PHOSPHATE, TOTAL AS P","mg/L",0.18
"07/21/1992","S65E","PHOSPHATE, TOTAL AS P","mg/L",0.177
"07/22/1992","S65E","PHOSPHATE, TOTAL AS P","mg/L",0.158
"07/24/1992","S65E","PHOSPHATE, TOTAL AS P","mg/L",0.155
"07/26/1992","S65E","PHOSPHATE, TOTAL AS P","mg/L",0.142
"07/27/1992","S65E","PHOSPHATE, TOTAL AS P","mg/L",0.159
"07/28/1992","S65E","PHOSPHATE, TOTAL AS P","mg/L",0.123
"07/29/1992","S65E","PHOSPHATE, TOTAL AS P","mg/L",0.139
"07/31/1992","S65E","PHOSPHATE, TOTAL AS P","mg/L",0.106
"08/02/1992","S65E","PHOSPHATE, TOTAL AS P","mg/L",0.112
"08/03/1992","S65E","PHOSPHATE, TOTAL AS P","mg/L",0.148
"08/11/1992","S65E","PHOSPHATE, TOTAL AS P","mg/L",0.136
"08/13/1992","S65E","PHOSPHATE, TOTAL AS P","mg/L",0.133
"08/15/1992","S65E","PHOSPHATE, TOTAL AS P","mg/L",0.116
"08/17/1992","S65E","PHOSPHATE, TOTAL AS P","mg/L",0.112
"08/19/1992","S65E","PHOSPHATE, TOTAL AS P","mg/L",0.114
"08/21/1992","S65E","PHOSPHATE, TOTAL AS P","mg/L",0.102
"08/23/1992","S65E","PHOSPHATE, TOTAL AS P","mg/L",0.088
"08/25/1992","S65E","PHOSPHATE, TOTAL AS P","mg/L",0.102
"08/26/1992","S65E","PHOSPHATE, TOTAL AS P","mg/L",0.066
"08/27/1992","S65E","PHOSPHATE, TOTAL AS P","mg/L",0.064
"08/29/1992","S65E","PHOSPHATE, TOTAL AS P","mg/L",0.12
"08/31/1992","S65E","PHOSPHATE, TOTAL AS P","mg/L",0.0685
"09/02/1992","S65E","PHOSPHATE, TOTAL AS P","mg/L",0.092
"09/04/1992","S65E","PHOSPHATE, TOTAL AS P","mg/L",0.082
"09/06/1992","S65E","PHOSPHATE, TOTAL AS P","mg/L",0.075
"09/08/1992","S65E","PHOSPHATE, TOTAL AS P","mg/L",0.065
"09/10/1992","S65E","PHOSPHATE, TOTAL AS P","mg/L",0.0495
"09/12/1992","S65E","PHOSPHATE, TOTAL AS P","mg/L",0.1
"09/14/1992","S65E","PHOSPHATE, TOTAL AS P","mg/L",0.077
"09/15/1992","S65E","PHOSPHATE, TOTAL AS P","mg/L",0.106
"09/17/1992","S65E","PHOSPHATE, TOTAL AS P","mg/L",0.132
"09/19/1992","S65E","PHOSPHATE, TOTAL AS P","mg/L",0.119
"09/21/1992","S65E","PHOSPHATE, TOTAL AS P","mg/L",0.095
"09/22/1992","S65E","PHOSPHATE, TOTAL AS P","mg/L",0.097
"09/23/1992","S65E","PHOSPHATE, TOTAL AS P","mg/L",0.131
"09/25/1992","S65E","PHOSPHATE, TOTAL AS P","mg/L",0.104
"09/27/1992","S65E","PHOSPHATE, TOTAL AS P","mg/L",0.115
"09/28/1992","S65E","PHOSPHATE, TOTAL AS P","mg/L",0.098
"10/06/1992","S65E","PHOSPHATE, TOTAL AS P","mg/L",0.130714285714286
"10/09/1992","S65E","PHOSPHATE, TOTAL AS P","mg/L",0.082
"10/11/1992","S65E","PHOSPHATE, TOTAL AS P","mg/L",0.064
"10/13/1992","S65E","PHOSPHATE, TOTAL AS P","mg/L",0.066
"10/15/1992","S65E","PHOSPHATE, TOTAL AS P","mg/L",0.078
"10/17/1992","S65E","PHOSPHATE, TOTAL AS P","mg/L",0.071
"10/19/1992","S65E","PHOSPHATE, TOTAL AS P","mg/L",0.234
"10/20/1992","S65E","PHOSPHATE, TOTAL AS P","mg/L",0.118857142857143
"10/22/1992","S65E","PHOSPHATE, TOTAL AS P","mg/L",0.06
"10/24/1992","S65E","PHOSPHATE, TOTAL AS P","mg/L",0.049
"10/26/1992","S65E","PHOSPHATE, TOTAL AS P","mg/L",0.051
"10/27/1992","S65E","PHOSPHATE, TOTAL AS P","mg/L",0.058
"10/29/1992","S65E","PHOSPHATE, TOTAL AS P","mg/L",0.049
"10/31/1992","S65E","PHOSPHATE, TOTAL AS P","mg/L",0.048
"11/02/1992","S65E","PHOSPHATE, TOTAL AS P","mg/L",0.051
"11/03/1992","S65E","PHOSPHATE, TOTAL AS P","mg/L",0.111857142857143
"11/04/1992","S65E","PHOSPHATE, TOTAL AS P","mg/L",0.059
"11/05/1992","S65E","PHOSPHATE, TOTAL AS P","mg/L",0.072
"11/06/1992","S65E","PHOSPHATE, TOTAL AS P","mg/L",0.056
"11/10/1992","S65E","PHOSPHATE, TOTAL AS P","mg/L",0.063
"11/13/1992","S65E","PHOSPHATE, TOTAL AS P","mg/L",0.047
"11/15/1992","S65E","PHOSPHATE, TOTAL AS P","mg/L",0.041
"11/17/1992","S65E","PHOSPHATE, TOTAL AS P","mg/L",0.054
"11/18/1992","S65E","PHOSPHATE, TOTAL AS P","mg/L",0.059
"11/19/1992","S65E","PHOSPHATE, TOTAL AS P","mg/L",0.052
"11/20/1992","S65E","PHOSPHATE, TOTAL AS P","mg/L",0.056
"11/21/1992","S65E","PHOSPHATE, TOTAL AS P","mg/L",0.065
"11/22/1992","S65E","PHOSPHATE, TOTAL AS P","mg/L",0.062
"11/23/1992","S65E","PHOSPHATE, TOTAL AS P","mg/L",0.063
"11/24/1992","S65E","PHOSPHATE, TOTAL AS P","mg/L",0.066
"11/25/1992","S65E","PHOSPHATE, TOTAL AS P","mg/L",0.056
"11/26/1992","S65E","PHOSPHATE, TOTAL AS P","mg/L",0.057
"11/27/1992","S65E","PHOSPHATE, TOTAL AS P","mg/L",0.051
"11/28/1992","S65E","PHOSPHATE, TOTAL AS P","mg/L",0.053
"11/29/1992","S65E","PHOSPHATE, TOTAL AS P","mg/L",0.046
"11/30/1992","S65E","PHOSPHATE, TOTAL AS P","mg/L",0.043
"12/01/1992","S65E","PHOSPHATE, TOTAL AS P","mg/L",0.044
"12/02/1992","S65E","PHOSPHATE, TOTAL AS P","mg/L",0.042
"12/03/1992","S65E","PHOSPHATE, TOTAL AS P","mg/L",0.105
"12/04/1992","S65E","PHOSPHATE, TOTAL AS P","mg/L",0.042
"12/05/1992","S65E","PHOSPHATE, TOTAL AS P","mg/L",0.037
"12/06/1992","S65E","PHOSPHATE, TOTAL AS P","mg/L",0.037
"12/07/1992","S65E","PHOSPHATE, TOTAL AS P","mg/L",0.036
"12/08/1992","S65E","PHOSPHATE, TOTAL AS P","mg/L",0.0375
"12/09/1992","S65E","PHOSPHATE, TOTAL AS P","mg/L",0.03
"12/10/1992","S65E","PHOSPHATE, TOTAL AS P","mg/L",0.032
"12/11/1992","S65E","PHOSPHATE, TOTAL AS P","mg/L",0.026
"12/12/1992","S65E","PHOSPHATE, TOTAL AS P","mg/L",0.02
"12/13/1992","S65E","PHOSPHATE, TOTAL AS P","mg/L",0.025
"12/14/1992","S65E","PHOSPHATE, TOTAL AS P","mg/L",0.027
"12/15/1992","S65E","PHOSPHATE, TOTAL AS P","mg/L",0.0373333333333333
"12/22/1992","S65E","PHOSPHATE, TOTAL AS P","mg/L",0.028
"12/23/1992","S65E","PHOSPHATE, TOTAL AS P","mg/L",0.11
"12/24/1992","S65E","PHOSPHATE, TOTAL AS P","mg/L",0.051
"12/25/1992","S65E","PHOSPHATE, TOTAL AS P","mg/L",0.044
"12/26/1992","S65E","PHOSPHATE, TOTAL AS P","mg/L",0.032
"12/27/1992","S65E","PHOSPHATE, TOTAL AS P","mg/L",0.031
"12/28/1992","S65E","PHOSPHATE, TOTAL AS P","mg/L",0.03
"12/29/1992","S65E","PHOSPHATE, TOTAL AS P","mg/L",0.028
"12/30/1992","S65E","PHOSPHATE, TOTAL AS P","mg/L",0.029
"12/31/1992","S65E","PHOSPHATE, TOTAL AS P","mg/L",0.042
"01/01/1993","S65E","PHOSPHATE, TOTAL AS P","mg/L",0.021
"01/02/1993","S65E","PHOSPHATE, TOTAL AS P","mg/L",0.037
"01/03/1993","S65E","PHOSPHATE, TOTAL AS P","mg/L",0.022
"01/04/1993","S65E","PHOSPHATE, TOTAL AS P","mg/L",0.053
"01/05/1993","S65E","PHOSPHATE, TOTAL AS P","mg/L",0.023
"01/06/1993","S65E","PHOSPHATE, TOTAL AS P","mg/L",0.0315
"01/08/1993","S65E","PHOSPHATE, TOTAL AS P","mg/L",0.039
"01/10/1993","S65E","PHOSPHATE, TOTAL AS P","mg/L",0.039
"01/11/1993","S65E","PHOSPHATE, TOTAL AS P","mg/L",0.0225
"01/12/1993","S65E","PHOSPHATE, TOTAL AS P","mg/L",0.039
"01/13/1993","S65E","PHOSPHATE, TOTAL AS P","mg/L",0.037
"01/14/1993","S65E","PHOSPHATE, TOTAL AS P","mg/L",0.047
"01/15/1993","S65E","PHOSPHATE, TOTAL AS P","mg/L",0.047
"01/16/1993","S65E","PHOSPHATE, TOTAL AS P","mg/L",0.043
"01/17/1993","S65E","PHOSPHATE, TOTAL AS P","mg/L",0.056
"01/18/1993","S65E","PHOSPHATE, TOTAL AS P","mg/L",0.056
"01/19/1993","S65E","PHOSPHATE, TOTAL AS P","mg/L",0.062
"01/20/1993","S65E","PHOSPHATE, TOTAL AS P","mg/L",0.067
"01/21/1993","S65E","PHOSPHATE, TOTAL AS P","mg/L",0.048
"01/22/1993","S65E","PHOSPHATE, TOTAL AS P","mg/L",0.052
"01/23/1993","S65E","PHOSPHATE, TOTAL AS P","mg/L",0.045
"01/24/1993","S65E","PHOSPHATE, TOTAL AS P","mg/L",0.036
"01/25/1993","S65E","PHOSPHATE, TOTAL AS P","mg/L",0.053
"01/27/1993","S65E","PHOSPHATE, TOTAL AS P","mg/L",0.0385
"01/28/1993","S65E","PHOSPHATE, TOTAL AS P","mg/L",0.066
"01/29/1993","S65E","PHOSPHATE, TOTAL AS P","mg/L",0.051
"01/30/1993","S65E","PHOSPHATE, TOTAL AS P","mg/L",0.057
"01/31/1993","S65E","PHOSPHATE, TOTAL AS P","mg/L",0.039
"02/01/1993","S65E","PHOSPHATE, TOTAL AS P","mg/L",0.037
"02/02/1993","S65E","PHOSPHATE, TOTAL AS P","mg/L",0.026
"02/03/1993","S65E","PHOSPHATE, TOTAL AS P","mg/L",0.038
"02/08/1993","S65E","PHOSPHATE, TOTAL AS P","mg/L",0.042
"02/10/1993","S65E","PHOSPHATE, TOTAL AS P","mg/L",0.029
"02/18/1993","S65E","PHOSPHATE, TOTAL AS P","mg/L",0.100916666666667
"02/19/1993","S65E","PHOSPHATE, TOTAL AS P","mg/L",0.048
"02/20/1993","S65E","PHOSPHATE, TOTAL AS P","mg/L",0.043
"02/21/1993","S65E","PHOSPHATE, TOTAL AS P","mg/L",0.048
"02/22/1993","S65E","PHOSPHATE, TOTAL AS P","mg/L",0.039
"02/23/1993","S65E","PHOSPHATE, TOTAL AS P","mg/L",0.0425
"02/24/1993","S65E","PHOSPHATE, TOTAL AS P","mg/L",0.0475
"03/03/1993","S65E","PHOSPHATE, TOTAL AS P","mg/L",0.0975714285714286
"03/04/1993","S65E","PHOSPHATE, TOTAL AS P","mg/L",0.04
"03/05/1993","S65E","PHOSPHATE, TOTAL AS P","mg/L",0.049
"03/06/1993","S65E","PHOSPHATE, TOTAL AS P","mg/L",0.046
"03/07/1993","S65E","PHOSPHATE, TOTAL AS P","mg/L",0.033
"03/08/1993","S65E","PHOSPHATE, TOTAL AS P","mg/L",0.0881428571428571
"03/09/1993","S65E","PHOSPHATE, TOTAL AS P","mg/L",0.035
"03/10/1993","S65E","PHOSPHATE, TOTAL AS P","mg/L",0.056
"03/17/1993","S65E","PHOSPHATE, TOTAL AS P","mg/L",0.092
"03/23/1993","S65E","PHOSPHATE, TOTAL AS P","mg/L",0.15425
"03/25/1993","S65E","PHOSPHATE, TOTAL AS P","mg/L",0.162142857142857
"03/26/1993","S65E","PHOSPHATE, TOTAL AS P","mg/L",0.115
"03/27/1993","S65E","PHOSPHATE, TOTAL AS P","mg/L",0.109
"03/28/1993","S65E","PHOSPHATE, TOTAL AS P","mg/L",0.161
"03/29/1993","S65E","PHOSPHATE, TOTAL AS P","mg/L",0.097
"03/30/1993","S65E","PHOSPHATE, TOTAL AS P","mg/L",0.103
"04/06/1993","S65E","PHOSPHATE, TOTAL AS P","mg/L",0.132
"04/07/1993","S65E","PHOSPHATE, TOTAL AS P","mg/L",0.069
"04/08/1993","S65E","PHOSPHATE, TOTAL AS P","mg/L",0.049
"04/09/1993","S65E","PHOSPHATE, TOTAL AS P","mg/L",0.049
"04/10/1993","S65E","PHOSPHATE, TOTAL AS P","mg/L",0.041
"04/11/1993","S65E","PHOSPHATE, TOTAL AS P","mg/L",0.041
"04/12/1993","S65E","PHOSPHATE, TOTAL AS P","mg/L",0.038
"04/14/1993","S65E","PHOSPHATE, TOTAL AS P","mg/L",0.045
"04/15/1993","S65E","PHOSPHATE, TOTAL AS P","mg/L",0.047
"04/16/1993","S65E","PHOSPHATE, TOTAL AS P","mg/L",0.033
"04/17/1993","S65E","PHOSPHATE, TOTAL AS P","mg/L",0.031
"04/18/1993","S65E","PHOSPHATE, TOTAL AS P","mg/L",0.036
"04/19/1993","S65E","PHOSPHATE, TOTAL AS P","mg/L",0.034
"04/20/1993","S65E","PHOSPHATE, TOTAL AS P","mg/L",0.037
"04/21/1993","S65E","PHOSPHATE, TOTAL AS P","mg/L",0.039
"04/22/1993","S65E","PHOSPHATE, TOTAL AS P","mg/L",0.039
"04/23/1993","S65E","PHOSPHATE, TOTAL AS P","mg/L",0.04
"04/24/1993","S65E","PHOSPHATE, TOTAL AS P","mg/L",0.042
"04/25/1993","S65E","PHOSPHATE, TOTAL AS P","mg/L",0.044
"04/26/1993","S65E","PHOSPHATE, TOTAL AS P","mg/L",0.034
"05/04/1993","S65E","PHOSPHATE, TOTAL AS P","mg/L",0.0853571428571429
"05/05/1993","S65E","PHOSPHATE, TOTAL AS P","mg/L",0.051
"05/06/1993","S65E","PHOSPHATE, TOTAL AS P","mg/L",0.046
"05/07/1993","S65E","PHOSPHATE, TOTAL AS P","mg/L",0.042
"05/08/1993","S65E","PHOSPHATE, TOTAL AS P","mg/L",0.029
"05/09/1993","S65E","PHOSPHATE, TOTAL AS P","mg/L",0.033
"05/10/1993","S65E","PHOSPHATE, TOTAL AS P","mg/L",0.047
"05/18/1993","S65E","PHOSPHATE, TOTAL AS P","mg/L",0.102714285714286
"05/20/1993","S65E","PHOSPHATE, TOTAL AS P","mg/L",0.053
"05/25/1993","S65E","PHOSPHATE, TOTAL AS P","mg/L",0.1175
"06/01/1993","S65E","PHOSPHATE, TOTAL AS P","mg/L",0.053
"06/02/1993","S65E","PHOSPHATE, TOTAL AS P","mg/L",0.118666666666667
"06/08/1993","S65E","PHOSPHATE, TOTAL AS P","mg/L",0.1475
"06/10/1993","S65E","PHOSPHATE, TOTAL AS P","mg/L",0.078
"06/12/1993","S65E","PHOSPHATE, TOTAL AS P","mg/L",0.082
"06/13/1993","S65E","PHOSPHATE, TOTAL AS P","mg/L",0.081
"06/14/1993","S65E","PHOSPHATE, TOTAL AS P","mg/L",0.093
"06/15/1993","S65E","PHOSPHATE, TOTAL AS P","mg/L",0.0755
"06/17/1993","S65E","PHOSPHATE, TOTAL AS P","mg/L",0.046
"06/18/1993","S65E","PHOSPHATE, TOTAL AS P","mg/L",0.047
"06/19/1993","S65E","PHOSPHATE, TOTAL AS P","mg/L",0.042
"06/20/1993","S65E","PHOSPHATE, TOTAL AS P","mg/L",0.049
"06/21/1993","S65E","PHOSPHATE, TOTAL AS P","mg/L",0.043
"06/22/1993","S65E","PHOSPHATE, TOTAL AS P","mg/L",0.058
"06/23/1993","S65E","PHOSPHATE, TOTAL AS P","mg/L",0.06
"06/24/1993","S65E","PHOSPHATE, TOTAL AS P","mg/L",0.055
"06/25/1993","S65E","PHOSPHATE, TOTAL AS P","mg/L",0.055
"06/26/1993","S65E","PHOSPHATE, TOTAL AS P","mg/L",0.0635
"06/27/1993","S65E","PHOSPHATE, TOTAL AS P","mg/L",0.063
"06/28/1993","S65E","PHOSPHATE, TOTAL AS P","mg/L",0.051
"06/29/1993","S65E","PHOSPHATE, TOTAL AS P","mg/L",0.065
"06/30/1993","S65E","PHOSPHATE, TOTAL AS P","mg/L",0.044
"07/01/1993","S65E","PHOSPHATE, TOTAL AS P","mg/L",0.039
"07/02/1993","S65E","PHOSPHATE, TOTAL AS P","mg/L",0.047
"07/03/1993","S65E","PHOSPHATE, TOTAL AS P","mg/L",0.05
"07/04/1993","S65E","PHOSPHATE, TOTAL AS P","mg/L",0.042
"07/05/1993","S65E","PHOSPHATE, TOTAL AS P","mg/L",0.056
"07/06/1993","S65E","PHOSPHATE, TOTAL AS P","mg/L",0.061
"07/13/1993","S65E","PHOSPHATE, TOTAL AS P","mg/L",0.085
"07/27/1993","S65E","PHOSPHATE, TOTAL AS P","mg/L",0.094
"08/03/1993","S65E","PHOSPHATE, TOTAL AS P","mg/L",0.0525
"08/04/1993","S65E","PHOSPHATE, TOTAL AS P","mg/L",0.083
"08/05/1993","S65E","PHOSPHATE, TOTAL AS P","mg/L",0.058
"08/06/1993","S65E","PHOSPHATE, TOTAL AS P","mg/L",0.063
"08/07/1993","S65E","PHOSPHATE, TOTAL AS P","mg/L",0.057
"08/08/1993","S65E","PHOSPHATE, TOTAL AS P","mg/L",0.058
"08/09/1993","S65E","PHOSPHATE, TOTAL AS P","mg/L",0.058
"08/10/1993","S65E","PHOSPHATE, TOTAL AS P","mg/L",0.0635
"08/17/1993","S65E","PHOSPHATE, TOTAL AS P","mg/L",0.0408333333333333
"08/19/1993","S65E","PHOSPHATE, TOTAL AS P","mg/L",0.052
"08/21/1993","S65E","PHOSPHATE, TOTAL AS P","mg/L",0.054
"08/23/1993","S65E","PHOSPHATE, TOTAL AS P","mg/L",0.089
"08/24/1993","S65E","PHOSPHATE, TOTAL AS P","mg/L",0.0545
"08/25/1993","S65E","PHOSPHATE, TOTAL AS P","mg/L",0.051
"08/26/1993","S65E","PHOSPHATE, TOTAL AS P","mg/L",0.06
"08/27/1993","S65E","PHOSPHATE, TOTAL AS P","mg/L",0.069
"08/28/1993","S65E","PHOSPHATE, TOTAL AS P","mg/L",0.049
"08/29/1993","S65E","PHOSPHATE, TOTAL AS P","mg/L",0.065
"08/30/1993","S65E","PHOSPHATE, TOTAL AS P","mg/L",0.049
"09/03/1993","S65E","PHOSPHATE, TOTAL AS P","mg/L",0.076
"09/05/1993","S65E","PHOSPHATE, TOTAL AS P","mg/L",0.08
"09/07/1993","S65E","PHOSPHATE, TOTAL AS P","mg/L",0.067
"09/08/1993","S65E","PHOSPHATE, TOTAL AS P","mg/L",0.063
"09/09/1993","S65E","PHOSPHATE, TOTAL AS P","mg/L",0.077
"09/10/1993","S65E","PHOSPHATE, TOTAL AS P","mg/L",0.07
"09/11/1993","S65E","PHOSPHATE, TOTAL AS P","mg/L",0.075
"09/12/1993","S65E","PHOSPHATE, TOTAL AS P","mg/L",0.083
"09/13/1993","S65E","PHOSPHATE, TOTAL AS P","mg/L",0.086
"09/14/1993","S65E","PHOSPHATE, TOTAL AS P","mg/L",0.077
"09/15/1993","S65E","PHOSPHATE, TOTAL AS P","mg/L",0.083
"09/16/1993","S65E","PHOSPHATE, TOTAL AS P","mg/L",0.094
"09/17/1993","S65E","PHOSPHATE, TOTAL AS P","mg/L",0.111
"09/18/1993","S65E","PHOSPHATE, TOTAL AS P","mg/L",0.098
"09/19/1993","S65E","PHOSPHATE, TOTAL AS P","mg/L",0.089
"09/20/1993","S65E","PHOSPHATE, TOTAL AS P","mg/L",0.114
"09/21/1993","S65E","PHOSPHATE, TOTAL AS P","mg/L",0.131
"09/22/1993","S65E","PHOSPHATE, TOTAL AS P","mg/L",0.122
"09/23/1993","S65E","PHOSPHATE, TOTAL AS P","mg/L",0.12
"09/24/1993","S65E","PHOSPHATE, TOTAL AS P","mg/L",0.097
"09/25/1993","S65E","PHOSPHATE, TOTAL AS P","mg/L",0.097
"09/26/1993","S65E","PHOSPHATE, TOTAL AS P","mg/L",0.081
"09/27/1993","S65E","PHOSPHATE, TOTAL AS P","mg/L",0.118
"09/29/1993","S65E","PHOSPHATE, TOTAL AS P","mg/L",0.136
"09/30/1993","S65E","PHOSPHATE, TOTAL AS P","mg/L",0.094
"10/01/1993","S65E","PHOSPHATE, TOTAL AS P","mg/L",0.101
"10/02/1993","S65E","PHOSPHATE, TOTAL AS P","mg/L",0.126
"10/03/1993","S65E","PHOSPHATE, TOTAL AS P","mg/L",0.12
"10/04/1993","S65E","PHOSPHATE, TOTAL AS P","mg/L",0.116
"10/05/1993","S65E","PHOSPHATE, TOTAL AS P","mg/L",0.153
"10/06/1993","S65E","PHOSPHATE, TOTAL AS P","mg/L",0.112
"10/07/1993","S65E","PHOSPHATE, TOTAL AS P","mg/L",0.115
"10/08/1993","S65E","PHOSPHATE, TOTAL AS P","mg/L",0.126
"10/09/1993","S65E","PHOSPHATE, TOTAL AS P","mg/L",0.121
"10/10/1993","S65E","PHOSPHATE, TOTAL AS P","mg/L",0.119
"10/11/1993","S65E","PHOSPHATE, TOTAL AS P","mg/L",0.127
"10/13/1993","S65E","PHOSPHATE, TOTAL AS P","mg/L",0.117
"10/14/1993","S65E","PHOSPHATE, TOTAL AS P","mg/L",0.117
"10/15/1993","S65E","PHOSPHATE, TOTAL AS P","mg/L",0.14
"10/16/1993","S65E","PHOSPHATE, TOTAL AS P","mg/L",0.169
"10/17/1993","S65E","PHOSPHATE, TOTAL AS P","mg/L",0.21
"10/18/1993","S65E","PHOSPHATE, TOTAL AS P","mg/L",0.171
"10/19/1993","S65E","PHOSPHATE, TOTAL AS P","mg/L",0.189
"10/20/1993","S65E","PHOSPHATE, TOTAL AS P","mg/L",0.133
"10/21/1993","S65E","PHOSPHATE, TOTAL AS P","mg/L",0.135
"10/22/1993","S65E","PHOSPHATE, TOTAL AS P","mg/L",0.131
"10/23/1993","S65E","PHOSPHATE, TOTAL AS P","mg/L",0.125
"10/24/1993","S65E","PHOSPHATE, TOTAL AS P","mg/L",0.118
"10/25/1993","S65E","PHOSPHATE, TOTAL AS P","mg/L",0.124
"10/27/1993","S65E","PHOSPHATE, TOTAL AS P","mg/L",0.134
"10/28/1993","S65E","PHOSPHATE, TOTAL AS P","mg/L",0.145
"10/29/1993","S65E","PHOSPHATE, TOTAL AS P","mg/L",0.144
"10/30/1993","S65E","PHOSPHATE, TOTAL AS P","mg/L",0.15
"10/31/1993","S65E","PHOSPHATE, TOTAL AS P","mg/L",0.189
"11/01/1993","S65E","PHOSPHATE, TOTAL AS P","mg/L",0.207
"11/02/1993","S65E","PHOSPHATE, TOTAL AS P","mg/L",0.279
"11/03/1993","S65E","PHOSPHATE, TOTAL AS P","mg/L",0.201
"11/04/1993","S65E","PHOSPHATE, TOTAL AS P","mg/L",0.191
"11/05/1993","S65E","PHOSPHATE, TOTAL AS P","mg/L",0.211
"11/06/1993","S65E","PHOSPHATE, TOTAL AS P","mg/L",0.204
"11/07/1993","S65E","PHOSPHATE, TOTAL AS P","mg/L",0.209
"11/08/1993","S65E","PHOSPHATE, TOTAL AS P","mg/L",0.19
"11/10/1993","S65E","PHOSPHATE, TOTAL AS P","mg/L",0.211
"11/11/1993","S65E","PHOSPHATE, TOTAL AS P","mg/L",0.21
"11/12/1993","S65E","PHOSPHATE, TOTAL AS P","mg/L",0.199
"11/13/1993","S65E","PHOSPHATE, TOTAL AS P","mg/L",0.203
"11/14/1993","S65E","PHOSPHATE, TOTAL AS P","mg/L",0.196
"11/15/1993","S65E","PHOSPHATE, TOTAL AS P","mg/L",0.181
"11/16/1993","S65E","PHOSPHATE, TOTAL AS P","mg/L",0.198
"11/17/1993","S65E","PHOSPHATE, TOTAL AS P","mg/L",0.173
"11/18/1993","S65E","PHOSPHATE, TOTAL AS P","mg/L",0.181
"11/19/1993","S65E","PHOSPHATE, TOTAL AS P","mg/L",0.188
"11/20/1993","S65E","PHOSPHATE, TOTAL AS P","mg/L",0.167
"11/21/1993","S65E","PHOSPHATE, TOTAL AS P","mg/L",0.166
"11/22/1993","S65E","PHOSPHATE, TOTAL AS P","mg/L",0.164
"11/24/1993","S65E","PHOSPHATE, TOTAL AS P","mg/L",0.345
"11/25/1993","S65E","PHOSPHATE, TOTAL AS P","mg/L",0.361
"11/26/1993","S65E","PHOSPHATE, TOTAL AS P","mg/L",0.35
"11/27/1993","S65E","PHOSPHATE, TOTAL AS P","mg/L",0.338
"11/28/1993","S65E","PHOSPHATE, TOTAL AS P","mg/L",0.325
"11/29/1993","S65E","PHOSPHATE, TOTAL AS P","mg/L",0.335
"12/01/1993","S65E","PHOSPHATE, TOTAL AS P","mg/L",0.128
"12/02/1993","S65E","PHOSPHATE, TOTAL AS P","mg/L",0.171
"12/03/1993","S65E","PHOSPHATE, TOTAL AS P","mg/L",0.166
"12/04/1993","S65E","PHOSPHATE, TOTAL AS P","mg/L",0.215
"12/05/1993","S65E","PHOSPHATE, TOTAL AS P","mg/L",0.217
"12/08/1993","S65E","PHOSPHATE, TOTAL AS P","mg/L",0.156
"12/09/1993","S65E","PHOSPHATE, TOTAL AS P","mg/L",0.149
"12/10/1993","S65E","PHOSPHATE, TOTAL AS P","mg/L",0.142
"12/11/1993","S65E","PHOSPHATE, TOTAL AS P","mg/L",0.143
"12/12/1993","S65E","PHOSPHATE, TOTAL AS P","mg/L",0.181
"12/13/1993","S65E","PHOSPHATE, TOTAL AS P","mg/L",0.157
"12/14/1993","S65E","PHOSPHATE, TOTAL AS P","mg/L",0.1464
"12/15/1993","S65E","PHOSPHATE, TOTAL AS P","mg/L",0.15
"12/16/1993","S65E","PHOSPHATE, TOTAL AS P","mg/L",0.142
"12/17/1993","S65E","PHOSPHATE, TOTAL AS P","mg/L",0.137
"12/18/1993","S65E","PHOSPHATE, TOTAL AS P","mg/L",0.137
"12/19/1993","S65E","PHOSPHATE, TOTAL AS P","mg/L",0.13
"12/20/1993","S65E","PHOSPHATE, TOTAL AS P","mg/L",0.134
"12/22/1993","S65E","PHOSPHATE, TOTAL AS P","mg/L",0.146
"12/23/1993","S65E","PHOSPHATE, TOTAL AS P","mg/L",0.136
"12/24/1993","S65E","PHOSPHATE, TOTAL AS P","mg/L",0.135
"12/25/1993","S65E","PHOSPHATE, TOTAL AS P","mg/L",0.143
"12/26/1993","S65E","PHOSPHATE, TOTAL AS P","mg/L",0.144
"12/27/1993","S65E","PHOSPHATE, TOTAL AS P","mg/L",0.146
"12/28/1993","S65E","PHOSPHATE, TOTAL AS P","mg/L",0.1175
"12/29/1993","S65E","PHOSPHATE, TOTAL AS P","mg/L",0.107
"12/30/1993","S65E","PHOSPHATE, TOTAL AS P","mg/L",0.099
"12/31/1993","S65E","PHOSPHATE, TOTAL AS P","mg/L",0.132
"01/01/1994","S65E","PHOSPHATE, TOTAL AS P","mg/L",0.102
"01/02/1994","S65E","PHOSPHATE, TOTAL AS P","mg/L",0.099
"01/03/1994","S65E","PHOSPHATE, TOTAL AS P","mg/L",0.104
"01/05/1994","S65E","PHOSPHATE, TOTAL AS P","mg/L",0.116
"01/06/1994","S65E","PHOSPHATE, TOTAL AS P","mg/L",0.119
"01/07/1994","S65E","PHOSPHATE, TOTAL AS P","mg/L",0.12
"01/08/1994","S65E","PHOSPHATE, TOTAL AS P","mg/L",0.116
"01/09/1994","S65E","PHOSPHATE, TOTAL AS P","mg/L",0.11
"01/10/1994","S65E","PHOSPHATE, TOTAL AS P","mg/L",0.115
"01/11/1994","S65E","PHOSPHATE, TOTAL AS P","mg/L",0.133
"01/12/1994","S65E","PHOSPHATE, TOTAL AS P","mg/L",0.105
"01/13/1994","S65E","PHOSPHATE, TOTAL AS P","mg/L",0.183
"01/14/1994","S65E","PHOSPHATE, TOTAL AS P","mg/L",0.189
"01/15/1994","S65E","PHOSPHATE, TOTAL AS P","mg/L",0.127
"01/16/1994","S65E","PHOSPHATE, TOTAL AS P","mg/L",0.124
"01/17/1994","S65E","PHOSPHATE, TOTAL AS P","mg/L",0.111
"01/18/1994","S65E","PHOSPHATE, TOTAL AS P","mg/L",0.116
"01/19/1994","S65E","PHOSPHATE, TOTAL AS P","mg/L",0.133
"01/20/1994","S65E","PHOSPHATE, TOTAL AS P","mg/L",0.104
"01/21/1994","S65E","PHOSPHATE, TOTAL AS P","mg/L",0.104
"01/22/1994","S65E","PHOSPHATE, TOTAL AS P","mg/L",0.102
"01/23/1994","S65E","PHOSPHATE, TOTAL AS P","mg/L",0.106
"01/24/1994","S65E","PHOSPHATE, TOTAL AS P","mg/L",0.106
"01/25/1994","S65E","PHOSPHATE, TOTAL AS P","mg/L",0.115
"01/26/1994","S65E","PHOSPHATE, TOTAL AS P","mg/L",0.107
"01/27/1994","S65E","PHOSPHATE, TOTAL AS P","mg/L",0.094
"01/28/1994","S65E","PHOSPHATE, TOTAL AS P","mg/L",0.09
"01/29/1994","S65E","PHOSPHATE, TOTAL AS P","mg/L",0.082
"01/30/1994","S65E","PHOSPHATE, TOTAL AS P","mg/L",0.082
"01/31/1994","S65E","PHOSPHATE, TOTAL AS P","mg/L",0.083
"02/02/1994","S65E","PHOSPHATE, TOTAL AS P","mg/L",0.089
"02/03/1994","S65E","PHOSPHATE, TOTAL AS P","mg/L",0.093
"02/04/1994","S65E","PHOSPHATE, TOTAL AS P","mg/L",0.086
"02/05/1994","S65E","PHOSPHATE, TOTAL AS P","mg/L",0.163
"02/06/1994","S65E","PHOSPHATE, TOTAL AS P","mg/L",0.09
"02/07/1994","S65E","PHOSPHATE, TOTAL AS P","mg/L",0.09
"02/08/1994","S65E","PHOSPHATE, TOTAL AS P","mg/L",0.107
"02/09/1994","S65E","PHOSPHATE, TOTAL AS P","mg/L",0.099
"02/10/1994","S65E","PHOSPHATE, TOTAL AS P","mg/L",0.093
"02/11/1994","S65E","PHOSPHATE, TOTAL AS P","mg/L",0.09
"02/12/1994","S65E","PHOSPHATE, TOTAL AS P","mg/L",0.096
"02/13/1994","S65E","PHOSPHATE, TOTAL AS P","mg/L",0.095
"02/14/1994","S65E","PHOSPHATE, TOTAL AS P","mg/L",0.084
"02/15/1994","S65E","PHOSPHATE, TOTAL AS P","mg/L",0.093
"02/18/1994","S65E","PHOSPHATE, TOTAL AS P","mg/L",0.069
"02/20/1994","S65E","PHOSPHATE, TOTAL AS P","mg/L",0.071
"02/22/1994","S65E","PHOSPHATE, TOTAL AS P","mg/L",0.086
"02/23/1994","S65E","PHOSPHATE, TOTAL AS P","mg/L",0.0664
"02/24/1994","S65E","PHOSPHATE, TOTAL AS P","mg/L",0.08
"02/25/1994","S65E","PHOSPHATE, TOTAL AS P","mg/L",0.085
"02/26/1994","S65E","PHOSPHATE, TOTAL AS P","mg/L",0.089
"02/27/1994","S65E","PHOSPHATE, TOTAL AS P","mg/L",0.094
"02/28/1994","S65E","PHOSPHATE, TOTAL AS P","mg/L",0.084
"03/02/1994","S65E","PHOSPHATE, TOTAL AS P","mg/L",0.081
"03/03/1994","S65E","PHOSPHATE, TOTAL AS P","mg/L",0.076
"03/04/1994","S65E","PHOSPHATE, TOTAL AS P","mg/L",0.09
"03/05/1994","S65E","PHOSPHATE, TOTAL AS P","mg/L",0.092
"03/06/1994","S65E","PHOSPHATE, TOTAL AS P","mg/L",0.09
"03/07/1994","S65E","PHOSPHATE, TOTAL AS P","mg/L",0.084
"03/08/1994","S65E","PHOSPHATE, TOTAL AS P","mg/L",0.087
"03/09/1994","S65E","PHOSPHATE, TOTAL AS P","mg/L",0.071
"03/10/1994","S65E","PHOSPHATE, TOTAL AS P","mg/L",0.056
"03/11/1994","S65E","PHOSPHATE, TOTAL AS P","mg/L",0.054
"03/12/1994","S65E","PHOSPHATE, TOTAL AS P","mg/L",0.062
"03/13/1994","S65E","PHOSPHATE, TOTAL AS P","mg/L",0.049
"03/14/1994","S65E","PHOSPHATE, TOTAL AS P","mg/L",0.048
"03/15/1994","S65E","PHOSPHATE, TOTAL AS P","mg/L",0.05
"03/16/1994","S65E","PHOSPHATE, TOTAL AS P","mg/L",0.056
"03/17/1994","S65E","PHOSPHATE, TOTAL AS P","mg/L",0.052
"03/18/1994","S65E","PHOSPHATE, TOTAL AS P","mg/L",0.045
"03/19/1994","S65E","PHOSPHATE, TOTAL AS P","mg/L",0.054
"03/20/1994","S65E","PHOSPHATE, TOTAL AS P","mg/L",0.04
"03/21/1994","S65E","PHOSPHATE, TOTAL AS P","mg/L",0.044
"03/22/1994","S65E","PHOSPHATE, TOTAL AS P","mg/L",0.033
"03/23/1994","S65E","PHOSPHATE, TOTAL AS P","mg/L",0.222
"03/24/1994","S65E","PHOSPHATE, TOTAL AS P","mg/L",0.071
"03/25/1994","S65E","PHOSPHATE, TOTAL AS P","mg/L",0.067
"03/26/1994","S65E","PHOSPHATE, TOTAL AS P","mg/L",0.05
"03/27/1994","S65E","PHOSPHATE, TOTAL AS P","mg/L",0.066
"03/28/1994","S65E","PHOSPHATE, TOTAL AS P","mg/L",0.063
"03/29/1994","S65E","PHOSPHATE, TOTAL AS P","mg/L",0.065
"03/30/1994","S65E","PHOSPHATE, TOTAL AS P","mg/L",0.037
"03/31/1994","S65E","PHOSPHATE, TOTAL AS P","mg/L",0.037
"04/01/1994","S65E","PHOSPHATE, TOTAL AS P","mg/L",0.032
"04/02/1994","S65E","PHOSPHATE, TOTAL AS P","mg/L",0.03
"04/03/1994","S65E","PHOSPHATE, TOTAL AS P","mg/L",0.035
"04/04/1994","S65E","PHOSPHATE, TOTAL AS P","mg/L",0.025
"04/05/1994","S65E","PHOSPHATE, TOTAL AS P","mg/L",0.041
"04/07/1994","S65E","PHOSPHATE, TOTAL AS P","mg/L",0.041
"04/09/1994","S65E","PHOSPHATE, TOTAL AS P","mg/L",0.031
"04/11/1994","S65E","PHOSPHATE, TOTAL AS P","mg/L",0.04
"04/12/1994","S65E","PHOSPHATE, TOTAL AS P","mg/L",0.038375
"04/13/1994","S65E","PHOSPHATE, TOTAL AS P","mg/L",0.054
"04/14/1994","S65E","PHOSPHATE, TOTAL AS P","mg/L",0.044
"04/15/1994","S65E","PHOSPHATE, TOTAL AS P","mg/L",0.045
"04/16/1994","S65E","PHOSPHATE, TOTAL AS P","mg/L",0.035
"04/17/1994","S65E","PHOSPHATE, TOTAL AS P","mg/L",0.038
"04/18/1994","S65E","PHOSPHATE, TOTAL AS P","mg/L",0.032
"04/19/1994","S65E","PHOSPHATE, TOTAL AS P","mg/L",0.054
"04/20/1994","S65E","PHOSPHATE, TOTAL AS P","mg/L",0.043
"04/21/1994","S65E","PHOSPHATE, TOTAL AS P","mg/L",0.032
"04/22/1994","S65E","PHOSPHATE, TOTAL AS P","mg/L",0.037
"04/23/1994","S65E","PHOSPHATE, TOTAL AS P","mg/L",0.028
"04/24/1994","S65E","PHOSPHATE, TOTAL AS P","mg/L",0.025
"04/25/1994","S65E","PHOSPHATE, TOTAL AS P","mg/L",0.031
"04/27/1994","S65E","PHOSPHATE, TOTAL AS P","mg/L",0.044
"04/28/1994","S65E","PHOSPHATE, TOTAL AS P","mg/L",0.054
"04/29/1994","S65E","PHOSPHATE, TOTAL AS P","mg/L",0.064
"04/30/1994","S65E","PHOSPHATE, TOTAL AS P","mg/L",0.074
"05/01/1994","S65E","PHOSPHATE, TOTAL AS P","mg/L",0.084
"05/02/1994","S65E","PHOSPHATE, TOTAL AS P","mg/L",0.084
"05/03/1994","S65E","PHOSPHATE, TOTAL AS P","mg/L",0.081
"05/04/1994","S65E","PHOSPHATE, TOTAL AS P","mg/L",0.048
"05/05/1994","S65E","PHOSPHATE, TOTAL AS P","mg/L",0.046
"05/06/1994","S65E","PHOSPHATE, TOTAL AS P","mg/L",0.056
"05/07/1994","S65E","PHOSPHATE, TOTAL AS P","mg/L",0.097
"05/08/1994","S65E","PHOSPHATE, TOTAL AS P","mg/L",0.061
"05/12/1994","S65E","PHOSPHATE, TOTAL AS P","mg/L",0.032
"05/14/1994","S65E","PHOSPHATE, TOTAL AS P","mg/L",0.04
"05/16/1994","S65E","PHOSPHATE, TOTAL AS P","mg/L",0.057
"05/17/1994","S65E","PHOSPHATE, TOTAL AS P","mg/L",0.053
"05/19/1994","S65E","PHOSPHATE, TOTAL AS P","mg/L",0.024
"05/21/1994","S65E","PHOSPHATE, TOTAL AS P","mg/L",0.041
"05/23/1994","S65E","PHOSPHATE, TOTAL AS P","mg/L",0.068
"05/26/1994","S65E","PHOSPHATE, TOTAL AS P","mg/L",0.092
"05/27/1994","S65E","PHOSPHATE, TOTAL AS P","mg/L",0.088
"05/28/1994","S65E","PHOSPHATE, TOTAL AS P","mg/L",0.093
"05/29/1994","S65E","PHOSPHATE, TOTAL AS P","mg/L",0.086
"05/30/1994","S65E","PHOSPHATE, TOTAL AS P","mg/L",0.074
"05/31/1994","S65E","PHOSPHATE, TOTAL AS P","mg/L",0.074
"06/02/1994","S65E","PHOSPHATE, TOTAL AS P","mg/L",0.082
"06/03/1994","S65E","PHOSPHATE, TOTAL AS P","mg/L",0.065
"06/04/1994","S65E","PHOSPHATE, TOTAL AS P","mg/L",0.061
"06/05/1994","S65E","PHOSPHATE, TOTAL AS P","mg/L",0.058
"06/06/1994","S65E","PHOSPHATE, TOTAL AS P","mg/L",0.06
"06/08/1994","S65E","PHOSPHATE, TOTAL AS P","mg/L",0.091
"06/09/1994","S65E","PHOSPHATE, TOTAL AS P","mg/L",0.078
"06/10/1994","S65E","PHOSPHATE, TOTAL AS P","mg/L",0.089
"06/11/1994","S65E","PHOSPHATE, TOTAL AS P","mg/L",0.088
"06/12/1994","S65E","PHOSPHATE, TOTAL AS P","mg/L",0.094
"06/13/1994","S65E","PHOSPHATE, TOTAL AS P","mg/L",0.11
"06/14/1994","S65E","PHOSPHATE, TOTAL AS P","mg/L",0.12
"06/15/1994","S65E","PHOSPHATE, TOTAL AS P","mg/L",0.129
"06/16/1994","S65E","PHOSPHATE, TOTAL AS P","mg/L",0.129
"06/17/1994","S65E","PHOSPHATE, TOTAL AS P","mg/L",0.094
"06/18/1994","S65E","PHOSPHATE, TOTAL AS P","mg/L",0.092
"06/19/1994","S65E","PHOSPHATE, TOTAL AS P","mg/L",0.108
"06/20/1994","S65E","PHOSPHATE, TOTAL AS P","mg/L",0.106
"06/23/1994","S65E","PHOSPHATE, TOTAL AS P","mg/L",0.102
"06/25/1994","S65E","PHOSPHATE, TOTAL AS P","mg/L",0.077
"06/27/1994","S65E","PHOSPHATE, TOTAL AS P","mg/L",0.081
"06/28/1994","S65E","PHOSPHATE, TOTAL AS P","mg/L",0.0748
"06/30/1994","S65E","PHOSPHATE, TOTAL AS P","mg/L",0.137
"07/01/1994","S65E","PHOSPHATE, TOTAL AS P","mg/L",0.116
"07/02/1994","S65E","PHOSPHATE, TOTAL AS P","mg/L",0.105
"07/03/1994","S65E","PHOSPHATE, TOTAL AS P","mg/L",0.131
"07/04/1994","S65E","PHOSPHATE, TOTAL AS P","mg/L",0.15
"07/05/1994","S65E","PHOSPHATE, TOTAL AS P","mg/L",0.176
"07/06/1994","S65E","PHOSPHATE, TOTAL AS P","mg/L",0.124
"07/07/1994","S65E","PHOSPHATE, TOTAL AS P","mg/L",0.117
"07/08/1994","S65E","PHOSPHATE, TOTAL AS P","mg/L",0.102
"07/09/1994","S65E","PHOSPHATE, TOTAL AS P","mg/L",0.111
"07/10/1994","S65E","PHOSPHATE, TOTAL AS P","mg/L",0.093
"07/11/1994","S65E","PHOSPHATE, TOTAL AS P","mg/L",0.089
"07/12/1994","S65E","PHOSPHATE, TOTAL AS P","mg/L",0.103
"07/14/1994","S65E","PHOSPHATE, TOTAL AS P","mg/L",0.125
"07/15/1994","S65E","PHOSPHATE, TOTAL AS P","mg/L",0.11
"07/16/1994","S65E","PHOSPHATE, TOTAL AS P","mg/L",0.131
"07/17/1994","S65E","PHOSPHATE, TOTAL AS P","mg/L",0.129
"07/18/1994","S65E","PHOSPHATE, TOTAL AS P","mg/L",0.134
"07/19/1994","S65E","PHOSPHATE, TOTAL AS P","mg/L",0.135
"07/20/1994","S65E","PHOSPHATE, TOTAL AS P","mg/L",0.124
"07/21/1994","S65E","PHOSPHATE, TOTAL AS P","mg/L",0.104
"07/22/1994","S65E","PHOSPHATE, TOTAL AS P","mg/L",0.099
"07/23/1994","S65E","PHOSPHATE, TOTAL AS P","mg/L",0.069
"07/24/1994","S65E","PHOSPHATE, TOTAL AS P","mg/L",0.068
"07/25/1994","S65E","PHOSPHATE, TOTAL AS P","mg/L",0.079
"07/26/1994","S65E","PHOSPHATE, TOTAL AS P","mg/L",0.089
"07/27/1994","S65E","PHOSPHATE, TOTAL AS P","mg/L",0.061
"07/28/1994","S65E","PHOSPHATE, TOTAL AS P","mg/L",0.056
"07/29/1994","S65E","PHOSPHATE, TOTAL AS P","mg/L",0.063
"07/30/1994","S65E","PHOSPHATE, TOTAL AS P","mg/L",0.046
"07/31/1994","S65E","PHOSPHATE, TOTAL AS P","mg/L",0.05
"08/01/1994","S65E","PHOSPHATE, TOTAL AS P","mg/L",0.043
"08/03/1994","S65E","PHOSPHATE, TOTAL AS P","mg/L",0.0745
"08/04/1994","S65E","PHOSPHATE, TOTAL AS P","mg/L",0.085
"08/05/1994","S65E","PHOSPHATE, TOTAL AS P","mg/L",0.095
"08/06/1994","S65E","PHOSPHATE, TOTAL AS P","mg/L",0.091
"08/07/1994","S65E","PHOSPHATE, TOTAL AS P","mg/L",0.101
"08/08/1994","S65E","PHOSPHATE, TOTAL AS P","mg/L",0.105
"08/09/1994","S65E","PHOSPHATE, TOTAL AS P","mg/L",0.0995
"08/11/1994","S65E","PHOSPHATE, TOTAL AS P","mg/L",0.212
"08/12/1994","S65E","PHOSPHATE, TOTAL AS P","mg/L",0.151
"08/13/1994","S65E","PHOSPHATE, TOTAL AS P","mg/L",0.163
"08/14/1994","S65E","PHOSPHATE, TOTAL AS P","mg/L",0.164
"08/15/1994","S65E","PHOSPHATE, TOTAL AS P","mg/L",0.162
"08/16/1994","S65E","PHOSPHATE, TOTAL AS P","mg/L",0.147
"08/18/1994","S65E","PHOSPHATE, TOTAL AS P","mg/L",0.089
"08/19/1994","S65E","PHOSPHATE, TOTAL AS P","mg/L",0.081
"08/20/1994","S65E","PHOSPHATE, TOTAL AS P","mg/L",0.078
"08/21/1994","S65E","PHOSPHATE, TOTAL AS P","mg/L",0.085
"08/22/1994","S65E","PHOSPHATE, TOTAL AS P","mg/L",0.075
"08/23/1994","S65E","PHOSPHATE, TOTAL AS P","mg/L",0.0785
"08/25/1994","S65E","PHOSPHATE, TOTAL AS P","mg/L",0.133
"08/26/1994","S65E","PHOSPHATE, TOTAL AS P","mg/L",0.083
"08/27/1994","S65E","PHOSPHATE, TOTAL AS P","mg/L",0.073
"08/28/1994","S65E","PHOSPHATE, TOTAL AS P","mg/L",0.066
"08/29/1994","S65E","PHOSPHATE, TOTAL AS P","mg/L",0.052
"08/31/1994","S65E","PHOSPHATE, TOTAL AS P","mg/L",0.052
"09/01/1994","S65E","PHOSPHATE, TOTAL AS P","mg/L",0.066
"09/02/1994","S65E","PHOSPHATE, TOTAL AS P","mg/L",0.066
"09/03/1994","S65E","PHOSPHATE, TOTAL AS P","mg/L",0.078
"09/04/1994","S65E","PHOSPHATE, TOTAL AS P","mg/L",0.073
"09/05/1994","S65E","PHOSPHATE, TOTAL AS P","mg/L",0.069
"09/06/1994","S65E","PHOSPHATE, TOTAL AS P","mg/L",0.071
"09/07/1994","S65E","PHOSPHATE, TOTAL AS P","mg/L",0.121
"09/08/1994","S65E","PHOSPHATE, TOTAL AS P","mg/L",0.088
"09/09/1994","S65E","PHOSPHATE, TOTAL AS P","mg/L",0.082
"09/10/1994","S65E","PHOSPHATE, TOTAL AS P","mg/L",0.083
"09/11/1994","S65E","PHOSPHATE, TOTAL AS P","mg/L",0.088
"09/12/1994","S65E","PHOSPHATE, TOTAL AS P","mg/L",0.094
"09/15/1994","S65E","PHOSPHATE, TOTAL AS P","mg/L",0.081
"09/16/1994","S65E","PHOSPHATE, TOTAL AS P","mg/L",0.082
"09/17/1994","S65E","PHOSPHATE, TOTAL AS P","mg/L",0.079
"09/18/1994","S65E","PHOSPHATE, TOTAL AS P","mg/L",0.078
"09/19/1994","S65E","PHOSPHATE, TOTAL AS P","mg/L",0.089
"09/20/1994","S65E","PHOSPHATE, TOTAL AS P","mg/L",0.076
"09/29/1994","S65E","PHOSPHATE, TOTAL AS P","mg/L",0.092
"09/30/1994","S65E","PHOSPHATE, TOTAL AS P","mg/L",0.069
"10/01/1994","S65E","PHOSPHATE, TOTAL AS P","mg/L",0.068
"10/02/1994","S65E","PHOSPHATE, TOTAL AS P","mg/L",0.059
"10/03/1994","S65E","PHOSPHATE, TOTAL AS P","mg/L",0.053
"10/04/1994","S65E","PHOSPHATE, TOTAL AS P","mg/L",0.075
"10/05/1994","S65E","PHOSPHATE, TOTAL AS P","mg/L",0.064
"10/06/1994","S65E","PHOSPHATE, TOTAL AS P","mg/L",0.077
"10/07/1994","S65E","PHOSPHATE, TOTAL AS P","mg/L",0.064
"10/08/1994","S65E","PHOSPHATE, TOTAL AS P","mg/L",0.061
"10/09/1994","S65E","PHOSPHATE, TOTAL AS P","mg/L",0.076
"10/10/1994","S65E","PHOSPHATE, TOTAL AS P","mg/L",0.058
"10/12/1994","S65E","PHOSPHATE, TOTAL AS P","mg/L",0.053
"10/13/1994","S65E","PHOSPHATE, TOTAL AS P","mg/L",0.05
"10/14/1994","S65E","PHOSPHATE, TOTAL AS P","mg/L",0.05
"10/15/1994","S65E","PHOSPHATE, TOTAL AS P","mg/L",0.055
"10/16/1994","S65E","PHOSPHATE, TOTAL AS P","mg/L",0.055
"10/17/1994","S65E","PHOSPHATE, TOTAL AS P","mg/L",0.048
"10/18/1994","S65E","PHOSPHATE, TOTAL AS P","mg/L",0.065
"10/21/1994","S65E","PHOSPHATE, TOTAL AS P","mg/L",0.05
"10/23/1994","S65E","PHOSPHATE, TOTAL AS P","mg/L",0.068
"10/25/1994","S65E","PHOSPHATE, TOTAL AS P","mg/L",0.088
"10/27/1994","S65E","PHOSPHATE, TOTAL AS P","mg/L",0.065
"10/29/1994","S65E","PHOSPHATE, TOTAL AS P","mg/L",0.069
"10/31/1994","S65E","PHOSPHATE, TOTAL AS P","mg/L",0.141
"11/01/1994","S65E","PHOSPHATE, TOTAL AS P","mg/L",0.094
"11/02/1994","S65E","PHOSPHATE, TOTAL AS P","mg/L",0.089
"11/04/1994","S65E","PHOSPHATE, TOTAL AS P","mg/L",0.077
"11/06/1994","S65E","PHOSPHATE, TOTAL AS P","mg/L",0.088
"11/07/1994","S65E","PHOSPHATE, TOTAL AS P","mg/L",0.086
"11/08/1994","S65E","PHOSPHATE, TOTAL AS P","mg/L",0.086
"11/15/1994","S65E","PHOSPHATE, TOTAL AS P","mg/L",0.131
"11/23/1994","S65E","PHOSPHATE, TOTAL AS P","mg/L",0.124
"11/24/1994","S65E","PHOSPHATE, TOTAL AS P","mg/L",0.107
"11/25/1994","S65E","PHOSPHATE, TOTAL AS P","mg/L",0.101
"11/26/1994","S65E","PHOSPHATE, TOTAL AS P","mg/L",0.091
"11/27/1994","S65E","PHOSPHATE, TOTAL AS P","mg/L",0.094
"11/28/1994","S65E","PHOSPHATE, TOTAL AS P","mg/L",0.086
"11/29/1994","S65E","PHOSPHATE, TOTAL AS P","mg/L",0.0655
"11/30/1994","S65E","PHOSPHATE, TOTAL AS P","mg/L",0.068
"12/01/1994","S65E","PHOSPHATE, TOTAL AS P","mg/L",0.049
"12/02/1994","S65E","PHOSPHATE, TOTAL AS P","mg/L",0.057
"12/03/1994","S65E","PHOSPHATE, TOTAL AS P","mg/L",0.045
"12/04/1994","S65E","PHOSPHATE, TOTAL AS P","mg/L",0.047
"12/05/1994","S65E","PHOSPHATE, TOTAL AS P","mg/L",0.066
"12/06/1994","S65E","PHOSPHATE, TOTAL AS P","mg/L",0.069
"12/07/1994","S65E","PHOSPHATE, TOTAL AS P","mg/L",0.079
"12/08/1994","S65E","PHOSPHATE, TOTAL AS P","mg/L",0.056
"12/09/1994","S65E","PHOSPHATE, TOTAL AS P","mg/L",0.059
"12/10/1994","S65E","PHOSPHATE, TOTAL AS P","mg/L",0.089
"12/11/1994","S65E","PHOSPHATE, TOTAL AS P","mg/L",0.073
"12/13/1994","S65E","PHOSPHATE, TOTAL AS P","mg/L",0.054
"12/23/1994","S65E","PHOSPHATE, TOTAL AS P","mg/L",0.138
"12/24/1994","S65E","PHOSPHATE, TOTAL AS P","mg/L",0.114
"12/25/1994","S65E","PHOSPHATE, TOTAL AS P","mg/L",0.101
"12/26/1994","S65E","PHOSPHATE, TOTAL AS P","mg/L",0.094
"12/27/1994","S65E","PHOSPHATE, TOTAL AS P","mg/L",0.0675
"12/29/1994","S65E","PHOSPHATE, TOTAL AS P","mg/L",0.073
"12/30/1994","S65E","PHOSPHATE, TOTAL AS P","mg/L",0.092
"12/31/1994","S65E","PHOSPHATE, TOTAL AS P","mg/L",0.067
"01/01/1995","S65E","PHOSPHATE, TOTAL AS P","mg/L",0.076
"01/02/1995","S65E","PHOSPHATE, TOTAL AS P","mg/L",0.065
"01/03/1995","S65E","PHOSPHATE, TOTAL AS P","mg/L",0.092
"01/10/1995","S65E","PHOSPHATE, TOTAL AS P","mg/L",0.153
"01/12/1995","S65E","PHOSPHATE, TOTAL AS P","mg/L",0.071
"01/13/1995","S65E","PHOSPHATE, TOTAL AS P","mg/L",0.058
"01/14/1995","S65E","PHOSPHATE, TOTAL AS P","mg/L",0.046
"01/15/1995","S65E","PHOSPHATE, TOTAL AS P","mg/L",0.058
"01/16/1995","S65E","PHOSPHATE, TOTAL AS P","mg/L",0.054
"01/17/1995","S65E","PHOSPHATE, TOTAL AS P","mg/L",0.049
"01/18/1995","S65E","PHOSPHATE, TOTAL AS P","mg/L",0.064
"01/19/1995","S65E","PHOSPHATE, TOTAL AS P","mg/L",0.121
"01/20/1995","S65E","PHOSPHATE, TOTAL AS P","mg/L",0.113
"01/21/1995","S65E","PHOSPHATE, TOTAL AS P","mg/L",0.099
"01/22/1995","S65E","PHOSPHATE, TOTAL AS P","mg/L",0.098
"01/23/1995","S65E","PHOSPHATE, TOTAL AS P","mg/L",0.125
"01/24/1995","S65E","PHOSPHATE, TOTAL AS P","mg/L",0.051
"01/26/1995","S65E","PHOSPHATE, TOTAL AS P","mg/L",0.114
"01/27/1995","S65E","PHOSPHATE, TOTAL AS P","mg/L",0.089
"01/28/1995","S65E","PHOSPHATE, TOTAL AS P","mg/L",0.092
"01/29/1995","S65E","PHOSPHATE, TOTAL AS P","mg/L",0.044
"01/30/1995","S65E","PHOSPHATE, TOTAL AS P","mg/L",0.065
"01/31/1995","S65E","PHOSPHATE, TOTAL AS P","mg/L",0.038
"02/01/1995","S65E","PHOSPHATE, TOTAL AS P","mg/L",0.06
"02/02/1995","S65E","PHOSPHATE, TOTAL AS P","mg/L",0.06
"02/03/1995","S65E","PHOSPHATE, TOTAL AS P","mg/L",0.08
"02/04/1995","S65E","PHOSPHATE, TOTAL AS P","mg/L",0.06
"02/05/1995","S65E","PHOSPHATE, TOTAL AS P","mg/L",0.06
"02/06/1995","S65E","PHOSPHATE, TOTAL AS P","mg/L",0.06
"02/10/1995","S65E","PHOSPHATE, TOTAL AS P","mg/L",0.05
"02/12/1995","S65E","PHOSPHATE, TOTAL AS P","mg/L",0.051
"02/14/1995","S65E","PHOSPHATE, TOTAL AS P","mg/L",0.046
"02/16/1995","S65E","PHOSPHATE, TOTAL AS P","mg/L",0.034
"02/17/1995","S65E","PHOSPHATE, TOTAL AS P","mg/L",0.053
"02/18/1995","S65E","PHOSPHATE, TOTAL AS P","mg/L",0.055
"02/19/1995","S65E","PHOSPHATE, TOTAL AS P","mg/L",0.044
"02/20/1995","S65E","PHOSPHATE, TOTAL AS P","mg/L",0.048
"02/21/1995","S65E","PHOSPHATE, TOTAL AS P","mg/L",0.0435
"02/22/1995","S65E","PHOSPHATE, TOTAL AS P","mg/L",0.031
"02/23/1995","S65E","PHOSPHATE, TOTAL AS P","mg/L",0.032
"02/24/1995","S65E","PHOSPHATE, TOTAL AS P","mg/L",0.037
"02/25/1995","S65E","PHOSPHATE, TOTAL AS P","mg/L",0.035
"02/26/1995","S65E","PHOSPHATE, TOTAL AS P","mg/L",0.039
"02/27/1995","S65E","PHOSPHATE, TOTAL AS P","mg/L",0.037
"02/28/1995","S65E","PHOSPHATE, TOTAL AS P","mg/L",0.042
"03/02/1995","S65E","PHOSPHATE, TOTAL AS P","mg/L",0.047
"03/03/1995","S65E","PHOSPHATE, TOTAL AS P","mg/L",0.071
"03/04/1995","S65E","PHOSPHATE, TOTAL AS P","mg/L",0.076
"03/05/1995","S65E","PHOSPHATE, TOTAL AS P","mg/L",0.062
"03/06/1995","S65E","PHOSPHATE, TOTAL AS P","mg/L",0.064
"03/07/1995","S65E","PHOSPHATE, TOTAL AS P","mg/L",0.072
"03/08/1995","S65E","PHOSPHATE, TOTAL AS P","mg/L",0.101
"03/10/1995","S65E","PHOSPHATE, TOTAL AS P","mg/L",0.061
"03/11/1995","S65E","PHOSPHATE, TOTAL AS P","mg/L",0.077
"03/12/1995","S65E","PHOSPHATE, TOTAL AS P","mg/L",0.082
"03/13/1995","S65E","PHOSPHATE, TOTAL AS P","mg/L",0.064
"03/14/1995","S65E","PHOSPHATE, TOTAL AS P","mg/L",0.077
"03/15/1995","S65E","PHOSPHATE, TOTAL AS P","mg/L",0.094
"03/16/1995","S65E","PHOSPHATE, TOTAL AS P","mg/L",0.079
"03/17/1995","S65E","PHOSPHATE, TOTAL AS P","mg/L",0.085
"03/18/1995","S65E","PHOSPHATE, TOTAL AS P","mg/L",0.093
"03/19/1995","S65E","PHOSPHATE, TOTAL AS P","mg/L",0.088
"03/20/1995","S65E","PHOSPHATE, TOTAL AS P","mg/L",0.091
"03/21/1995","S65E","PHOSPHATE, TOTAL AS P","mg/L",0.08
"03/30/1995","S65E","PHOSPHATE, TOTAL AS P","mg/L",0.104
"03/31/1995","S65E","PHOSPHATE, TOTAL AS P","mg/L",0.105
"04/01/1995","S65E","PHOSPHATE, TOTAL AS P","mg/L",0.097
"04/02/1995","S65E","PHOSPHATE, TOTAL AS P","mg/L",0.108
"04/03/1995","S65E","PHOSPHATE, TOTAL AS P","mg/L",0.116
"04/04/1995","S65E","PHOSPHATE, TOTAL AS P","mg/L",0.092
"04/05/1995","S65E","PHOSPHATE, TOTAL AS P","mg/L",0.091
"04/06/1995","S65E","PHOSPHATE, TOTAL AS P","mg/L",0.087
"04/07/1995","S65E","PHOSPHATE, TOTAL AS P","mg/L",0.062
"04/08/1995","S65E","PHOSPHATE, TOTAL AS P","mg/L",0.075
"04/09/1995","S65E","PHOSPHATE, TOTAL AS P","mg/L",0.087
"04/10/1995","S65E","PHOSPHATE, TOTAL AS P","mg/L",0.09
"04/11/1995","S65E","PHOSPHATE, TOTAL AS P","mg/L",0.087
"04/13/1995","S65E","PHOSPHATE, TOTAL AS P","mg/L",0.087
"04/14/1995","S65E","PHOSPHATE, TOTAL AS P","mg/L",0.075
"04/15/1995","S65E","PHOSPHATE, TOTAL AS P","mg/L",0.062
"04/16/1995","S65E","PHOSPHATE, TOTAL AS P","mg/L",0.065
"04/17/1995","S65E","PHOSPHATE, TOTAL AS P","mg/L",0.058
"04/18/1995","S65E","PHOSPHATE, TOTAL AS P","mg/L",0.0438333333333333
"04/19/1995","S65E","PHOSPHATE, TOTAL AS P","mg/L",0.084
"04/20/1995","S65E","PHOSPHATE, TOTAL AS P","mg/L",0.068
"04/21/1995","S65E","PHOSPHATE, TOTAL AS P","mg/L",0.085
"04/22/1995","S65E","PHOSPHATE, TOTAL AS P","mg/L",0.077
"04/23/1995","S65E","PHOSPHATE, TOTAL AS P","mg/L",0.083
"04/24/1995","S65E","PHOSPHATE, TOTAL AS P","mg/L",0.075
"04/25/1995","S65E","PHOSPHATE, TOTAL AS P","mg/L",0.084
"04/27/1995","S65E","PHOSPHATE, TOTAL AS P","mg/L",0.105
"04/28/1995","S65E","PHOSPHATE, TOTAL AS P","mg/L",0.077
"04/29/1995","S65E","PHOSPHATE, TOTAL AS P","mg/L",0.064
"04/30/1995","S65E","PHOSPHATE, TOTAL AS P","mg/L",0.09
"05/01/1995","S65E","PHOSPHATE, TOTAL AS P","mg/L",0.063
"05/02/1995","S65E","PHOSPHATE, TOTAL AS P","mg/L",0.065
"05/04/1995","S65E","PHOSPHATE, TOTAL AS P","mg/L",0.088
"05/05/1995","S65E","PHOSPHATE, TOTAL AS P","mg/L",0.095
"05/06/1995","S65E","PHOSPHATE, TOTAL AS P","mg/L",0.147
"05/07/1995","S65E","PHOSPHATE, TOTAL AS P","mg/L",0.14
"05/08/1995","S65E","PHOSPHATE, TOTAL AS P","mg/L",0.118
"05/09/1995","S65E","PHOSPHATE, TOTAL AS P","mg/L",0.087
"05/10/1995","S65E","PHOSPHATE, TOTAL AS P","mg/L",0.094
"05/11/1995","S65E","PHOSPHATE, TOTAL AS P","mg/L",0.096
"05/12/1995","S65E","PHOSPHATE, TOTAL AS P","mg/L",0.085
"05/13/1995","S65E","PHOSPHATE, TOTAL AS P","mg/L",0.095
"05/14/1995","S65E","PHOSPHATE, TOTAL AS P","mg/L",0.108
"05/15/1995","S65E","PHOSPHATE, TOTAL AS P","mg/L",0.107
"05/16/1995","S65E","PHOSPHATE, TOTAL AS P","mg/L",0.056
"05/24/1995","S65E","PHOSPHATE, TOTAL AS P","mg/L",0.075
"05/25/1995","S65E","PHOSPHATE, TOTAL AS P","mg/L",0.072
"05/26/1995","S65E","PHOSPHATE, TOTAL AS P","mg/L",0.07
"05/27/1995","S65E","PHOSPHATE, TOTAL AS P","mg/L",0.057
"05/28/1995","S65E","PHOSPHATE, TOTAL AS P","mg/L",0.052
"05/29/1995","S65E","PHOSPHATE, TOTAL AS P","mg/L",0.053
"05/30/1995","S65E","PHOSPHATE, TOTAL AS P","mg/L",0.057
"06/01/1995","S65E","PHOSPHATE, TOTAL AS P","mg/L",0.11
"06/02/1995","S65E","PHOSPHATE, TOTAL AS P","mg/L",0.062
"06/03/1995","S65E","PHOSPHATE, TOTAL AS P","mg/L",0.065
"06/04/1995","S65E","PHOSPHATE, TOTAL AS P","mg/L",0.083
"06/08/1995","S65E","PHOSPHATE, TOTAL AS P","mg/L",0.109
"06/09/1995","S65E","PHOSPHATE, TOTAL AS P","mg/L",0.092
"06/10/1995","S65E","PHOSPHATE, TOTAL AS P","mg/L",0.095
"06/11/1995","S65E","PHOSPHATE, TOTAL AS P","mg/L",0.092
"06/12/1995","S65E","PHOSPHATE, TOTAL AS P","mg/L",0.073
"06/13/1995","S65E","PHOSPHATE, TOTAL AS P","mg/L",0.0635
"06/14/1995","S65E","PHOSPHATE, TOTAL AS P","mg/L",0.072
"06/15/1995","S65E","PHOSPHATE, TOTAL AS P","mg/L",0.081
"06/16/1995","S65E","PHOSPHATE, TOTAL AS P","mg/L",0.077
"06/17/1995","S65E","PHOSPHATE, TOTAL AS P","mg/L",0.07
"06/21/1995","S65E","PHOSPHATE, TOTAL AS P","mg/L",0.065
"06/22/1995","S65E","PHOSPHATE, TOTAL AS P","mg/L",0.06
"06/23/1995","S65E","PHOSPHATE, TOTAL AS P","mg/L",0.07
"06/24/1995","S65E","PHOSPHATE, TOTAL AS P","mg/L",0.083
"06/25/1995","S65E","PHOSPHATE, TOTAL AS P","mg/L",0.064
"06/26/1995","S65E","PHOSPHATE, TOTAL AS P","mg/L",0.053
"06/27/1995","S65E","PHOSPHATE, TOTAL AS P","mg/L",0.0595
"06/29/1995","S65E","PHOSPHATE, TOTAL AS P","mg/L",0.08
"06/30/1995","S65E","PHOSPHATE, TOTAL AS P","mg/L",0.077
"07/01/1995","S65E","PHOSPHATE, TOTAL AS P","mg/L",0.091
"07/02/1995","S65E","PHOSPHATE, TOTAL AS P","mg/L",0.087
"07/03/1995","S65E","PHOSPHATE, TOTAL AS P","mg/L",0.129
"07/04/1995","S65E","PHOSPHATE, TOTAL AS P","mg/L",0.1
"07/11/1995","S65E","PHOSPHATE, TOTAL AS P","mg/L",0.062
"07/12/1995","S65E","PHOSPHATE, TOTAL AS P","mg/L",0.1
"07/13/1995","S65E","PHOSPHATE, TOTAL AS P","mg/L",0.073
"07/14/1995","S65E","PHOSPHATE, TOTAL AS P","mg/L",0.058
"07/15/1995","S65E","PHOSPHATE, TOTAL AS P","mg/L",0.056
"07/16/1995","S65E","PHOSPHATE, TOTAL AS P","mg/L",0.056
"07/17/1995","S65E","PHOSPHATE, TOTAL AS P","mg/L",0.057
"07/18/1995","S65E","PHOSPHATE, TOTAL AS P","mg/L",0.058
"07/20/1995","S65E","PHOSPHATE, TOTAL AS P","mg/L",0.059
"07/25/1995","S65E","PHOSPHATE, TOTAL AS P","mg/L",0.07
"07/27/1995","S65E","PHOSPHATE, TOTAL AS P","mg/L",0.131
"07/28/1995","S65E","PHOSPHATE, TOTAL AS P","mg/L",0.085
"07/29/1995","S65E","PHOSPHATE, TOTAL AS P","mg/L",0.081
"07/30/1995","S65E","PHOSPHATE, TOTAL AS P","mg/L",0.07
"07/31/1995","S65E","PHOSPHATE, TOTAL AS P","mg/L",0.062
"08/01/1995","S65E","PHOSPHATE, TOTAL AS P","mg/L",0.083
"08/02/1995","S65E","PHOSPHATE, TOTAL AS P","mg/L",0.063
"08/03/1995","S65E","PHOSPHATE, TOTAL AS P","mg/L",0.144
"08/04/1995","S65E","PHOSPHATE, TOTAL AS P","mg/L",0.169
"08/05/1995","S65E","PHOSPHATE, TOTAL AS P","mg/L",0.126
"08/06/1995","S65E","PHOSPHATE, TOTAL AS P","mg/L",0.141
"08/07/1995","S65E","PHOSPHATE, TOTAL AS P","mg/L",0.129
"08/08/1995","S65E","PHOSPHATE, TOTAL AS P","mg/L",0.1435
"08/17/1995","S65E","PHOSPHATE, TOTAL AS P","mg/L",0.19
"08/18/1995","S65E","PHOSPHATE, TOTAL AS P","mg/L",0.118
"08/19/1995","S65E","PHOSPHATE, TOTAL AS P","mg/L",0.106
"08/20/1995","S65E","PHOSPHATE, TOTAL AS P","mg/L",0.091
"08/21/1995","S65E","PHOSPHATE, TOTAL AS P","mg/L",0.084
"08/22/1995","S65E","PHOSPHATE, TOTAL AS P","mg/L",0.0665
"08/23/1995","S65E","PHOSPHATE, TOTAL AS P","mg/L",0.074
"08/24/1995","S65E","PHOSPHATE, TOTAL AS P","mg/L",0.07
"08/25/1995","S65E","PHOSPHATE, TOTAL AS P","mg/L",0.08
"08/26/1995","S65E","PHOSPHATE, TOTAL AS P","mg/L",0.071
"08/27/1995","S65E","PHOSPHATE, TOTAL AS P","mg/L",0.108
"08/28/1995","S65E","PHOSPHATE, TOTAL AS P","mg/L",0.097
"08/29/1995","S65E","PHOSPHATE, TOTAL AS P","mg/L",0.097
"08/30/1995","S65E","PHOSPHATE, TOTAL AS P","mg/L",0.092
"08/31/1995","S65E","PHOSPHATE, TOTAL AS P","mg/L",0.101
"09/01/1995","S65E","PHOSPHATE, TOTAL AS P","mg/L",0.09
"09/02/1995","S65E","PHOSPHATE, TOTAL AS P","mg/L",0.1265
"09/04/1995","S65E","PHOSPHATE, TOTAL AS P","mg/L",0.091
"09/05/1995","S65E","PHOSPHATE, TOTAL AS P","mg/L",0.088
"09/06/1995","S65E","PHOSPHATE, TOTAL AS P","mg/L",0.107
"09/07/1995","S65E","PHOSPHATE, TOTAL AS P","mg/L",0.111
"09/08/1995","S65E","PHOSPHATE, TOTAL AS P","mg/L",0.1
"09/09/1995","S65E","PHOSPHATE, TOTAL AS P","mg/L",0.091
"09/10/1995","S65E","PHOSPHATE, TOTAL AS P","mg/L",0.082
"09/11/1995","S65E","PHOSPHATE, TOTAL AS P","mg/L",0.111
"09/12/1995","S65E","PHOSPHATE, TOTAL AS P","mg/L",0.112
"09/13/1995","S65E","PHOSPHATE, TOTAL AS P","mg/L",0.094
"09/14/1995","S65E","PHOSPHATE, TOTAL AS P","mg/L",0.09
"09/15/1995","S65E","PHOSPHATE, TOTAL AS P","mg/L",0.086
"09/16/1995","S65E","PHOSPHATE, TOTAL AS P","mg/L",0.079
"09/17/1995","S65E","PHOSPHATE, TOTAL AS P","mg/L",0.082
"09/18/1995","S65E","PHOSPHATE, TOTAL AS P","mg/L",0.078
"09/19/1995","S65E","PHOSPHATE, TOTAL AS P","mg/L",0.0775
"09/20/1995","S65E","PHOSPHATE, TOTAL AS P","mg/L",0.069
"09/21/1995","S65E","PHOSPHATE, TOTAL AS P","mg/L",0.086
"09/22/1995","S65E","PHOSPHATE, TOTAL AS P","mg/L",0.064
"09/23/1995","S65E","PHOSPHATE, TOTAL AS P","mg/L",0.063
"09/24/1995","S65E","PHOSPHATE, TOTAL AS P","mg/L",0.065
"09/25/1995","S65E","PHOSPHATE, TOTAL AS P","mg/L",0.079
"09/26/1995","S65E","PHOSPHATE, TOTAL AS P","mg/L",0.064
"09/28/1995","S65E","PHOSPHATE, TOTAL AS P","mg/L",0.096
"09/29/1995","S65E","PHOSPHATE, TOTAL AS P","mg/L",0.064
"09/30/1995","S65E","PHOSPHATE, TOTAL AS P","mg/L",0.069
"10/01/1995","S65E","PHOSPHATE, TOTAL AS P","mg/L",0.113
"10/02/1995","S65E","PHOSPHATE, TOTAL AS P","mg/L",0.063
"10/03/1995","S65E","PHOSPHATE, TOTAL AS P","mg/L",0.062
"10/04/1995","S65E","PHOSPHATE, TOTAL AS P","mg/L",0.074
"10/05/1995","S65E","PHOSPHATE, TOTAL AS P","mg/L",0.063
"10/06/1995","S65E","PHOSPHATE, TOTAL AS P","mg/L",0.064
"10/07/1995","S65E","PHOSPHATE, TOTAL AS P","mg/L",0.057
"10/08/1995","S65E","PHOSPHATE, TOTAL AS P","mg/L",0.053
"10/09/1995","S65E","PHOSPHATE, TOTAL AS P","mg/L",0.067
"10/10/1995","S65E","PHOSPHATE, TOTAL AS P","mg/L",0.078
"10/11/1995","S65E","PHOSPHATE, TOTAL AS P","mg/L",0.084
"10/12/1995","S65E","PHOSPHATE, TOTAL AS P","mg/L",0.094
"10/13/1995","S65E","PHOSPHATE, TOTAL AS P","mg/L",0.097
"10/14/1995","S65E","PHOSPHATE, TOTAL AS P","mg/L",0.09
"10/15/1995","S65E","PHOSPHATE, TOTAL AS P","mg/L",0.078
"10/16/1995","S65E","PHOSPHATE, TOTAL AS P","mg/L",0.095
"10/17/1995","S65E","PHOSPHATE, TOTAL AS P","mg/L",0.1145
"10/18/1995","S65E","PHOSPHATE, TOTAL AS P","mg/L",0.089
"10/19/1995","S65E","PHOSPHATE, TOTAL AS P","mg/L",0.16
"10/20/1995","S65E","PHOSPHATE, TOTAL AS P","mg/L",0.156
"10/21/1995","S65E","PHOSPHATE, TOTAL AS P","mg/L",0.143
"10/22/1995","S65E","PHOSPHATE, TOTAL AS P","mg/L",0.128
"10/23/1995","S65E","PHOSPHATE, TOTAL AS P","mg/L",0.111
"10/24/1995","S65E","PHOSPHATE, TOTAL AS P","mg/L",0.105
"10/25/1995","S65E","PHOSPHATE, TOTAL AS P","mg/L",0.105
"10/26/1995","S65E","PHOSPHATE, TOTAL AS P","mg/L",0.091
"10/27/1995","S65E","PHOSPHATE, TOTAL AS P","mg/L",0.079
"10/28/1995","S65E","PHOSPHATE, TOTAL AS P","mg/L",0.073
"10/29/1995","S65E","PHOSPHATE, TOTAL AS P","mg/L",0.076
"10/30/1995","S65E","PHOSPHATE, TOTAL AS P","mg/L",0.077
"10/31/1995","S65E","PHOSPHATE, TOTAL AS P","mg/L",0.067
"11/01/1995","S65E","PHOSPHATE, TOTAL AS P","mg/L",0.079
"11/02/1995","S65E","PHOSPHATE, TOTAL AS P","mg/L",0.076
"11/03/1995","S65E","PHOSPHATE, TOTAL AS P","mg/L",0.063
"11/04/1995","S65E","PHOSPHATE, TOTAL AS P","mg/L",0.062
"11/05/1995","S65E","PHOSPHATE, TOTAL AS P","mg/L",0.064
"11/06/1995","S65E","PHOSPHATE, TOTAL AS P","mg/L",0.061
"11/07/1995","S65E","PHOSPHATE, TOTAL AS P","mg/L",0.064
"11/08/1995","S65E","PHOSPHATE, TOTAL AS P","mg/L",0.068
"11/09/1995","S65E","PHOSPHATE, TOTAL AS P","mg/L",0.055
"11/10/1995","S65E","PHOSPHATE, TOTAL AS P","mg/L",0.081
"11/11/1995","S65E","PHOSPHATE, TOTAL AS P","mg/L",0.06
"11/12/1995","S65E","PHOSPHATE, TOTAL AS P","mg/L",0.056
"11/13/1995","S65E","PHOSPHATE, TOTAL AS P","mg/L",0.051
"11/14/1995","S65E","PHOSPHATE, TOTAL AS P","mg/L",0.0515
"11/15/1995","S65E","PHOSPHATE, TOTAL AS P","mg/L",0.052
"11/16/1995","S65E","PHOSPHATE, TOTAL AS P","mg/L",0.047
"11/17/1995","S65E","PHOSPHATE, TOTAL AS P","mg/L",0.047
"11/18/1995","S65E","PHOSPHATE, TOTAL AS P","mg/L",0.048
"11/19/1995","S65E","PHOSPHATE, TOTAL AS P","mg/L",0.049
"11/20/1995","S65E","PHOSPHATE, TOTAL AS P","mg/L",0.051
"11/21/1995","S65E","PHOSPHATE, TOTAL AS P","mg/L",0.066
"11/22/1995","S65E","PHOSPHATE, TOTAL AS P","mg/L",0.055
"11/23/1995","S65E","PHOSPHATE, TOTAL AS P","mg/L",0.048
"11/24/1995","S65E","PHOSPHATE, TOTAL AS P","mg/L",0.062
"11/25/1995","S65E","PHOSPHATE, TOTAL AS P","mg/L",0.057
"11/26/1995","S65E","PHOSPHATE, TOTAL AS P","mg/L",0.054
"11/27/1995","S65E","PHOSPHATE, TOTAL AS P","mg/L",0.054
"11/28/1995","S65E","PHOSPHATE, TOTAL AS P","mg/L",0.054
"11/29/1995","S65E","PHOSPHATE, TOTAL AS P","mg/L",0.062
"11/30/1995","S65E","PHOSPHATE, TOTAL AS P","mg/L",0.061
"12/01/1995","S65E","PHOSPHATE, TOTAL AS P","mg/L",0.069
"12/02/1995","S65E","PHOSPHATE, TOTAL AS P","mg/L",0.068
"12/03/1995","S65E","PHOSPHATE, TOTAL AS P","mg/L",0.067
"12/04/1995","S65E","PHOSPHATE, TOTAL AS P","mg/L",0.07
"12/05/1995","S65E","PHOSPHATE, TOTAL AS P","mg/L",0.076
"12/06/1995","S65E","PHOSPHATE, TOTAL AS P","mg/L",0.059
"12/07/1995","S65E","PHOSPHATE, TOTAL AS P","mg/L",0.055
"12/08/1995","S65E","PHOSPHATE, TOTAL AS P","mg/L",0.056
"12/09/1995","S65E","PHOSPHATE, TOTAL AS P","mg/L",0.051
"12/10/1995","S65E","PHOSPHATE, TOTAL AS P","mg/L",0.044
"12/11/1995","S65E","PHOSPHATE, TOTAL AS P","mg/L",0.043
"12/12/1995","S65E","PHOSPHATE, TOTAL AS P","mg/L",0.0385
"12/14/1995","S65E","PHOSPHATE, TOTAL AS P","mg/L",0.042
"12/15/1995","S65E","PHOSPHATE, TOTAL AS P","mg/L",0.039
"12/16/1995","S65E","PHOSPHATE, TOTAL AS P","mg/L",0.041
"12/17/1995","S65E","PHOSPHATE, TOTAL AS P","mg/L",0.043
"12/18/1995","S65E","PHOSPHATE, TOTAL AS P","mg/L",0.038
"12/19/1995","S65E","PHOSPHATE, TOTAL AS P","mg/L",0.035
"12/20/1995","S65E","PHOSPHATE, TOTAL AS P","mg/L",0.04
"12/21/1995","S65E","PHOSPHATE, TOTAL AS P","mg/L",0.063
"12/22/1995","S65E","PHOSPHATE, TOTAL AS P","mg/L",0.038
"12/23/1995","S65E","PHOSPHATE, TOTAL AS P","mg/L",0.04
"12/24/1995","S65E","PHOSPHATE, TOTAL AS P","mg/L",0.041
"12/25/1995","S65E","PHOSPHATE, TOTAL AS P","mg/L",0.036
"12/26/1995","S65E","PHOSPHATE, TOTAL AS P","mg/L",0.0385
"12/27/1995","S65E","PHOSPHATE, TOTAL AS P","mg/L",0.033
"12/28/1995","S65E","PHOSPHATE, TOTAL AS P","mg/L",0.026
"12/29/1995","S65E","PHOSPHATE, TOTAL AS P","mg/L",0.022
"12/30/1995","S65E","PHOSPHATE, TOTAL AS P","mg/L",0.022
"12/31/1995","S65E","PHOSPHATE, TOTAL AS P","mg/L",0.028
"01/01/1996","S65E","PHOSPHATE, TOTAL AS P","mg/L",0.023
"01/02/1996","S65E","PHOSPHATE, TOTAL AS P","mg/L",0.026
"01/03/1996","S65E","PHOSPHATE, TOTAL AS P","mg/L",0.036
"01/04/1996","S65E","PHOSPHATE, TOTAL AS P","mg/L",0.029
"01/05/1996","S65E","PHOSPHATE, TOTAL AS P","mg/L",0.025
"01/06/1996","S65E","PHOSPHATE, TOTAL AS P","mg/L",0.027
"01/07/1996","S65E","PHOSPHATE, TOTAL AS P","mg/L",0.028
"01/08/1996","S65E","PHOSPHATE, TOTAL AS P","mg/L",0.03
"01/09/1996","S65E","PHOSPHATE, TOTAL AS P","mg/L",0.0455
"01/10/1996","S65E","PHOSPHATE, TOTAL AS P","mg/L",0.042
"01/11/1996","S65E","PHOSPHATE, TOTAL AS P","mg/L",0.037
"01/12/1996","S65E","PHOSPHATE, TOTAL AS P","mg/L",0.034
"01/13/1996","S65E","PHOSPHATE, TOTAL AS P","mg/L",0.035
"01/14/1996","S65E","PHOSPHATE, TOTAL AS P","mg/L",0.036
"01/15/1996","S65E","PHOSPHATE, TOTAL AS P","mg/L",0.04
"01/16/1996","S65E","PHOSPHATE, TOTAL AS P","mg/L",0.036
"01/17/1996","S65E","PHOSPHATE, TOTAL AS P","mg/L",0.037
"01/18/1996","S65E","PHOSPHATE, TOTAL AS P","mg/L",0.036
"01/19/1996","S65E","PHOSPHATE, TOTAL AS P","mg/L",0.024
"01/20/1996","S65E","PHOSPHATE, TOTAL AS P","mg/L",0.027
"01/21/1996","S65E","PHOSPHATE, TOTAL AS P","mg/L",0.023
"01/22/1996","S65E","PHOSPHATE, TOTAL AS P","mg/L",0.032
"01/23/1996","S65E","PHOSPHATE, TOTAL AS P","mg/L",0.0485
"01/24/1996","S65E","PHOSPHATE, TOTAL AS P","mg/L",0.034
"01/25/1996","S65E","PHOSPHATE, TOTAL AS P","mg/L",0.032
"01/26/1996","S65E","PHOSPHATE, TOTAL AS P","mg/L",0.027
"01/27/1996","S65E","PHOSPHATE, TOTAL AS P","mg/L",0.034
"01/28/1996","S65E","PHOSPHATE, TOTAL AS P","mg/L",0.027
"01/29/1996","S65E","PHOSPHATE, TOTAL AS P","mg/L",0.029
"01/30/1996","S65E","PHOSPHATE, TOTAL AS P","mg/L",0.045
"01/31/1996","S65E","PHOSPHATE, TOTAL AS P","mg/L",0.047
"02/01/1996","S65E","PHOSPHATE, TOTAL AS P","mg/L",0.054
"02/02/1996","S65E","PHOSPHATE, TOTAL AS P","mg/L",0.055
"02/03/1996","S65E","PHOSPHATE, TOTAL AS P","mg/L",0.042
"02/04/1996","S65E","PHOSPHATE, TOTAL AS P","mg/L",0.065
"02/05/1996","S65E","PHOSPHATE, TOTAL AS P","mg/L",0.044
"02/06/1996","S65E","PHOSPHATE, TOTAL AS P","mg/L",0.0434
"02/08/1996","S65E","PHOSPHATE, TOTAL AS P","mg/L",0.071
"02/09/1996","S65E","PHOSPHATE, TOTAL AS P","mg/L",0.103
"02/10/1996","S65E","PHOSPHATE, TOTAL AS P","mg/L",0.099
"02/11/1996","S65E","PHOSPHATE, TOTAL AS P","mg/L",0.092
"02/12/1996","S65E","PHOSPHATE, TOTAL AS P","mg/L",0.092
"02/13/1996","S65E","PHOSPHATE, TOTAL AS P","mg/L",0.081
"02/14/1996","S65E","PHOSPHATE, TOTAL AS P","mg/L",0.075
"02/15/1996","S65E","PHOSPHATE, TOTAL AS P","mg/L",0.039
"02/16/1996","S65E","PHOSPHATE, TOTAL AS P","mg/L",0.06
"02/17/1996","S65E","PHOSPHATE, TOTAL AS P","mg/L",0.044
"02/18/1996","S65E","PHOSPHATE, TOTAL AS P","mg/L",0.048
"02/19/1996","S65E","PHOSPHATE, TOTAL AS P","mg/L",0.054
"02/20/1996","S65E","PHOSPHATE, TOTAL AS P","mg/L",0.0452
"02/21/1996","S65E","PHOSPHATE, TOTAL AS P","mg/L",0.064
"02/22/1996","S65E","PHOSPHATE, TOTAL AS P","mg/L",0.096
"02/23/1996","S65E","PHOSPHATE, TOTAL AS P","mg/L",0.116
"02/24/1996","S65E","PHOSPHATE, TOTAL AS P","mg/L",0.107
"02/25/1996","S65E","PHOSPHATE, TOTAL AS P","mg/L",0.119
"02/26/1996","S65E","PHOSPHATE, TOTAL AS P","mg/L",0.097
"02/27/1996","S65E","PHOSPHATE, TOTAL AS P","mg/L",0.114
"02/28/1996","S65E","PHOSPHATE, TOTAL AS P","mg/L",0.121
"02/29/1996","S65E","PHOSPHATE, TOTAL AS P","mg/L",0.068
"03/01/1996","S65E","PHOSPHATE, TOTAL AS P","mg/L",0.067
"03/02/1996","S65E","PHOSPHATE, TOTAL AS P","mg/L",0.07
"03/03/1996","S65E","PHOSPHATE, TOTAL AS P","mg/L",0.089
"03/04/1996","S65E","PHOSPHATE, TOTAL AS P","mg/L",0.098
"03/05/1996","S65E","PHOSPHATE, TOTAL AS P","mg/L",0.0596
"03/06/1996","S65E","PHOSPHATE, TOTAL AS P","mg/L",0.074
"03/07/1996","S65E","PHOSPHATE, TOTAL AS P","mg/L",0.156
"03/08/1996","S65E","PHOSPHATE, TOTAL AS P","mg/L",0.181
"03/09/1996","S65E","PHOSPHATE, TOTAL AS P","mg/L",0.118
"03/10/1996","S65E","PHOSPHATE, TOTAL AS P","mg/L",0.101
"03/11/1996","S65E","PHOSPHATE, TOTAL AS P","mg/L",0.086
"03/12/1996","S65E","PHOSPHATE, TOTAL AS P","mg/L",0.076
"03/13/1996","S65E","PHOSPHATE, TOTAL AS P","mg/L",0.073
"03/14/1996","S65E","PHOSPHATE, TOTAL AS P","mg/L",0.062
"03/15/1996","S65E","PHOSPHATE, TOTAL AS P","mg/L",0.063
"03/16/1996","S65E","PHOSPHATE, TOTAL AS P","mg/L",0.067
"03/17/1996","S65E","PHOSPHATE, TOTAL AS P","mg/L",0.078
"03/18/1996","S65E","PHOSPHATE, TOTAL AS P","mg/L",0.077
"03/19/1996","S65E","PHOSPHATE, TOTAL AS P","mg/L",0.0678
"03/20/1996","S65E","PHOSPHATE, TOTAL AS P","mg/L",0.065
"03/21/1996","S65E","PHOSPHATE, TOTAL AS P","mg/L",0.058
"03/22/1996","S65E","PHOSPHATE, TOTAL AS P","mg/L",0.055
"03/23/1996","S65E","PHOSPHATE, TOTAL AS P","mg/L",0.048
"03/24/1996","S65E","PHOSPHATE, TOTAL AS P","mg/L",0.067
"03/25/1996","S65E","PHOSPHATE, TOTAL AS P","mg/L",0.05
"03/26/1996","S65E","PHOSPHATE, TOTAL AS P","mg/L",0.041
"03/27/1996","S65E","PHOSPHATE, TOTAL AS P","mg/L",0.055
"03/28/1996","S65E","PHOSPHATE, TOTAL AS P","mg/L",0.186
"03/29/1996","S65E","PHOSPHATE, TOTAL AS P","mg/L",0.062
"03/30/1996","S65E","PHOSPHATE, TOTAL AS P","mg/L",0.061
"03/31/1996","S65E","PHOSPHATE, TOTAL AS P","mg/L",0.058
"04/01/1996","S65E","PHOSPHATE, TOTAL AS P","mg/L",0.066
"04/02/1996","S65E","PHOSPHATE, TOTAL AS P","mg/L",0.0738
"04/03/1996","S65E","PHOSPHATE, TOTAL AS P","mg/L",0.082
"04/04/1996","S65E","PHOSPHATE, TOTAL AS P","mg/L",0.082
"04/05/1996","S65E","PHOSPHATE, TOTAL AS P","mg/L",0.0963333333333333
"04/06/1996","S65E","PHOSPHATE, TOTAL AS P","mg/L",0.04
"04/07/1996","S65E","PHOSPHATE, TOTAL AS P","mg/L",0.116666666666667
"04/08/1996","S65E","PHOSPHATE, TOTAL AS P","mg/L",0.042
"04/09/1996","S65E","PHOSPHATE, TOTAL AS P","mg/L",0.12
"04/10/1996","S65E","PHOSPHATE, TOTAL AS P","mg/L",0.061
"04/11/1996","S65E","PHOSPHATE, TOTAL AS P","mg/L",0.082
"04/12/1996","S65E","PHOSPHATE, TOTAL AS P","mg/L",0.077
"04/13/1996","S65E","PHOSPHATE, TOTAL AS P","mg/L",0.084
"04/14/1996","S65E","PHOSPHATE, TOTAL AS P","mg/L",0.0746666666666667
"04/15/1996","S65E","PHOSPHATE, TOTAL AS P","mg/L",0.084
"04/16/1996","S65E","PHOSPHATE, TOTAL AS P","mg/L",0.0612857142857143
"04/17/1996","S65E","PHOSPHATE, TOTAL AS P","mg/L",0.074
"04/18/1996","S65E","PHOSPHATE, TOTAL AS P","mg/L",0.065
"04/19/1996","S65E","PHOSPHATE, TOTAL AS P","mg/L",0.073
"04/20/1996","S65E","PHOSPHATE, TOTAL AS P","mg/L",0.063
"04/21/1996","S65E","PHOSPHATE, TOTAL AS P","mg/L",0.064
"04/22/1996","S65E","PHOSPHATE, TOTAL AS P","mg/L",0.064
"04/23/1996","S65E","PHOSPHATE, TOTAL AS P","mg/L",0.0665
"04/24/1996","S65E","PHOSPHATE, TOTAL AS P","mg/L",0.065
"04/25/1996","S65E","PHOSPHATE, TOTAL AS P","mg/L",0.067
"04/26/1996","S65E","PHOSPHATE, TOTAL AS P","mg/L",0.077
"04/27/1996","S65E","PHOSPHATE, TOTAL AS P","mg/L",0.07
"04/28/1996","S65E","PHOSPHATE, TOTAL AS P","mg/L",0.077
"04/29/1996","S65E","PHOSPHATE, TOTAL AS P","mg/L",0.086
"04/30/1996","S65E","PHOSPHATE, TOTAL AS P","mg/L",0.0451428571428571
"05/01/1996","S65E","PHOSPHATE, TOTAL AS P","mg/L",0.084
"05/02/1996","S65E","PHOSPHATE, TOTAL AS P","mg/L",0.061
"05/03/1996","S65E","PHOSPHATE, TOTAL AS P","mg/L",0.0575
"05/04/1996","S65E","PHOSPHATE, TOTAL AS P","mg/L",0.059
"05/09/1996","S65E","PHOSPHATE, TOTAL AS P","mg/L",0.072
"05/10/1996","S65E","PHOSPHATE, TOTAL AS P","mg/L",0.054
"05/11/1996","S65E","PHOSPHATE, TOTAL AS P","mg/L",0.043
"05/12/1996","S65E","PHOSPHATE, TOTAL AS P","mg/L",0.039
"05/13/1996","S65E","PHOSPHATE, TOTAL AS P","mg/L",0.043
"05/14/1996","S65E","PHOSPHATE, TOTAL AS P","mg/L",0.0458333333333333
"05/15/1996","S65E","PHOSPHATE, TOTAL AS P","mg/L",0.04
"05/16/1996","S65E","PHOSPHATE, TOTAL AS P","mg/L",0.042
"05/17/1996","S65E","PHOSPHATE, TOTAL AS P","mg/L",0.046
"05/18/1996","S65E","PHOSPHATE, TOTAL AS P","mg/L",0.042
"05/19/1996","S65E","PHOSPHATE, TOTAL AS P","mg/L",0.048
"05/20/1996","S65E","PHOSPHATE, TOTAL AS P","mg/L",0.037
"05/21/1996","S65E","PHOSPHATE, TOTAL AS P","mg/L",0.038
"05/22/1996","S65E","PHOSPHATE, TOTAL AS P","mg/L",0.04
"05/23/1996","S65E","PHOSPHATE, TOTAL AS P","mg/L",0.052
"05/24/1996","S65E","PHOSPHATE, TOTAL AS P","mg/L",0.044
"05/25/1996","S65E","PHOSPHATE, TOTAL AS P","mg/L",0.041
"05/26/1996","S65E","PHOSPHATE, TOTAL AS P","mg/L",0.049
"05/27/1996","S65E","PHOSPHATE, TOTAL AS P","mg/L",0.048
"05/28/1996","S65E","PHOSPHATE, TOTAL AS P","mg/L",0.036
"05/29/1996","S65E","PHOSPHATE, TOTAL AS P","mg/L",0.044
"05/30/1996","S65E","PHOSPHATE, TOTAL AS P","mg/L",0.046
"05/31/1996","S65E","PHOSPHATE, TOTAL AS P","mg/L",0.052
"06/01/1996","S65E","PHOSPHATE, TOTAL AS P","mg/L",0.057
"06/02/1996","S65E","PHOSPHATE, TOTAL AS P","mg/L",0.058
"06/03/1996","S65E","PHOSPHATE, TOTAL AS P","mg/L",0.056
"06/04/1996","S65E","PHOSPHATE, TOTAL AS P","mg/L",0.06
"06/05/1996","S65E","PHOSPHATE, TOTAL AS P","mg/L",0.062
"06/06/1996","S65E","PHOSPHATE, TOTAL AS P","mg/L",0.076
"06/07/1996","S65E","PHOSPHATE, TOTAL AS P","mg/L",0.081
"06/08/1996","S65E","PHOSPHATE, TOTAL AS P","mg/L",0.077
"06/09/1996","S65E","PHOSPHATE, TOTAL AS P","mg/L",0.07
"06/10/1996","S65E","PHOSPHATE, TOTAL AS P","mg/L",0.068
"06/11/1996","S65E","PHOSPHATE, TOTAL AS P","mg/L",0.0806
"06/12/1996","S65E","PHOSPHATE, TOTAL AS P","mg/L",0.062
"06/13/1996","S65E","PHOSPHATE, TOTAL AS P","mg/L",0.061
"06/14/1996","S65E","PHOSPHATE, TOTAL AS P","mg/L",0.057
"06/15/1996","S65E","PHOSPHATE, TOTAL AS P","mg/L",0.064
"06/16/1996","S65E","PHOSPHATE, TOTAL AS P","mg/L",0.072
"06/17/1996","S65E","PHOSPHATE, TOTAL AS P","mg/L",0.073
"06/18/1996","S65E","PHOSPHATE, TOTAL AS P","mg/L",0.073
"06/19/1996","S65E","PHOSPHATE, TOTAL AS P","mg/L",0.073
"06/20/1996","S65E","PHOSPHATE, TOTAL AS P","mg/L",0.066
"06/21/1996","S65E","PHOSPHATE, TOTAL AS P","mg/L",0.057
"06/22/1996","S65E","PHOSPHATE, TOTAL AS P","mg/L",0.054
"06/23/1996","S65E","PHOSPHATE, TOTAL AS P","mg/L",0.062
"06/24/1996","S65E","PHOSPHATE, TOTAL AS P","mg/L",0.053
"06/25/1996","S65E","PHOSPHATE, TOTAL AS P","mg/L",0.0496
"06/26/1996","S65E","PHOSPHATE, TOTAL AS P","mg/L",0.055
"06/27/1996","S65E","PHOSPHATE, TOTAL AS P","mg/L",0.058
"06/28/1996","S65E","PHOSPHATE, TOTAL AS P","mg/L",0.052
"06/29/1996","S65E","PHOSPHATE, TOTAL AS P","mg/L",0.052
"06/30/1996","S65E","PHOSPHATE, TOTAL AS P","mg/L",0.05
"07/01/1996","S65E","PHOSPHATE, TOTAL AS P","mg/L",0.047
"07/02/1996","S65E","PHOSPHATE, TOTAL AS P","mg/L",0.054
"07/03/1996","S65E","PHOSPHATE, TOTAL AS P","mg/L",0.052
"07/04/1996","S65E","PHOSPHATE, TOTAL AS P","mg/L",0.057
"07/05/1996","S65E","PHOSPHATE, TOTAL AS P","mg/L",0.059
"07/06/1996","S65E","PHOSPHATE, TOTAL AS P","mg/L",0.054
"07/07/1996","S65E","PHOSPHATE, TOTAL AS P","mg/L",0.056
"07/08/1996","S65E","PHOSPHATE, TOTAL AS P","mg/L",0.051
"07/09/1996","S65E","PHOSPHATE, TOTAL AS P","mg/L",0.065
"07/10/1996","S65E","PHOSPHATE, TOTAL AS P","mg/L",0.054
"07/11/1996","S65E","PHOSPHATE, TOTAL AS P","mg/L",0.064
"07/12/1996","S65E","PHOSPHATE, TOTAL AS P","mg/L",0.068
"07/13/1996","S65E","PHOSPHATE, TOTAL AS P","mg/L",0.067
"07/14/1996","S65E","PHOSPHATE, TOTAL AS P","mg/L",0.067
"07/15/1996","S65E","PHOSPHATE, TOTAL AS P","mg/L",0.057
"07/16/1996","S65E","PHOSPHATE, TOTAL AS P","mg/L",0.066
"07/17/1996","S65E","PHOSPHATE, TOTAL AS P","mg/L",0.066
"07/18/1996","S65E","PHOSPHATE, TOTAL AS P","mg/L",0.074
"07/19/1996","S65E","PHOSPHATE, TOTAL AS P","mg/L",0.066
"07/20/1996","S65E","PHOSPHATE, TOTAL AS P","mg/L",0.071
"07/21/1996","S65E","PHOSPHATE, TOTAL AS P","mg/L",0.064
"07/22/1996","S65E","PHOSPHATE, TOTAL AS P","mg/L",0.06
"07/23/1996","S65E","PHOSPHATE, TOTAL AS P","mg/L",0.0496666666666667
"07/25/1996","S65E","PHOSPHATE, TOTAL AS P","mg/L",0.054
"07/26/1996","S65E","PHOSPHATE, TOTAL AS P","mg/L",0.053
"07/27/1996","S65E","PHOSPHATE, TOTAL AS P","mg/L",0.051
"07/28/1996","S65E","PHOSPHATE, TOTAL AS P","mg/L",0.053
"07/29/1996","S65E","PHOSPHATE, TOTAL AS P","mg/L",0.046
"07/30/1996","S65E","PHOSPHATE, TOTAL AS P","mg/L",0.044
"07/31/1996","S65E","PHOSPHATE, TOTAL AS P","mg/L",0.048
"08/01/1996","S65E","PHOSPHATE, TOTAL AS P","mg/L",0.132
"08/02/1996","S65E","PHOSPHATE, TOTAL AS P","mg/L",0.256
"08/06/1996","S65E","PHOSPHATE, TOTAL AS P","mg/L",0.039
"08/08/1996","S65E","PHOSPHATE, TOTAL AS P","mg/L",0.104
"08/09/1996","S65E","PHOSPHATE, TOTAL AS P","mg/L",0.079
"08/10/1996","S65E","PHOSPHATE, TOTAL AS P","mg/L",0.076
"08/11/1996","S65E","PHOSPHATE, TOTAL AS P","mg/L",0.083
"08/12/1996","S65E","PHOSPHATE, TOTAL AS P","mg/L",0.08
"08/13/1996","S65E","PHOSPHATE, TOTAL AS P","mg/L",0.083
"08/14/1996","S65E","PHOSPHATE, TOTAL AS P","mg/L",0.093
"08/15/1996","S65E","PHOSPHATE, TOTAL AS P","mg/L",0.088
"08/16/1996","S65E","PHOSPHATE, TOTAL AS P","mg/L",0.086
"08/17/1996","S65E","PHOSPHATE, TOTAL AS P","mg/L",0.101
"08/18/1996","S65E","PHOSPHATE, TOTAL AS P","mg/L",0.098
"08/19/1996","S65E","PHOSPHATE, TOTAL AS P","mg/L",0.087
"08/20/1996","S65E","PHOSPHATE, TOTAL AS P","mg/L",0.055
"08/21/1996","S65E","PHOSPHATE, TOTAL AS P","mg/L",0.087
"08/22/1996","S65E","PHOSPHATE, TOTAL AS P","mg/L",0.184
"08/23/1996","S65E","PHOSPHATE, TOTAL AS P","mg/L",0.128
"08/24/1996","S65E","PHOSPHATE, TOTAL AS P","mg/L",0.106
"08/25/1996","S65E","PHOSPHATE, TOTAL AS P","mg/L",0.112
"08/26/1996","S65E","PHOSPHATE, TOTAL AS P","mg/L",0.099
"08/27/1996","S65E","PHOSPHATE, TOTAL AS P","mg/L",0.107
"08/28/1996","S65E","PHOSPHATE, TOTAL AS P","mg/L",0.119
"08/29/1996","S65E","PHOSPHATE, TOTAL AS P","mg/L",0.12
"08/30/1996","S65E","PHOSPHATE, TOTAL AS P","mg/L",0.108
"08/31/1996","S65E","PHOSPHATE, TOTAL AS P","mg/L",0.096
"09/01/1996","S65E","PHOSPHATE, TOTAL AS P","mg/L",0.094
"09/02/1996","S65E","PHOSPHATE, TOTAL AS P","mg/L",0.103
"09/03/1996","S65E","PHOSPHATE, TOTAL AS P","mg/L",0.06
"09/04/1996","S65E","PHOSPHATE, TOTAL AS P","mg/L",0.108
"09/05/1996","S65E","PHOSPHATE, TOTAL AS P","mg/L",0.104
"09/06/1996","S65E","PHOSPHATE, TOTAL AS P","mg/L",0.147
"09/07/1996","S65E","PHOSPHATE, TOTAL AS P","mg/L",0.193
"09/08/1996","S65E","PHOSPHATE, TOTAL AS P","mg/L",0.113
"09/09/1996","S65E","PHOSPHATE, TOTAL AS P","mg/L",0.097
"09/10/1996","S65E","PHOSPHATE, TOTAL AS P","mg/L",0.103
"09/11/1996","S65E","PHOSPHATE, TOTAL AS P","mg/L",0.112
"09/12/1996","S65E","PHOSPHATE, TOTAL AS P","mg/L",0.105
"09/13/1996","S65E","PHOSPHATE, TOTAL AS P","mg/L",0.093
"09/14/1996","S65E","PHOSPHATE, TOTAL AS P","mg/L",0.102
"09/15/1996","S65E","PHOSPHATE, TOTAL AS P","mg/L",0.092
"09/16/1996","S65E","PHOSPHATE, TOTAL AS P","mg/L",0.083
"09/17/1996","S65E","PHOSPHATE, TOTAL AS P","mg/L",0.051
"09/18/1996","S65E","PHOSPHATE, TOTAL AS P","mg/L",0.09
"09/19/1996","S65E","PHOSPHATE, TOTAL AS P","mg/L",0.097
"09/20/1996","S65E","PHOSPHATE, TOTAL AS P","mg/L",0.073
"09/21/1996","S65E","PHOSPHATE, TOTAL AS P","mg/L",0.058
"09/22/1996","S65E","PHOSPHATE, TOTAL AS P","mg/L",0.065
"09/23/1996","S65E","PHOSPHATE, TOTAL AS P","mg/L",0.08
"09/24/1996","S65E","PHOSPHATE, TOTAL AS P","mg/L",0.069
"09/25/1996","S65E","PHOSPHATE, TOTAL AS P","mg/L",0.063
"09/26/1996","S65E","PHOSPHATE, TOTAL AS P","mg/L",0.08
"09/27/1996","S65E","PHOSPHATE, TOTAL AS P","mg/L",0.068
"09/28/1996","S65E","PHOSPHATE, TOTAL AS P","mg/L",0.076
"09/29/1996","S65E","PHOSPHATE, TOTAL AS P","mg/L",0.086
"09/30/1996","S65E","PHOSPHATE, TOTAL AS P","mg/L",0.079
"10/01/1996","S65E","PHOSPHATE, TOTAL AS P","mg/L",0.0446666666666667
"10/02/1996","S65E","PHOSPHATE, TOTAL AS P","mg/L",0.083
"10/03/1996","S65E","PHOSPHATE, TOTAL AS P","mg/L",0.07
"10/04/1996","S65E","PHOSPHATE, TOTAL AS P","mg/L",0.073
"10/05/1996","S65E","PHOSPHATE, TOTAL AS P","mg/L",0.069
"10/06/1996","S65E","PHOSPHATE, TOTAL AS P","mg/L",0.088
"10/07/1996","S65E","PHOSPHATE, TOTAL AS P","mg/L",0.088
"10/08/1996","S65E","PHOSPHATE, TOTAL AS P","mg/L",0.082
"10/09/1996","S65E","PHOSPHATE, TOTAL AS P","mg/L",0.096
"10/15/1996","S65E","PHOSPHATE, TOTAL AS P","mg/L",0.0355
"10/18/1996","S65E","PHOSPHATE, TOTAL AS P","mg/L",0.057
"10/19/1996","S65E","PHOSPHATE, TOTAL AS P","mg/L",0.067
"10/20/1996","S65E","PHOSPHATE, TOTAL AS P","mg/L",0.073
"10/21/1996","S65E","PHOSPHATE, TOTAL AS P","mg/L",0.076
"10/22/1996","S65E","PHOSPHATE, TOTAL AS P","mg/L",0.066
"10/23/1996","S65E","PHOSPHATE, TOTAL AS P","mg/L",0.068
"10/24/1996","S65E","PHOSPHATE, TOTAL AS P","mg/L",0.058
"10/25/1996","S65E","PHOSPHATE, TOTAL AS P","mg/L",0.059
"10/26/1996","S65E","PHOSPHATE, TOTAL AS P","mg/L",0.054
"10/27/1996","S65E","PHOSPHATE, TOTAL AS P","mg/L",0.058
"10/28/1996","S65E","PHOSPHATE, TOTAL AS P","mg/L",0.059
"10/29/1996","S65E","PHOSPHATE, TOTAL AS P","mg/L",0.043
"10/30/1996","S65E","PHOSPHATE, TOTAL AS P","mg/L",0.053
"11/01/1996","S65E","PHOSPHATE, TOTAL AS P","mg/L",0.055
"11/02/1996","S65E","PHOSPHATE, TOTAL AS P","mg/L",0.055
"11/03/1996","S65E","PHOSPHATE, TOTAL AS P","mg/L",0.062
"11/04/1996","S65E","PHOSPHATE, TOTAL AS P","mg/L",0.0775
"11/05/1996","S65E","PHOSPHATE, TOTAL AS P","mg/L",0.066
"11/06/1996","S65E","PHOSPHATE, TOTAL AS P","mg/L",0.063
"11/07/1996","S65E","PHOSPHATE, TOTAL AS P","mg/L",0.071
"11/08/1996","S65E","PHOSPHATE, TOTAL AS P","mg/L",0.079
"11/09/1996","S65E","PHOSPHATE, TOTAL AS P","mg/L",0.079
"11/10/1996","S65E","PHOSPHATE, TOTAL AS P","mg/L",0.08
"11/11/1996","S65E","PHOSPHATE, TOTAL AS P","mg/L",0.073
"11/12/1996","S65E","PHOSPHATE, TOTAL AS P","mg/L",0.0533333333333333
"11/13/1996","S65E","PHOSPHATE, TOTAL AS P","mg/L",0.084
"11/14/1996","S65E","PHOSPHATE, TOTAL AS P","mg/L",0.094
"11/15/1996","S65E","PHOSPHATE, TOTAL AS P","mg/L",0.084
"11/16/1996","S65E","PHOSPHATE, TOTAL AS P","mg/L",0.076
"11/17/1996","S65E","PHOSPHATE, TOTAL AS P","mg/L",0.088
"11/18/1996","S65E","PHOSPHATE, TOTAL AS P","mg/L",0.073
"11/19/1996","S65E","PHOSPHATE, TOTAL AS P","mg/L",0.067
"11/20/1996","S65E","PHOSPHATE, TOTAL AS P","mg/L",0.065
"11/21/1996","S65E","PHOSPHATE, TOTAL AS P","mg/L",0.05
"11/22/1996","S65E","PHOSPHATE, TOTAL AS P","mg/L",0.075
"11/23/1996","S65E","PHOSPHATE, TOTAL AS P","mg/L",0.068
"11/24/1996","S65E","PHOSPHATE, TOTAL AS P","mg/L",0.065
"11/25/1996","S65E","PHOSPHATE, TOTAL AS P","mg/L",0.064
"11/26/1996","S65E","PHOSPHATE, TOTAL AS P","mg/L",0.026
"11/27/1996","S65E","PHOSPHATE, TOTAL AS P","mg/L",0.056
"11/28/1996","S65E","PHOSPHATE, TOTAL AS P","mg/L",0.064
"11/29/1996","S65E","PHOSPHATE, TOTAL AS P","mg/L",0.058
"11/30/1996","S65E","PHOSPHATE, TOTAL AS P","mg/L",0.058
"12/01/1996","S65E","PHOSPHATE, TOTAL AS P","mg/L",0.049
"12/02/1996","S65E","PHOSPHATE, TOTAL AS P","mg/L",0.048
"12/03/1996","S65E","PHOSPHATE, TOTAL AS P","mg/L",0.045
"12/04/1996","S65E","PHOSPHATE, TOTAL AS P","mg/L",0.047
"12/05/1996","S65E","PHOSPHATE, TOTAL AS P","mg/L",0.068
"12/06/1996","S65E","PHOSPHATE, TOTAL AS P","mg/L",0.052
"12/07/1996","S65E","PHOSPHATE, TOTAL AS P","mg/L",0.053
"12/08/1996","S65E","PHOSPHATE, TOTAL AS P","mg/L",0.05
"12/09/1996","S65E","PHOSPHATE, TOTAL AS P","mg/L",0.05
"12/10/1996","S65E","PHOSPHATE, TOTAL AS P","mg/L",0.0396666666666667
"12/11/1996","S65E","PHOSPHATE, TOTAL AS P","mg/L",0.047
"12/12/1996","S65E","PHOSPHATE, TOTAL AS P","mg/L",0.1205
"12/13/1996","S65E","PHOSPHATE, TOTAL AS P","mg/L",0.066
"12/14/1996","S65E","PHOSPHATE, TOTAL AS P","mg/L",0.061
"12/15/1996","S65E","PHOSPHATE, TOTAL AS P","mg/L",0.057
"12/16/1996","S65E","PHOSPHATE, TOTAL AS P","mg/L",0.057
"12/17/1996","S65E","PHOSPHATE, TOTAL AS P","mg/L",0.052
"12/18/1996","S65E","PHOSPHATE, TOTAL AS P","mg/L",0.0215
"12/19/1996","S65E","PHOSPHATE, TOTAL AS P","mg/L",0.056
"12/20/1996","S65E","PHOSPHATE, TOTAL AS P","mg/L",0.063
"12/21/1996","S65E","PHOSPHATE, TOTAL AS P","mg/L",0.057
"12/22/1996","S65E","PHOSPHATE, TOTAL AS P","mg/L",0.062
"12/23/1996","S65E","PHOSPHATE, TOTAL AS P","mg/L",0.062
"12/24/1996","S65E","PHOSPHATE, TOTAL AS P","mg/L",0.092
"12/25/1996","S65E","PHOSPHATE, TOTAL AS P","mg/L",0.066
"12/26/1996","S65E","PHOSPHATE, TOTAL AS P","mg/L",0.0496666666666667
"12/27/1996","S65E","PHOSPHATE, TOTAL AS P","mg/L",0.068
"12/28/1996","S65E","PHOSPHATE, TOTAL AS P","mg/L",0.058
"12/29/1996","S65E","PHOSPHATE, TOTAL AS P","mg/L",0.049
"12/30/1996","S65E","PHOSPHATE, TOTAL AS P","mg/L",0.047
"12/31/1996","S65E","PHOSPHATE, TOTAL AS P","mg/L",0.049
"01/01/1997","S65E","PHOSPHATE, TOTAL AS P","mg/L",0.049
"01/02/1997","S65E","PHOSPHATE, TOTAL AS P","mg/L",0.045
"01/03/1997","S65E","PHOSPHATE, TOTAL AS P","mg/L",0.05
"01/04/1997","S65E","PHOSPHATE, TOTAL AS P","mg/L",0.049
"01/05/1997","S65E","PHOSPHATE, TOTAL AS P","mg/L",0.048
"01/06/1997","S65E","PHOSPHATE, TOTAL AS P","mg/L",0.046
"01/07/1997","S65E","PHOSPHATE, TOTAL AS P","mg/L",0.038
"01/08/1997","S65E","PHOSPHATE, TOTAL AS P","mg/L",0.049
"01/09/1997","S65E","PHOSPHATE, TOTAL AS P","mg/L",0.051
"01/10/1997","S65E","PHOSPHATE, TOTAL AS P","mg/L",0.044
"01/11/1997","S65E","PHOSPHATE, TOTAL AS P","mg/L",0.046
"01/12/1997","S65E","PHOSPHATE, TOTAL AS P","mg/L",0.045
"01/13/1997","S65E","PHOSPHATE, TOTAL AS P","mg/L",0.071
"01/14/1997","S65E","PHOSPHATE, TOTAL AS P","mg/L",0.104
"01/15/1997","S65E","PHOSPHATE, TOTAL AS P","mg/L",0.097
"01/16/1997","S65E","PHOSPHATE, TOTAL AS P","mg/L",0.084
"01/17/1997","S65E","PHOSPHATE, TOTAL AS P","mg/L",0.098
"01/18/1997","S65E","PHOSPHATE, TOTAL AS P","mg/L",0.081
"01/19/1997","S65E","PHOSPHATE, TOTAL AS P","mg/L",0.103
"01/20/1997","S65E","PHOSPHATE, TOTAL AS P","mg/L",0.083
"01/21/1997","S65E","PHOSPHATE, TOTAL AS P","mg/L",0.0456666666666667
"01/22/1997","S65E","PHOSPHATE, TOTAL AS P","mg/L",0.072
"01/23/1997","S65E","PHOSPHATE, TOTAL AS P","mg/L",0.066
"01/24/1997","S65E","PHOSPHATE, TOTAL AS P","mg/L",0.059
"01/25/1997","S65E","PHOSPHATE, TOTAL AS P","mg/L",0.064
"01/26/1997","S65E","PHOSPHATE, TOTAL AS P","mg/L",0.058
"01/27/1997","S65E","PHOSPHATE, TOTAL AS P","mg/L",0.061
"01/28/1997","S65E","PHOSPHATE, TOTAL AS P","mg/L",0.064
"01/29/1997","S65E","PHOSPHATE, TOTAL AS P","mg/L",0.062
"01/30/1997","S65E","PHOSPHATE, TOTAL AS P","mg/L",0.0875
"01/31/1997","S65E","PHOSPHATE, TOTAL AS P","mg/L",0.07
"02/01/1997","S65E","PHOSPHATE, TOTAL AS P","mg/L",0.07
"02/02/1997","S65E","PHOSPHATE, TOTAL AS P","mg/L",0.07
"02/03/1997","S65E","PHOSPHATE, TOTAL AS P","mg/L",0.065
"02/04/1997","S65E","PHOSPHATE, TOTAL AS P","mg/L",0.078
"02/05/1997","S65E","PHOSPHATE, TOTAL AS P","mg/L",0.0345
"02/06/1997","S65E","PHOSPHATE, TOTAL AS P","mg/L",0.074
"02/07/1997","S65E","PHOSPHATE, TOTAL AS P","mg/L",0.08
"02/08/1997","S65E","PHOSPHATE, TOTAL AS P","mg/L",0.069
"02/09/1997","S65E","PHOSPHATE, TOTAL AS P","mg/L",0.061
"02/10/1997","S65E","PHOSPHATE, TOTAL AS P","mg/L",0.07
"02/11/1997","S65E","PHOSPHATE, TOTAL AS P","mg/L",0.052
"02/12/1997","S65E","PHOSPHATE, TOTAL AS P","mg/L",0.055
"02/13/1997","S65E","PHOSPHATE, TOTAL AS P","mg/L",0.062
"02/14/1997","S65E","PHOSPHATE, TOTAL AS P","mg/L",0.056
"02/15/1997","S65E","PHOSPHATE, TOTAL AS P","mg/L",0.054
"02/16/1997","S65E","PHOSPHATE, TOTAL AS P","mg/L",0.052
"02/17/1997","S65E","PHOSPHATE, TOTAL AS P","mg/L",0.054
"02/18/1997","S65E","PHOSPHATE, TOTAL AS P","mg/L",0.0306666666666667
"02/19/1997","S65E","PHOSPHATE, TOTAL AS P","mg/L",0.053
"02/20/1997","S65E","PHOSPHATE, TOTAL AS P","mg/L",0.05
"02/21/1997","S65E","PHOSPHATE, TOTAL AS P","mg/L",0.05
"02/22/1997","S65E","PHOSPHATE, TOTAL AS P","mg/L",0.049
"02/23/1997","S65E","PHOSPHATE, TOTAL AS P","mg/L",0.052
"02/24/1997","S65E","PHOSPHATE, TOTAL AS P","mg/L",0.045
"02/25/1997","S65E","PHOSPHATE, TOTAL AS P","mg/L",0.044
"02/26/1997","S65E","PHOSPHATE, TOTAL AS P","mg/L",0.05
"02/27/1997","S65E","PHOSPHATE, TOTAL AS P","mg/L",0.049
"02/28/1997","S65E","PHOSPHATE, TOTAL AS P","mg/L",0.049
"03/04/1997","S65E","PHOSPHATE, TOTAL AS P","mg/L",0.0185
"03/06/1997","S65E","PHOSPHATE, TOTAL AS P","mg/L",0.092
"03/07/1997","S65E","PHOSPHATE, TOTAL AS P","mg/L",0.059
"03/08/1997","S65E","PHOSPHATE, TOTAL AS P","mg/L",0.048
"03/09/1997","S65E","PHOSPHATE, TOTAL AS P","mg/L",0.043
"03/10/1997","S65E","PHOSPHATE, TOTAL AS P","mg/L",0.046
"03/11/1997","S65E","PHOSPHATE, TOTAL AS P","mg/L",0.053
"03/12/1997","S65E","PHOSPHATE, TOTAL AS P","mg/L",0.041
"03/13/1997","S65E","PHOSPHATE, TOTAL AS P","mg/L",0.046
"03/14/1997","S65E","PHOSPHATE, TOTAL AS P","mg/L",0.045
"03/15/1997","S65E","PHOSPHATE, TOTAL AS P","mg/L",0.055
"03/16/1997","S65E","PHOSPHATE, TOTAL AS P","mg/L",0.057
"03/17/1997","S65E","PHOSPHATE, TOTAL AS P","mg/L",0.051
"03/18/1997","S65E","PHOSPHATE, TOTAL AS P","mg/L",0.063
"03/19/1997","S65E","PHOSPHATE, TOTAL AS P","mg/L",0.055
"03/20/1997","S65E","PHOSPHATE, TOTAL AS P","mg/L",0.065
"03/21/1997","S65E","PHOSPHATE, TOTAL AS P","mg/L",0.064
"04/01/1997","S65E","PHOSPHATE, TOTAL AS P","mg/L",0.0325
"04/04/1997","S65E","PHOSPHATE, TOTAL AS P","mg/L",0.075
"04/05/1997","S65E","PHOSPHATE, TOTAL AS P","mg/L",0.081
"04/06/1997","S65E","PHOSPHATE, TOTAL AS P","mg/L",0.073
"04/07/1997","S65E","PHOSPHATE, TOTAL AS P","mg/L",0.072
"04/08/1997","S65E","PHOSPHATE, TOTAL AS P","mg/L",0.073
"04/09/1997","S65E","PHOSPHATE, TOTAL AS P","mg/L",0.0513333333333333
"04/10/1997","S65E","PHOSPHATE, TOTAL AS P","mg/L",0.092
"04/11/1997","S65E","PHOSPHATE, TOTAL AS P","mg/L",0.092
"04/12/1997","S65E","PHOSPHATE, TOTAL AS P","mg/L",0.089
"04/13/1997","S65E","PHOSPHATE, TOTAL AS P","mg/L",0.085
"04/14/1997","S65E","PHOSPHATE, TOTAL AS P","mg/L",0.083
"04/15/1997","S65E","PHOSPHATE, TOTAL AS P","mg/L",0.0795
"04/16/1997","S65E","PHOSPHATE, TOTAL AS P","mg/L",0.044
"04/17/1997","S65E","PHOSPHATE, TOTAL AS P","mg/L",0.0825
"04/18/1997","S65E","PHOSPHATE, TOTAL AS P","mg/L",0.083
"04/19/1997","S65E","PHOSPHATE, TOTAL AS P","mg/L",0.081
"04/20/1997","S65E","PHOSPHATE, TOTAL AS P","mg/L",0.087
"04/21/1997","S65E","PHOSPHATE, TOTAL AS P","mg/L",0.081
"04/22/1997","S65E","PHOSPHATE, TOTAL AS P","mg/L",0.081
"04/23/1997","S65E","PHOSPHATE, TOTAL AS P","mg/L",0.041
"04/24/1997","S65E","PHOSPHATE, TOTAL AS P","mg/L",0.084
"04/25/1997","S65E","PHOSPHATE, TOTAL AS P","mg/L",0.084
"04/26/1997","S65E","PHOSPHATE, TOTAL AS P","mg/L",0.088
"04/27/1997","S65E","PHOSPHATE, TOTAL AS P","mg/L",0.081
"04/28/1997","S65E","PHOSPHATE, TOTAL AS P","mg/L",0.074
"04/29/1997","S65E","PHOSPHATE, TOTAL AS P","mg/L",0.066
"04/30/1997","S65E","PHOSPHATE, TOTAL AS P","mg/L",0.084
"05/01/1997","S65E","PHOSPHATE, TOTAL AS P","mg/L",0.105
"05/02/1997","S65E","PHOSPHATE, TOTAL AS P","mg/L",0.143
"05/03/1997","S65E","PHOSPHATE, TOTAL AS P","mg/L",0.152
"05/04/1997","S65E","PHOSPHATE, TOTAL AS P","mg/L",0.141
"05/05/1997","S65E","PHOSPHATE, TOTAL AS P","mg/L",0.133
"05/06/1997","S65E","PHOSPHATE, TOTAL AS P","mg/L",0.143
"05/07/1997","S65E","PHOSPHATE, TOTAL AS P","mg/L",0.134
"05/08/1997","S65E","PHOSPHATE, TOTAL AS P","mg/L",0.131
"05/09/1997","S65E","PHOSPHATE, TOTAL AS P","mg/L",0.115
"05/10/1997","S65E","PHOSPHATE, TOTAL AS P","mg/L",0.112
"05/11/1997","S65E","PHOSPHATE, TOTAL AS P","mg/L",0.103
"05/12/1997","S65E","PHOSPHATE, TOTAL AS P","mg/L",0.089
"05/13/1997","S65E","PHOSPHATE, TOTAL AS P","mg/L",0.074
"05/14/1997","S65E","PHOSPHATE, TOTAL AS P","mg/L",0.086
"05/15/1997","S65E","PHOSPHATE, TOTAL AS P","mg/L",0.063
"05/16/1997","S65E","PHOSPHATE, TOTAL AS P","mg/L",0.056
"05/17/1997","S65E","PHOSPHATE, TOTAL AS P","mg/L",0.06
"05/18/1997","S65E","PHOSPHATE, TOTAL AS P","mg/L",0.068
"05/19/1997","S65E","PHOSPHATE, TOTAL AS P","mg/L",0.0625
"05/20/1997","S65E","PHOSPHATE, TOTAL AS P","mg/L",0.067
"05/21/1997","S65E","PHOSPHATE, TOTAL AS P","mg/L",0.062
"05/22/1997","S65E","PHOSPHATE, TOTAL AS P","mg/L",0.0565
"05/23/1997","S65E","PHOSPHATE, TOTAL AS P","mg/L",0.065
"05/24/1997","S65E","PHOSPHATE, TOTAL AS P","mg/L",0.055
"05/25/1997","S65E","PHOSPHATE, TOTAL AS P","mg/L",0.06
"05/26/1997","S65E","PHOSPHATE, TOTAL AS P","mg/L",0.057
"05/27/1997","S65E","PHOSPHATE, TOTAL AS P","mg/L",0.032
"05/28/1997","S65E","PHOSPHATE, TOTAL AS P","mg/L",0.0265
"05/29/1997","S65E","PHOSPHATE, TOTAL AS P","mg/L",0.078
"05/30/1997","S65E","PHOSPHATE, TOTAL AS P","mg/L",0.077
"05/31/1997","S65E","PHOSPHATE, TOTAL AS P","mg/L",0.071
"06/01/1997","S65E","PHOSPHATE, TOTAL AS P","mg/L",0.073
"06/02/1997","S65E","PHOSPHATE, TOTAL AS P","mg/L",0.069
"06/03/1997","S65E","PHOSPHATE, TOTAL AS P","mg/L",0.073
"06/04/1997","S65E","PHOSPHATE, TOTAL AS P","mg/L",0.074
"06/05/1997","S65E","PHOSPHATE, TOTAL AS P","mg/L",0.071
"06/06/1997","S65E","PHOSPHATE, TOTAL AS P","mg/L",0.083
"06/07/1997","S65E","PHOSPHATE, TOTAL AS P","mg/L",0.082
"06/08/1997","S65E","PHOSPHATE, TOTAL AS P","mg/L",0.068
"06/09/1997","S65E","PHOSPHATE, TOTAL AS P","mg/L",0.08
"06/10/1997","S65E","PHOSPHATE, TOTAL AS P","mg/L",0.075
"06/11/1997","S65E","PHOSPHATE, TOTAL AS P","mg/L",0.091
"06/12/1997","S65E","PHOSPHATE, TOTAL AS P","mg/L",0.073
"06/13/1997","S65E","PHOSPHATE, TOTAL AS P","mg/L",0.085
"06/14/1997","S65E","PHOSPHATE, TOTAL AS P","mg/L",0.078
"06/19/1997","S65E","PHOSPHATE, TOTAL AS P","mg/L",0.161
"06/20/1997","S65E","PHOSPHATE, TOTAL AS P","mg/L",0.155
"06/21/1997","S65E","PHOSPHATE, TOTAL AS P","mg/L",0.145
"06/22/1997","S65E","PHOSPHATE, TOTAL AS P","mg/L",0.164
"06/23/1997","S65E","PHOSPHATE, TOTAL AS P","mg/L",0.111
"06/24/1997","S65E","PHOSPHATE, TOTAL AS P","mg/L",0.061
"06/25/1997","S65E","PHOSPHATE, TOTAL AS P","mg/L",0.106
"06/26/1997","S65E","PHOSPHATE, TOTAL AS P","mg/L",0.068
"06/27/1997","S65E","PHOSPHATE, TOTAL AS P","mg/L",0.07
"06/28/1997","S65E","PHOSPHATE, TOTAL AS P","mg/L",0.071
"06/29/1997","S65E","PHOSPHATE, TOTAL AS P","mg/L",0.091
"06/30/1997","S65E","PHOSPHATE, TOTAL AS P","mg/L",0.077
"07/01/1997","S65E","PHOSPHATE, TOTAL AS P","mg/L",0.069
"07/02/1997","S65E","PHOSPHATE, TOTAL AS P","mg/L",0.066
"07/03/1997","S65E","PHOSPHATE, TOTAL AS P","mg/L",0.111
"07/04/1997","S65E","PHOSPHATE, TOTAL AS P","mg/L",0.095
"07/05/1997","S65E","PHOSPHATE, TOTAL AS P","mg/L",0.112
"07/06/1997","S65E","PHOSPHATE, TOTAL AS P","mg/L",0.109
"07/07/1997","S65E","PHOSPHATE, TOTAL AS P","mg/L",0.096
"07/08/1997","S65E","PHOSPHATE, TOTAL AS P","mg/L",0.095
"07/09/1997","S65E","PHOSPHATE, TOTAL AS P","mg/L",0.124
"07/10/1997","S65E","PHOSPHATE, TOTAL AS P","mg/L",0.108
"07/11/1997","S65E","PHOSPHATE, TOTAL AS P","mg/L",0.1175
"07/12/1997","S65E","PHOSPHATE, TOTAL AS P","mg/L",0.0997
"07/13/1997","S65E","PHOSPHATE, TOTAL AS P","mg/L",0.1914
"07/14/1997","S65E","PHOSPHATE, TOTAL AS P","mg/L",0.1409
"07/15/1997","S65E","PHOSPHATE, TOTAL AS P","mg/L",0.096
"07/16/1997","S65E","PHOSPHATE, TOTAL AS P","mg/L",0.0633333333333333
"07/17/1997","S65E","PHOSPHATE, TOTAL AS P","mg/L",0.112
"07/18/1997","S65E","PHOSPHATE, TOTAL AS P","mg/L",0.159
"07/19/1997","S65E","PHOSPHATE, TOTAL AS P","mg/L",0.167
"07/20/1997","S65E","PHOSPHATE, TOTAL AS P","mg/L",0.138
"07/21/1997","S65E","PHOSPHATE, TOTAL AS P","mg/L",0.124
"07/22/1997","S65E","PHOSPHATE, TOTAL AS P","mg/L",0.1445
"07/23/1997","S65E","PHOSPHATE, TOTAL AS P","mg/L",0.165
"07/24/1997","S65E","PHOSPHATE, TOTAL AS P","mg/L",0.105
"07/25/1997","S65E","PHOSPHATE, TOTAL AS P","mg/L",0.154
"07/26/1997","S65E","PHOSPHATE, TOTAL AS P","mg/L",0.148
"07/27/1997","S65E","PHOSPHATE, TOTAL AS P","mg/L",0.171
"07/28/1997","S65E","PHOSPHATE, TOTAL AS P","mg/L",0.135
"07/29/1997","S65E","PHOSPHATE, TOTAL AS P","mg/L",0.122
"07/30/1997","S65E","PHOSPHATE, TOTAL AS P","mg/L",0.119
"07/31/1997","S65E","PHOSPHATE, TOTAL AS P","mg/L",0.125
"08/01/1997","S65E","PHOSPHATE, TOTAL AS P","mg/L",0.079
"08/02/1997","S65E","PHOSPHATE, TOTAL AS P","mg/L",0.107
"08/03/1997","S65E","PHOSPHATE, TOTAL AS P","mg/L",0.097
"08/04/1997","S65E","PHOSPHATE, TOTAL AS P","mg/L",0.13
"08/05/1997","S65E","PHOSPHATE, TOTAL AS P","mg/L",0.1385
"08/06/1997","S65E","PHOSPHATE, TOTAL AS P","mg/L",0.126
"08/07/1997","S65E","PHOSPHATE, TOTAL AS P","mg/L",0.114
"08/08/1997","S65E","PHOSPHATE, TOTAL AS P","mg/L",0.157
"08/09/1997","S65E","PHOSPHATE, TOTAL AS P","mg/L",0.142
"08/10/1997","S65E","PHOSPHATE, TOTAL AS P","mg/L",0.186
"08/11/1997","S65E","PHOSPHATE, TOTAL AS P","mg/L",0.195
"08/12/1997","S65E","PHOSPHATE, TOTAL AS P","mg/L",0.144
"08/13/1997","S65E","PHOSPHATE, TOTAL AS P","mg/L",0.151
"08/14/1997","S65E","PHOSPHATE, TOTAL AS P","mg/L",0.153
"08/15/1997","S65E","PHOSPHATE, TOTAL AS P","mg/L",0.155
"08/16/1997","S65E","PHOSPHATE, TOTAL AS P","mg/L",0.148
"08/19/1997","S65E","PHOSPHATE, TOTAL AS P","mg/L",0.088
"08/21/1997","S65E","PHOSPHATE, TOTAL AS P","mg/L",0.157
"08/22/1997","S65E","PHOSPHATE, TOTAL AS P","mg/L",0.137
"08/23/1997","S65E","PHOSPHATE, TOTAL AS P","mg/L",0.127
"08/24/1997","S65E","PHOSPHATE, TOTAL AS P","mg/L",0.152
"08/25/1997","S65E","PHOSPHATE, TOTAL AS P","mg/L",0.156
"08/26/1997","S65E","PHOSPHATE, TOTAL AS P","mg/L",0.138
"08/27/1997","S65E","PHOSPHATE, TOTAL AS P","mg/L",0.131
"08/28/1997","S65E","PHOSPHATE, TOTAL AS P","mg/L",0.12025
"08/29/1997","S65E","PHOSPHATE, TOTAL AS P","mg/L",0.159
"08/30/1997","S65E","PHOSPHATE, TOTAL AS P","mg/L",0.145
"09/02/1997","S65E","PHOSPHATE, TOTAL AS P","mg/L",0.0382
"09/04/1997","S65E","PHOSPHATE, TOTAL AS P","mg/L",0.179
"09/05/1997","S65E","PHOSPHATE, TOTAL AS P","mg/L",0.196
"09/06/1997","S65E","PHOSPHATE, TOTAL AS P","mg/L",0.191
"09/07/1997","S65E","PHOSPHATE, TOTAL AS P","mg/L",0.152
"09/08/1997","S65E","PHOSPHATE, TOTAL AS P","mg/L",0.194
"09/09/1997","S65E","PHOSPHATE, TOTAL AS P","mg/L",0.164
"09/10/1997","S65E","PHOSPHATE, TOTAL AS P","mg/L",0.173
"09/11/1997","S65E","PHOSPHATE, TOTAL AS P","mg/L",0.173
"09/12/1997","S65E","PHOSPHATE, TOTAL AS P","mg/L",0.21
"09/13/1997","S65E","PHOSPHATE, TOTAL AS P","mg/L",0.165
"09/14/1997","S65E","PHOSPHATE, TOTAL AS P","mg/L",0.18
"09/15/1997","S65E","PHOSPHATE, TOTAL AS P","mg/L",0.172
"09/16/1997","S65E","PHOSPHATE, TOTAL AS P","mg/L",0.103
"09/18/1997","S65E","PHOSPHATE, TOTAL AS P","mg/L",0.239
"09/19/1997","S65E","PHOSPHATE, TOTAL AS P","mg/L",0.162
"09/20/1997","S65E","PHOSPHATE, TOTAL AS P","mg/L",0.165
"09/21/1997","S65E","PHOSPHATE, TOTAL AS P","mg/L",0.161
"09/22/1997","S65E","PHOSPHATE, TOTAL AS P","mg/L",0.158
"09/23/1997","S65E","PHOSPHATE, TOTAL AS P","mg/L",0.149
"09/24/1997","S65E","PHOSPHATE, TOTAL AS P","mg/L",0.151
"09/25/1997","S65E","PHOSPHATE, TOTAL AS P","mg/L",0.204
"09/26/1997","S65E","PHOSPHATE, TOTAL AS P","mg/L",0.195
"09/27/1997","S65E","PHOSPHATE, TOTAL AS P","mg/L",0.176
"09/28/1997","S65E","PHOSPHATE, TOTAL AS P","mg/L",0.166
"09/29/1997","S65E","PHOSPHATE, TOTAL AS P","mg/L",0.166
"09/30/1997","S65E","PHOSPHATE, TOTAL AS P","mg/L",0.127
"10/01/1997","S65E","PHOSPHATE, TOTAL AS P","mg/L",0.174
"10/02/1997","S65E","PHOSPHATE, TOTAL AS P","mg/L",0.183
"10/03/1997","S65E","PHOSPHATE, TOTAL AS P","mg/L",0.159
"10/04/1997","S65E","PHOSPHATE, TOTAL AS P","mg/L",0.146
"10/05/1997","S65E","PHOSPHATE, TOTAL AS P","mg/L",0.148
"10/06/1997","S65E","PHOSPHATE, TOTAL AS P","mg/L",0.208
"10/07/1997","S65E","PHOSPHATE, TOTAL AS P","mg/L",0.189
"10/08/1997","S65E","PHOSPHATE, TOTAL AS P","mg/L",0.197
"10/09/1997","S65E","PHOSPHATE, TOTAL AS P","mg/L",0.161
"10/10/1997","S65E","PHOSPHATE, TOTAL AS P","mg/L",0.135
"10/11/1997","S65E","PHOSPHATE, TOTAL AS P","mg/L",0.105
"10/12/1997","S65E","PHOSPHATE, TOTAL AS P","mg/L",0.099
"10/13/1997","S65E","PHOSPHATE, TOTAL AS P","mg/L",0.121
"10/14/1997","S65E","PHOSPHATE, TOTAL AS P","mg/L",0.1175
"10/15/1997","S65E","PHOSPHATE, TOTAL AS P","mg/L",0.111
"10/16/1997","S65E","PHOSPHATE, TOTAL AS P","mg/L",0.135
"10/17/1997","S65E","PHOSPHATE, TOTAL AS P","mg/L",0.107
"10/18/1997","S65E","PHOSPHATE, TOTAL AS P","mg/L",0.107
"10/19/1997","S65E","PHOSPHATE, TOTAL AS P","mg/L",0.103
"10/20/1997","S65E","PHOSPHATE, TOTAL AS P","mg/L",0.104
"10/21/1997","S65E","PHOSPHATE, TOTAL AS P","mg/L",0.093
"10/22/1997","S65E","PHOSPHATE, TOTAL AS P","mg/L",0.088
"10/23/1997","S65E","PHOSPHATE, TOTAL AS P","mg/L",0.086
"10/24/1997","S65E","PHOSPHATE, TOTAL AS P","mg/L",0.089
"10/25/1997","S65E","PHOSPHATE, TOTAL AS P","mg/L",0.103
"10/26/1997","S65E","PHOSPHATE, TOTAL AS P","mg/L",0.087
"10/27/1997","S65E","PHOSPHATE, TOTAL AS P","mg/L",0.082
"10/28/1997","S65E","PHOSPHATE, TOTAL AS P","mg/L",0.091
"10/29/1997","S65E","PHOSPHATE, TOTAL AS P","mg/L",0.088
"10/30/1997","S65E","PHOSPHATE, TOTAL AS P","mg/L",0.088
"10/31/1997","S65E","PHOSPHATE, TOTAL AS P","mg/L",0.088
"11/01/1997","S65E","PHOSPHATE, TOTAL AS P","mg/L",0.085
"11/02/1997","S65E","PHOSPHATE, TOTAL AS P","mg/L",0.085
"11/03/1997","S65E","PHOSPHATE, TOTAL AS P","mg/L",0.091
"11/04/1997","S65E","PHOSPHATE, TOTAL AS P","mg/L",0.093
"11/05/1997","S65E","PHOSPHATE, TOTAL AS P","mg/L",0.091
"11/06/1997","S65E","PHOSPHATE, TOTAL AS P","mg/L",0.093
"11/07/1997","S65E","PHOSPHATE, TOTAL AS P","mg/L",0.082
"11/08/1997","S65E","PHOSPHATE, TOTAL AS P","mg/L",0.08
"11/09/1997","S65E","PHOSPHATE, TOTAL AS P","mg/L",0.091
"11/10/1997","S65E","PHOSPHATE, TOTAL AS P","mg/L",0.081
"11/11/1997","S65E","PHOSPHATE, TOTAL AS P","mg/L",0.072
"11/12/1997","S65E","PHOSPHATE, TOTAL AS P","mg/L",0.078
"11/17/1997","S65E","PHOSPHATE, TOTAL AS P","mg/L",0.081
"11/25/1997","S65E","PHOSPHATE, TOTAL AS P","mg/L",0.065
"11/27/1997","S65E","PHOSPHATE, TOTAL AS P","mg/L",0.148
"11/28/1997","S65E","PHOSPHATE, TOTAL AS P","mg/L",0.067
"11/29/1997","S65E","PHOSPHATE, TOTAL AS P","mg/L",0.069
"11/30/1997","S65E","PHOSPHATE, TOTAL AS P","mg/L",0.065
"12/01/1997","S65E","PHOSPHATE, TOTAL AS P","mg/L",0.058
"12/02/1997","S65E","PHOSPHATE, TOTAL AS P","mg/L",0.059
"12/03/1997","S65E","PHOSPHATE, TOTAL AS P","mg/L",0.062
"12/09/1997","S65E","PHOSPHATE, TOTAL AS P","mg/L",0.092
"12/18/1997","S65E","PHOSPHATE, TOTAL AS P","mg/L",0.205
"12/19/1997","S65E","PHOSPHATE, TOTAL AS P","mg/L",0.176
"12/20/1997","S65E","PHOSPHATE, TOTAL AS P","mg/L",0.167
"12/21/1997","S65E","PHOSPHATE, TOTAL AS P","mg/L",0.165
"12/22/1997","S65E","PHOSPHATE, TOTAL AS P","mg/L",0.156
"12/23/1997","S65E","PHOSPHATE, TOTAL AS P","mg/L",0.104
"12/24/1997","S65E","PHOSPHATE, TOTAL AS P","mg/L",0.124
"12/25/1997","S65E","PHOSPHATE, TOTAL AS P","mg/L",0.138
"12/26/1997","S65E","PHOSPHATE, TOTAL AS P","mg/L",0.12
"12/27/1997","S65E","PHOSPHATE, TOTAL AS P","mg/L",0.121
"12/28/1997","S65E","PHOSPHATE, TOTAL AS P","mg/L",0.134
"12/29/1997","S65E","PHOSPHATE, TOTAL AS P","mg/L",0.148
"12/30/1997","S65E","PHOSPHATE, TOTAL AS P","mg/L",0.122
"12/31/1997","S65E","PHOSPHATE, TOTAL AS P","mg/L",0.14
"01/01/1998","S65E","PHOSPHATE, TOTAL AS P","mg/L",0.139
"01/02/1998","S65E","PHOSPHATE, TOTAL AS P","mg/L",0.14
"01/03/1998","S65E","PHOSPHATE, TOTAL AS P","mg/L",0.157
"01/04/1998","S65E","PHOSPHATE, TOTAL AS P","mg/L",0.183
"01/05/1998","S65E","PHOSPHATE, TOTAL AS P","mg/L",0.154
"01/06/1998","S65E","PHOSPHATE, TOTAL AS P","mg/L",0.103
"01/07/1998","S65E","PHOSPHATE, TOTAL AS P","mg/L",0.132
"01/08/1998","S65E","PHOSPHATE, TOTAL AS P","mg/L",0.101
"01/09/1998","S65E","PHOSPHATE, TOTAL AS P","mg/L",0.072
"01/10/1998","S65E","PHOSPHATE, TOTAL AS P","mg/L",0.106
"01/11/1998","S65E","PHOSPHATE, TOTAL AS P","mg/L",0.127
"01/12/1998","S65E","PHOSPHATE, TOTAL AS P","mg/L",0.125
"01/13/1998","S65E","PHOSPHATE, TOTAL AS P","mg/L",0.121
"01/14/1998","S65E","PHOSPHATE, TOTAL AS P","mg/L",0.114
"01/15/1998","S65E","PHOSPHATE, TOTAL AS P","mg/L",0.15
"01/16/1998","S65E","PHOSPHATE, TOTAL AS P","mg/L",0.155
"01/17/1998","S65E","PHOSPHATE, TOTAL AS P","mg/L",0.224
"01/18/1998","S65E","PHOSPHATE, TOTAL AS P","mg/L",0.229
"01/19/1998","S65E","PHOSPHATE, TOTAL AS P","mg/L",0.283
"01/20/1998","S65E","PHOSPHATE, TOTAL AS P","mg/L",0.069
"01/21/1998","S65E","PHOSPHATE, TOTAL AS P","mg/L",0.266
"01/22/1998","S65E","PHOSPHATE, TOTAL AS P","mg/L",0.271
"01/23/1998","S65E","PHOSPHATE, TOTAL AS P","mg/L",0.266
"01/24/1998","S65E","PHOSPHATE, TOTAL AS P","mg/L",0.296
"01/25/1998","S65E","PHOSPHATE, TOTAL AS P","mg/L",0.257
"01/26/1998","S65E","PHOSPHATE, TOTAL AS P","mg/L",0.28
"01/27/1998","S65E","PHOSPHATE, TOTAL AS P","mg/L",0.347
"01/28/1998","S65E","PHOSPHATE, TOTAL AS P","mg/L",0.291
"01/29/1998","S65E","PHOSPHATE, TOTAL AS P","mg/L",0.24
"01/30/1998","S65E","PHOSPHATE, TOTAL AS P","mg/L",0.213
"01/31/1998","S65E","PHOSPHATE, TOTAL AS P","mg/L",0.198
"02/01/1998","S65E","PHOSPHATE, TOTAL AS P","mg/L",0.169
"02/02/1998","S65E","PHOSPHATE, TOTAL AS P","mg/L",0.151
"02/03/1998","S65E","PHOSPHATE, TOTAL AS P","mg/L",0.1205
"02/04/1998","S65E","PHOSPHATE, TOTAL AS P","mg/L",0.137
"02/17/1998","S65E","PHOSPHATE, TOTAL AS P","mg/L",0.097
"02/18/1998","S65E","PHOSPHATE, TOTAL AS P","mg/L",0.11
"02/19/1998","S65E","PHOSPHATE, TOTAL AS P","mg/L",0.173
"02/20/1998","S65E","PHOSPHATE, TOTAL AS P","mg/L",0.187
"02/21/1998","S65E","PHOSPHATE, TOTAL AS P","mg/L",0.257
"02/22/1998","S65E","PHOSPHATE, TOTAL AS P","mg/L",0.247
"02/23/1998","S65E","PHOSPHATE, TOTAL AS P","mg/L",0.211
"02/24/1998","S65E","PHOSPHATE, TOTAL AS P","mg/L",0.184
"02/25/1998","S65E","PHOSPHATE, TOTAL AS P","mg/L",0.124
"03/03/1998","S65E","PHOSPHATE, TOTAL AS P","mg/L",0.071
"03/13/1998","S65E","PHOSPHATE, TOTAL AS P","mg/L",0.07
"03/14/1998","S65E","PHOSPHATE, TOTAL AS P","mg/L",0.069
"03/15/1998","S65E","PHOSPHATE, TOTAL AS P","mg/L",0.065
"03/16/1998","S65E","PHOSPHATE, TOTAL AS P","mg/L",0.066
"03/17/1998","S65E","PHOSPHATE, TOTAL AS P","mg/L",0.0625
"03/18/1998","S65E","PHOSPHATE, TOTAL AS P","mg/L",0.067
"03/19/1998","S65E","PHOSPHATE, TOTAL AS P","mg/L",0.064
"03/20/1998","S65E","PHOSPHATE, TOTAL AS P","mg/L",0.061
"03/21/1998","S65E","PHOSPHATE, TOTAL AS P","mg/L",0.098
"03/22/1998","S65E","PHOSPHATE, TOTAL AS P","mg/L",0.088
"03/23/1998","S65E","PHOSPHATE, TOTAL AS P","mg/L",0.088
"03/24/1998","S65E","PHOSPHATE, TOTAL AS P","mg/L",0.105
"03/25/1998","S65E","PHOSPHATE, TOTAL AS P","mg/L",0.086
"03/26/1998","S65E","PHOSPHATE, TOTAL AS P","mg/L",0.095
"03/27/1998","S65E","PHOSPHATE, TOTAL AS P","mg/L",0.084
"03/28/1998","S65E","PHOSPHATE, TOTAL AS P","mg/L",0.084
"03/29/1998","S65E","PHOSPHATE, TOTAL AS P","mg/L",0.08
"03/30/1998","S65E","PHOSPHATE, TOTAL AS P","mg/L",0.084
"03/31/1998","S65E","PHOSPHATE, TOTAL AS P","mg/L",0.0795
"04/01/1998","S65E","PHOSPHATE, TOTAL AS P","mg/L",0.085
"04/02/1998","S65E","PHOSPHATE, TOTAL AS P","mg/L",0.083
"04/03/1998","S65E","PHOSPHATE, TOTAL AS P","mg/L",0.081
"04/04/1998","S65E","PHOSPHATE, TOTAL AS P","mg/L",0.081
"04/05/1998","S65E","PHOSPHATE, TOTAL AS P","mg/L",0.073
"04/06/1998","S65E","PHOSPHATE, TOTAL AS P","mg/L",0.076
"04/07/1998","S65E","PHOSPHATE, TOTAL AS P","mg/L",0.082
"04/08/1998","S65E","PHOSPHATE, TOTAL AS P","mg/L",0.086
"04/09/1998","S65E","PHOSPHATE, TOTAL AS P","mg/L",0.082
"04/10/1998","S65E","PHOSPHATE, TOTAL AS P","mg/L",0.078
"04/11/1998","S65E","PHOSPHATE, TOTAL AS P","mg/L",0.065
"04/12/1998","S65E","PHOSPHATE, TOTAL AS P","mg/L",0.064
"04/13/1998","S65E","PHOSPHATE, TOTAL AS P","mg/L",0.062
"04/14/1998","S65E","PHOSPHATE, TOTAL AS P","mg/L",0.0565
"04/15/1998","S65E","PHOSPHATE, TOTAL AS P","mg/L",0.06
"04/16/1998","S65E","PHOSPHATE, TOTAL AS P","mg/L",0.062
"04/17/1998","S65E","PHOSPHATE, TOTAL AS P","mg/L",0.083
"04/18/1998","S65E","PHOSPHATE, TOTAL AS P","mg/L",0.062
"04/19/1998","S65E","PHOSPHATE, TOTAL AS P","mg/L",0.078
"04/20/1998","S65E","PHOSPHATE, TOTAL AS P","mg/L",0.074
"04/21/1998","S65E","PHOSPHATE, TOTAL AS P","mg/L",0.067
"04/22/1998","S65E","PHOSPHATE, TOTAL AS P","mg/L",0.072
"04/23/1998","S65E","PHOSPHATE, TOTAL AS P","mg/L",0.053
"04/24/1998","S65E","PHOSPHATE, TOTAL AS P","mg/L",0.052
"04/25/1998","S65E","PHOSPHATE, TOTAL AS P","mg/L",0.048
"04/26/1998","S65E","PHOSPHATE, TOTAL AS P","mg/L",0.06
"04/27/1998","S65E","PHOSPHATE, TOTAL AS P","mg/L",0.056
"04/28/1998","S65E","PHOSPHATE, TOTAL AS P","mg/L",0.076
"04/29/1998","S65E","PHOSPHATE, TOTAL AS P","mg/L",0.055
"05/07/1998","S65E","PHOSPHATE, TOTAL AS P","mg/L",0.063
"05/08/1998","S65E","PHOSPHATE, TOTAL AS P","mg/L",0.068
"05/09/1998","S65E","PHOSPHATE, TOTAL AS P","mg/L",0.059
"05/10/1998","S65E","PHOSPHATE, TOTAL AS P","mg/L",0.063
"05/11/1998","S65E","PHOSPHATE, TOTAL AS P","mg/L",0.062
"05/12/1998","S65E","PHOSPHATE, TOTAL AS P","mg/L",0.067
"05/13/1998","S65E","PHOSPHATE, TOTAL AS P","mg/L",0.04
"05/14/1998","S65E","PHOSPHATE, TOTAL AS P","mg/L",0.056
"05/15/1998","S65E","PHOSPHATE, TOTAL AS P","mg/L",0.05
"05/16/1998","S65E","PHOSPHATE, TOTAL AS P","mg/L",0.052
"05/17/1998","S65E","PHOSPHATE, TOTAL AS P","mg/L",0.064
"05/18/1998","S65E","PHOSPHATE, TOTAL AS P","mg/L",0.068
"05/19/1998","S65E","PHOSPHATE, TOTAL AS P","mg/L",0.051
"05/20/1998","S65E","PHOSPHATE, TOTAL AS P","mg/L",0.057
"05/21/1998","S65E","PHOSPHATE, TOTAL AS P","mg/L",0.063
"05/22/1998","S65E","PHOSPHATE, TOTAL AS P","mg/L",0.055
"05/23/1998","S65E","PHOSPHATE, TOTAL AS P","mg/L",0.056
"05/24/1998","S65E","PHOSPHATE, TOTAL AS P","mg/L",0.055
"05/25/1998","S65E","PHOSPHATE, TOTAL AS P","mg/L",0.053
"05/26/1998","S65E","PHOSPHATE, TOTAL AS P","mg/L",0.064
"05/27/1998","S65E","PHOSPHATE, TOTAL AS P","mg/L",0.049
"05/28/1998","S65E","PHOSPHATE, TOTAL AS P","mg/L",0.054
"05/29/1998","S65E","PHOSPHATE, TOTAL AS P","mg/L",0.047
"05/30/1998","S65E","PHOSPHATE, TOTAL AS P","mg/L",0.051
"05/31/1998","S65E","PHOSPHATE, TOTAL AS P","mg/L",0.051
"06/01/1998","S65E","PHOSPHATE, TOTAL AS P","mg/L",0.07
"06/02/1998","S65E","PHOSPHATE, TOTAL AS P","mg/L",0.071
"06/03/1998","S65E","PHOSPHATE, TOTAL AS P","mg/L",0.053
"06/04/1998","S65E","PHOSPHATE, TOTAL AS P","mg/L",0.066
"06/05/1998","S65E","PHOSPHATE, TOTAL AS P","mg/L",0.061
"06/06/1998","S65E","PHOSPHATE, TOTAL AS P","mg/L",0.058
"06/07/1998","S65E","PHOSPHATE, TOTAL AS P","mg/L",0.052
"06/08/1998","S65E","PHOSPHATE, TOTAL AS P","mg/L",0.045
"06/09/1998","S65E","PHOSPHATE, TOTAL AS P","mg/L",0.0705
"06/10/1998","S65E","PHOSPHATE, TOTAL AS P","mg/L",0.053
"06/11/1998","S65E","PHOSPHATE, TOTAL AS P","mg/L",0.056
"06/12/1998","S65E","PHOSPHATE, TOTAL AS P","mg/L",0.066
"06/13/1998","S65E","PHOSPHATE, TOTAL AS P","mg/L",0.064
"06/14/1998","S65E","PHOSPHATE, TOTAL AS P","mg/L",0.062
"06/15/1998","S65E","PHOSPHATE, TOTAL AS P","mg/L",0.054
"06/16/1998","S65E","PHOSPHATE, TOTAL AS P","mg/L",0.044
"06/17/1998","S65E","PHOSPHATE, TOTAL AS P","mg/L",0.049
"06/18/1998","S65E","PHOSPHATE, TOTAL AS P","mg/L",0.064
"06/19/1998","S65E","PHOSPHATE, TOTAL AS P","mg/L",0.054
"06/20/1998","S65E","PHOSPHATE, TOTAL AS P","mg/L",0.049
"06/21/1998","S65E","PHOSPHATE, TOTAL AS P","mg/L",0.049
"06/22/1998","S65E","PHOSPHATE, TOTAL AS P","mg/L",0.046
"06/23/1998","S65E","PHOSPHATE, TOTAL AS P","mg/L",0.0565
"06/24/1998","S65E","PHOSPHATE, TOTAL AS P","mg/L",0.055
"06/25/1998","S65E","PHOSPHATE, TOTAL AS P","mg/L",0.12
"06/26/1998","S65E","PHOSPHATE, TOTAL AS P","mg/L",0.093
"06/27/1998","S65E","PHOSPHATE, TOTAL AS P","mg/L",0.098
"06/28/1998","S65E","PHOSPHATE, TOTAL AS P","mg/L",0.089
"06/29/1998","S65E","PHOSPHATE, TOTAL AS P","mg/L",0.07
"06/30/1998","S65E","PHOSPHATE, TOTAL AS P","mg/L",0.062
"07/01/1998","S65E","PHOSPHATE, TOTAL AS P","mg/L",0.035
"07/02/1998","S65E","PHOSPHATE, TOTAL AS P","mg/L",0.077
"07/03/1998","S65E","PHOSPHATE, TOTAL AS P","mg/L",0.101
"07/04/1998","S65E","PHOSPHATE, TOTAL AS P","mg/L",0.129
"07/05/1998","S65E","PHOSPHATE, TOTAL AS P","mg/L",0.113
"07/06/1998","S65E","PHOSPHATE, TOTAL AS P","mg/L",0.074
"07/07/1998","S65E","PHOSPHATE, TOTAL AS P","mg/L",0.0645
"07/08/1998","S65E","PHOSPHATE, TOTAL AS P","mg/L",0.07
"07/09/1998","S65E","PHOSPHATE, TOTAL AS P","mg/L",0.081
"07/10/1998","S65E","PHOSPHATE, TOTAL AS P","mg/L",0.102
"07/11/1998","S65E","PHOSPHATE, TOTAL AS P","mg/L",0.125
"07/12/1998","S65E","PHOSPHATE, TOTAL AS P","mg/L",0.161
"07/13/1998","S65E","PHOSPHATE, TOTAL AS P","mg/L",0.117
"07/14/1998","S65E","PHOSPHATE, TOTAL AS P","mg/L",0.078
"07/15/1998","S65E","PHOSPHATE, TOTAL AS P","mg/L",0.05
"07/21/1998","S65E","PHOSPHATE, TOTAL AS P","mg/L",0.15
"07/23/1998","S65E","PHOSPHATE, TOTAL AS P","mg/L",0.15
"07/24/1998","S65E","PHOSPHATE, TOTAL AS P","mg/L",0.187
"07/25/1998","S65E","PHOSPHATE, TOTAL AS P","mg/L",0.188
"07/26/1998","S65E","PHOSPHATE, TOTAL AS P","mg/L",0.204
"07/27/1998","S65E","PHOSPHATE, TOTAL AS P","mg/L",0.225
"07/28/1998","S65E","PHOSPHATE, TOTAL AS P","mg/L",0.238
"07/29/1998","S65E","PHOSPHATE, TOTAL AS P","mg/L",0.4
"08/04/1998","S65E","PHOSPHATE, TOTAL AS P","mg/L",0.162
"08/14/1998","S65E","PHOSPHATE, TOTAL AS P","mg/L",0.226
"08/15/1998","S65E","PHOSPHATE, TOTAL AS P","mg/L",0.251
"08/16/1998","S65E","PHOSPHATE, TOTAL AS P","mg/L",0.253
"08/17/1998","S65E","PHOSPHATE, TOTAL AS P","mg/L",0.254
"08/18/1998","S65E","PHOSPHATE, TOTAL AS P","mg/L",0.2605
"08/19/1998","S65E","PHOSPHATE, TOTAL AS P","mg/L",0.167
"08/24/1998","S65E","PHOSPHATE, TOTAL AS P","mg/L",0.182
"08/29/1998","S65E","PHOSPHATE, TOTAL AS P","mg/L",0.176
"08/30/1998","S65E","PHOSPHATE, TOTAL AS P","mg/L",0.162
"08/31/1998","S65E","PHOSPHATE, TOTAL AS P","mg/L",0.15
"09/01/1998","S65E","PHOSPHATE, TOTAL AS P","mg/L",0.1755
"09/02/1998","S65E","PHOSPHATE, TOTAL AS P","mg/L",0.18
"09/03/1998","S65E","PHOSPHATE, TOTAL AS P","mg/L",0.159
"09/04/1998","S65E","PHOSPHATE, TOTAL AS P","mg/L",0.198
"09/05/1998","S65E","PHOSPHATE, TOTAL AS P","mg/L",0.179
"09/06/1998","S65E","PHOSPHATE, TOTAL AS P","mg/L",0.165
"09/07/1998","S65E","PHOSPHATE, TOTAL AS P","mg/L",0.178
"09/08/1998","S65E","PHOSPHATE, TOTAL AS P","mg/L",0.2
"09/09/1998","S65E","PHOSPHATE, TOTAL AS P","mg/L",0.191
"09/10/1998","S65E","PHOSPHATE, TOTAL AS P","mg/L",0.37
"09/15/1998","S65E","PHOSPHATE, TOTAL AS P","mg/L",0.12
"09/24/1998","S65E","PHOSPHATE, TOTAL AS P","mg/L",0.136
"09/25/1998","S65E","PHOSPHATE, TOTAL AS P","mg/L",0.127
"09/26/1998","S65E","PHOSPHATE, TOTAL AS P","mg/L",0.122
"09/27/1998","S65E","PHOSPHATE, TOTAL AS P","mg/L",0.113
"09/28/1998","S65E","PHOSPHATE, TOTAL AS P","mg/L",0.106
"09/29/1998","S65E","PHOSPHATE, TOTAL AS P","mg/L",0.112
"09/30/1998","S65E","PHOSPHATE, TOTAL AS P","mg/L",0.11
"10/01/1998","S65E","PHOSPHATE, TOTAL AS P","mg/L",0.141
"10/02/1998","S65E","PHOSPHATE, TOTAL AS P","mg/L",0.167
"10/03/1998","S65E","PHOSPHATE, TOTAL AS P","mg/L",0.196
"10/04/1998","S65E","PHOSPHATE, TOTAL AS P","mg/L",0.185
"10/05/1998","S65E","PHOSPHATE, TOTAL AS P","mg/L",0.252
"10/06/1998","S65E","PHOSPHATE, TOTAL AS P","mg/L",0.207
"10/07/1998","S65E","PHOSPHATE, TOTAL AS P","mg/L",0.203
"10/13/1998","S65E","PHOSPHATE, TOTAL AS P","mg/L",0.241
"10/15/1998","S65E","PHOSPHATE, TOTAL AS P","mg/L",0.278
"10/16/1998","S65E","PHOSPHATE, TOTAL AS P","mg/L",0.274
"10/17/1998","S65E","PHOSPHATE, TOTAL AS P","mg/L",0.287
"10/18/1998","S65E","PHOSPHATE, TOTAL AS P","mg/L",0.285
"10/19/1998","S65E","PHOSPHATE, TOTAL AS P","mg/L",0.286
"10/20/1998","S65E","PHOSPHATE, TOTAL AS P","mg/L",0.281
"10/21/1998","S65E","PHOSPHATE, TOTAL AS P","mg/L",0.328
"10/22/1998","S65E","PHOSPHATE, TOTAL AS P","mg/L",0.281
"10/23/1998","S65E","PHOSPHATE, TOTAL AS P","mg/L",0.168
"10/24/1998","S65E","PHOSPHATE, TOTAL AS P","mg/L",0.159
"10/25/1998","S65E","PHOSPHATE, TOTAL AS P","mg/L",0.156
"10/26/1998","S65E","PHOSPHATE, TOTAL AS P","mg/L",0.149
"10/27/1998","S65E","PHOSPHATE, TOTAL AS P","mg/L",0.1745
"10/28/1998","S65E","PHOSPHATE, TOTAL AS P","mg/L",0.148
"10/29/1998","S65E","PHOSPHATE, TOTAL AS P","mg/L",0.159
"10/30/1998","S65E","PHOSPHATE, TOTAL AS P","mg/L",0.174
"10/31/1998","S65E","PHOSPHATE, TOTAL AS P","mg/L",0.145
"11/01/1998","S65E","PHOSPHATE, TOTAL AS P","mg/L",0.143
"11/02/1998","S65E","PHOSPHATE, TOTAL AS P","mg/L",0.149
"11/03/1998","S65E","PHOSPHATE, TOTAL AS P","mg/L",0.14
"11/04/1998","S65E","PHOSPHATE, TOTAL AS P","mg/L",0.0705
"11/05/1998","S65E","PHOSPHATE, TOTAL AS P","mg/L",0.167
"11/06/1998","S65E","PHOSPHATE, TOTAL AS P","mg/L",0.161
"11/07/1998","S65E","PHOSPHATE, TOTAL AS P","mg/L",0.161
"11/08/1998","S65E","PHOSPHATE, TOTAL AS P","mg/L",0.15
"11/09/1998","S65E","PHOSPHATE, TOTAL AS P","mg/L",0.143
"11/10/1998","S65E","PHOSPHATE, TOTAL AS P","mg/L",0.129
"11/11/1998","S65E","PHOSPHATE, TOTAL AS P","mg/L",0.118
"11/12/1998","S65E","PHOSPHATE, TOTAL AS P","mg/L",0.12
"11/13/1998","S65E","PHOSPHATE, TOTAL AS P","mg/L",0.12
"11/14/1998","S65E","PHOSPHATE, TOTAL AS P","mg/L",0.116
"11/15/1998","S65E","PHOSPHATE, TOTAL AS P","mg/L",0.118
"11/16/1998","S65E","PHOSPHATE, TOTAL AS P","mg/L",0.119
"11/17/1998","S65E","PHOSPHATE, TOTAL AS P","mg/L",0.126
"11/18/1998","S65E","PHOSPHATE, TOTAL AS P","mg/L",0.119
"11/19/1998","S65E","PHOSPHATE, TOTAL AS P","mg/L",0.126
"11/20/1998","S65E","PHOSPHATE, TOTAL AS P","mg/L",0.137
"11/21/1998","S65E","PHOSPHATE, TOTAL AS P","mg/L",0.13
"11/22/1998","S65E","PHOSPHATE, TOTAL AS P","mg/L",0.136
"11/23/1998","S65E","PHOSPHATE, TOTAL AS P","mg/L",0.13
"11/24/1998","S65E","PHOSPHATE, TOTAL AS P","mg/L",0.146
"11/25/1998","S65E","PHOSPHATE, TOTAL AS P","mg/L",0.123
"11/26/1998","S65E","PHOSPHATE, TOTAL AS P","mg/L",0.138
"11/27/1998","S65E","PHOSPHATE, TOTAL AS P","mg/L",0.136
"11/28/1998","S65E","PHOSPHATE, TOTAL AS P","mg/L",0.138
"11/29/1998","S65E","PHOSPHATE, TOTAL AS P","mg/L",0.128
"11/30/1998","S65E","PHOSPHATE, TOTAL AS P","mg/L",0.129
"12/01/1998","S65E","PHOSPHATE, TOTAL AS P","mg/L",0.133
"12/02/1998","S65E","PHOSPHATE, TOTAL AS P","mg/L",0.143
"12/03/1998","S65E","PHOSPHATE, TOTAL AS P","mg/L",0.1325
"12/04/1998","S65E","PHOSPHATE, TOTAL AS P","mg/L",0.133
"12/05/1998","S65E","PHOSPHATE, TOTAL AS P","mg/L",0.136
"12/06/1998","S65E","PHOSPHATE, TOTAL AS P","mg/L",0.146
"12/07/1998","S65E","PHOSPHATE, TOTAL AS P","mg/L",0.167
"12/08/1998","S65E","PHOSPHATE, TOTAL AS P","mg/L",0.119
"12/10/1998","S65E","PHOSPHATE, TOTAL AS P","mg/L",0.148
"12/11/1998","S65E","PHOSPHATE, TOTAL AS P","mg/L",0.147
"12/12/1998","S65E","PHOSPHATE, TOTAL AS P","mg/L",0.143
"12/13/1998","S65E","PHOSPHATE, TOTAL AS P","mg/L",0.134
"12/14/1998","S65E","PHOSPHATE, TOTAL AS P","mg/L",0.135
"12/15/1998","S65E","PHOSPHATE, TOTAL AS P","mg/L",0.138
"12/16/1998","S65E","PHOSPHATE, TOTAL AS P","mg/L",0.141
"12/18/1998","S65E","PHOSPHATE, TOTAL AS P","mg/L",0.137
"12/19/1998","S65E","PHOSPHATE, TOTAL AS P","mg/L",0.138
"12/20/1998","S65E","PHOSPHATE, TOTAL AS P","mg/L",0.126
"12/21/1998","S65E","PHOSPHATE, TOTAL AS P","mg/L",0.125
"12/22/1998","S65E","PHOSPHATE, TOTAL AS P","mg/L",0.1345
"12/23/1998","S65E","PHOSPHATE, TOTAL AS P","mg/L",0.116
"12/24/1998","S65E","PHOSPHATE, TOTAL AS P","mg/L",0.114
"12/25/1998","S65E","PHOSPHATE, TOTAL AS P","mg/L",0.114
"12/26/1998","S65E","PHOSPHATE, TOTAL AS P","mg/L",0.11
"12/27/1998","S65E","PHOSPHATE, TOTAL AS P","mg/L",0.109
"12/28/1998","S65E","PHOSPHATE, TOTAL AS P","mg/L",0.109
"12/29/1998","S65E","PHOSPHATE, TOTAL AS P","mg/L",0.109
"12/30/1998","S65E","PHOSPHATE, TOTAL AS P","mg/L",0.115
"12/31/1998","S65E","PHOSPHATE, TOTAL AS P","mg/L",0.105
"01/01/1999","S65E","PHOSPHATE, TOTAL AS P","mg/L",0.107
"01/02/1999","S65E","PHOSPHATE, TOTAL AS P","mg/L",0.112
"01/03/1999","S65E","PHOSPHATE, TOTAL AS P","mg/L",0.107
"01/04/1999","S65E","PHOSPHATE, TOTAL AS P","mg/L",0.105
"01/05/1999","S65E","PHOSPHATE, TOTAL AS P","mg/L",0.1185
"01/06/1999","S65E","PHOSPHATE, TOTAL AS P","mg/L",0.116
"01/07/1999","S65E","PHOSPHATE, TOTAL AS P","mg/L",0.109
"01/08/1999","S65E","PHOSPHATE, TOTAL AS P","mg/L",0.105
"01/09/1999","S65E","PHOSPHATE, TOTAL AS P","mg/L",0.107
"01/10/1999","S65E","PHOSPHATE, TOTAL AS P","mg/L",0.112
"01/11/1999","S65E","PHOSPHATE, TOTAL AS P","mg/L",0.108
"01/12/1999","S65E","PHOSPHATE, TOTAL AS P","mg/L",0.106
"01/13/1999","S65E","PHOSPHATE, TOTAL AS P","mg/L",0.107
"01/14/1999","S65E","PHOSPHATE, TOTAL AS P","mg/L",0.096
"01/15/1999","S65E","PHOSPHATE, TOTAL AS P","mg/L",0.102
"01/16/1999","S65E","PHOSPHATE, TOTAL AS P","mg/L",0.102
"01/17/1999","S65E","PHOSPHATE, TOTAL AS P","mg/L",0.089
"01/18/1999","S65E","PHOSPHATE, TOTAL AS P","mg/L",0.087
"01/19/1999","S65E","PHOSPHATE, TOTAL AS P","mg/L",0.102
"01/20/1999","S65E","PHOSPHATE, TOTAL AS P","mg/L",0.095
"01/21/1999","S65E","PHOSPHATE, TOTAL AS P","mg/L",0.098
"01/22/1999","S65E","PHOSPHATE, TOTAL AS P","mg/L",0.094
"01/23/1999","S65E","PHOSPHATE, TOTAL AS P","mg/L",0.099
"01/24/1999","S65E","PHOSPHATE, TOTAL AS P","mg/L",0.101
"01/25/1999","S65E","PHOSPHATE, TOTAL AS P","mg/L",0.095
"01/26/1999","S65E","PHOSPHATE, TOTAL AS P","mg/L",0.101
"01/27/1999","S65E","PHOSPHATE, TOTAL AS P","mg/L",0.091
"01/28/1999","S65E","PHOSPHATE, TOTAL AS P","mg/L",0.0845
"01/29/1999","S65E","PHOSPHATE, TOTAL AS P","mg/L",0.075
"01/30/1999","S65E","PHOSPHATE, TOTAL AS P","mg/L",0.076
"01/31/1999","S65E","PHOSPHATE, TOTAL AS P","mg/L",0.073
"02/01/1999","S65E","PHOSPHATE, TOTAL AS P","mg/L",0.071
"02/02/1999","S65E","PHOSPHATE, TOTAL AS P","mg/L",0.083
"02/03/1999","S65E","PHOSPHATE, TOTAL AS P","mg/L",0.037
"02/04/1999","S65E","PHOSPHATE, TOTAL AS P","mg/L",0.088
"02/05/1999","S65E","PHOSPHATE, TOTAL AS P","mg/L",0.084
"02/06/1999","S65E","PHOSPHATE, TOTAL AS P","mg/L",0.086
"02/07/1999","S65E","PHOSPHATE, TOTAL AS P","mg/L",0.083
"02/08/1999","S65E","PHOSPHATE, TOTAL AS P","mg/L",0.085
"02/09/1999","S65E","PHOSPHATE, TOTAL AS P","mg/L",0.082
"02/10/1999","S65E","PHOSPHATE, TOTAL AS P","mg/L",0.089
"02/11/1999","S65E","PHOSPHATE, TOTAL AS P","mg/L",0.094
"02/12/1999","S65E","PHOSPHATE, TOTAL AS P","mg/L",0.09
"02/13/1999","S65E","PHOSPHATE, TOTAL AS P","mg/L",0.078
"02/14/1999","S65E","PHOSPHATE, TOTAL AS P","mg/L",0.085
"02/15/1999","S65E","PHOSPHATE, TOTAL AS P","mg/L",0.087
"02/16/1999","S65E","PHOSPHATE, TOTAL AS P","mg/L",0.087
"02/17/1999","S65E","PHOSPHATE, TOTAL AS P","mg/L",0.087
"02/18/1999","S65E","PHOSPHATE, TOTAL AS P","mg/L",0.085
"02/19/1999","S65E","PHOSPHATE, TOTAL AS P","mg/L",0.082
"02/20/1999","S65E","PHOSPHATE, TOTAL AS P","mg/L",0.082
"02/21/1999","S65E","PHOSPHATE, TOTAL AS P","mg/L",0.081
"02/22/1999","S65E","PHOSPHATE, TOTAL AS P","mg/L",0.082
"02/23/1999","S65E","PHOSPHATE, TOTAL AS P","mg/L",0.085
"02/24/1999","S65E","PHOSPHATE, TOTAL AS P","mg/L",0.078
"02/25/1999","S65E","PHOSPHATE, TOTAL AS P","mg/L",0.076
"02/26/1999","S65E","PHOSPHATE, TOTAL AS P","mg/L",0.079
"02/27/1999","S65E","PHOSPHATE, TOTAL AS P","mg/L",0.078
"02/28/1999","S65E","PHOSPHATE, TOTAL AS P","mg/L",0.076
"03/01/1999","S65E","PHOSPHATE, TOTAL AS P","mg/L",0.081
"03/02/1999","S65E","PHOSPHATE, TOTAL AS P","mg/L",0.0536666666666667
"03/03/1999","S65E","PHOSPHATE, TOTAL AS P","mg/L",0.085
"03/04/1999","S65E","PHOSPHATE, TOTAL AS P","mg/L",0.077
"03/05/1999","S65E","PHOSPHATE, TOTAL AS P","mg/L",0.077
"03/06/1999","S65E","PHOSPHATE, TOTAL AS P","mg/L",0.075
"03/07/1999","S65E","PHOSPHATE, TOTAL AS P","mg/L",0.075
"03/08/1999","S65E","PHOSPHATE, TOTAL AS P","mg/L",0.073
"03/09/1999","S65E","PHOSPHATE, TOTAL AS P","mg/L",0.078
"03/10/1999","S65E","PHOSPHATE, TOTAL AS P","mg/L",0.076
"03/11/1999","S65E","PHOSPHATE, TOTAL AS P","mg/L",0.088
"03/12/1999","S65E","PHOSPHATE, TOTAL AS P","mg/L",0.086
"03/13/1999","S65E","PHOSPHATE, TOTAL AS P","mg/L",0.083
"03/14/1999","S65E","PHOSPHATE, TOTAL AS P","mg/L",0.087
"03/15/1999","S65E","PHOSPHATE, TOTAL AS P","mg/L",0.087
"03/16/1999","S65E","PHOSPHATE, TOTAL AS P","mg/L",0.064
"03/17/1999","S65E","PHOSPHATE, TOTAL AS P","mg/L",0.091
"03/18/1999","S65E","PHOSPHATE, TOTAL AS P","mg/L",0.094
"03/19/1999","S65E","PHOSPHATE, TOTAL AS P","mg/L",0.086
"03/20/1999","S65E","PHOSPHATE, TOTAL AS P","mg/L",0.079
"03/21/1999","S65E","PHOSPHATE, TOTAL AS P","mg/L",0.073
"03/22/1999","S65E","PHOSPHATE, TOTAL AS P","mg/L",0.158
"03/23/1999","S65E","PHOSPHATE, TOTAL AS P","mg/L",0.071
"03/24/1999","S65E","PHOSPHATE, TOTAL AS P","mg/L",0.061
"03/25/1999","S65E","PHOSPHATE, TOTAL AS P","mg/L",0.063
"03/26/1999","S65E","PHOSPHATE, TOTAL AS P","mg/L",0.063
"03/27/1999","S65E","PHOSPHATE, TOTAL AS P","mg/L",0.07
"03/28/1999","S65E","PHOSPHATE, TOTAL AS P","mg/L",0.078
"03/29/1999","S65E","PHOSPHATE, TOTAL AS P","mg/L",0.075
"03/30/1999","S65E","PHOSPHATE, TOTAL AS P","mg/L",0.071
"03/31/1999","S65E","PHOSPHATE, TOTAL AS P","mg/L",0.075
"04/01/1999","S65E","PHOSPHATE, TOTAL AS P","mg/L",0.082
"04/02/1999","S65E","PHOSPHATE, TOTAL AS P","mg/L",0.08
"04/03/1999","S65E","PHOSPHATE, TOTAL AS P","mg/L",0.086
"04/04/1999","S65E","PHOSPHATE, TOTAL AS P","mg/L",0.072
"04/05/1999","S65E","PHOSPHATE, TOTAL AS P","mg/L",0.077
"04/06/1999","S65E","PHOSPHATE, TOTAL AS P","mg/L",0.093
"04/07/1999","S65E","PHOSPHATE, TOTAL AS P","mg/L",0.072
"04/08/1999","S65E","PHOSPHATE, TOTAL AS P","mg/L",0.14
"04/09/1999","S65E","PHOSPHATE, TOTAL AS P","mg/L",0.102
"04/10/1999","S65E","PHOSPHATE, TOTAL AS P","mg/L",0.11
"04/11/1999","S65E","PHOSPHATE, TOTAL AS P","mg/L",0.123
"04/12/1999","S65E","PHOSPHATE, TOTAL AS P","mg/L",0.117
"04/13/1999","S65E","PHOSPHATE, TOTAL AS P","mg/L",0.0905
"04/14/1999","S65E","PHOSPHATE, TOTAL AS P","mg/L",0.098
"04/15/1999","S65E","PHOSPHATE, TOTAL AS P","mg/L",0.33
"04/16/1999","S65E","PHOSPHATE, TOTAL AS P","mg/L",0.072
"04/17/1999","S65E","PHOSPHATE, TOTAL AS P","mg/L",0.076
"04/18/1999","S65E","PHOSPHATE, TOTAL AS P","mg/L",0.073
"04/19/1999","S65E","PHOSPHATE, TOTAL AS P","mg/L",0.074
"04/20/1999","S65E","PHOSPHATE, TOTAL AS P","mg/L",0.071
"04/21/1999","S65E","PHOSPHATE, TOTAL AS P","mg/L",0.075
"04/22/1999","S65E","PHOSPHATE, TOTAL AS P","mg/L",0.07
"04/23/1999","S65E","PHOSPHATE, TOTAL AS P","mg/L",0.067
"04/24/1999","S65E","PHOSPHATE, TOTAL AS P","mg/L",0.068
"04/25/1999","S65E","PHOSPHATE, TOTAL AS P","mg/L",0.07
"04/26/1999","S65E","PHOSPHATE, TOTAL AS P","mg/L",0.075
"04/27/1999","S65E","PHOSPHATE, TOTAL AS P","mg/L",0.0645
"04/28/1999","S65E","PHOSPHATE, TOTAL AS P","mg/L",0.0513333333333333
"04/29/1999","S65E","PHOSPHATE, TOTAL AS P","mg/L",0.07
"04/30/1999","S65E","PHOSPHATE, TOTAL AS P","mg/L",0.074
"05/01/1999","S65E","PHOSPHATE, TOTAL AS P","mg/L",0.07
"05/02/1999","S65E","PHOSPHATE, TOTAL AS P","mg/L",0.068
"05/03/1999","S65E","PHOSPHATE, TOTAL AS P","mg/L",0.069
"05/04/1999","S65E","PHOSPHATE, TOTAL AS P","mg/L",0.082
"05/05/1999","S65E","PHOSPHATE, TOTAL AS P","mg/L",0.074
"05/06/1999","S65E","PHOSPHATE, TOTAL AS P","mg/L",0.081
"05/07/1999","S65E","PHOSPHATE, TOTAL AS P","mg/L",0.084
"05/08/1999","S65E","PHOSPHATE, TOTAL AS P","mg/L",0.077
"05/09/1999","S65E","PHOSPHATE, TOTAL AS P","mg/L",0.084
"05/10/1999","S65E","PHOSPHATE, TOTAL AS P","mg/L",0.087
"05/11/1999","S65E","PHOSPHATE, TOTAL AS P","mg/L",0.0775
"05/12/1999","S65E","PHOSPHATE, TOTAL AS P","mg/L",0.086
"05/13/1999","S65E","PHOSPHATE, TOTAL AS P","mg/L",0.101
"05/14/1999","S65E","PHOSPHATE, TOTAL AS P","mg/L",0.099
"05/15/1999","S65E","PHOSPHATE, TOTAL AS P","mg/L",0.11
"05/16/1999","S65E","PHOSPHATE, TOTAL AS P","mg/L",0.109
"05/17/1999","S65E","PHOSPHATE, TOTAL AS P","mg/L",0.114
"05/18/1999","S65E","PHOSPHATE, TOTAL AS P","mg/L",0.121
"05/19/1999","S65E","PHOSPHATE, TOTAL AS P","mg/L",0.141
"05/21/1999","S65E","PHOSPHATE, TOTAL AS P","mg/L",0.16
"05/22/1999","S65E","PHOSPHATE, TOTAL AS P","mg/L",0.143
"05/23/1999","S65E","PHOSPHATE, TOTAL AS P","mg/L",0.155
"05/24/1999","S65E","PHOSPHATE, TOTAL AS P","mg/L",0.142
"05/25/1999","S65E","PHOSPHATE, TOTAL AS P","mg/L",0.1105
"05/26/1999","S65E","PHOSPHATE, TOTAL AS P","mg/L",0.136
"05/27/1999","S65E","PHOSPHATE, TOTAL AS P","mg/L",0.133
"05/28/1999","S65E","PHOSPHATE, TOTAL AS P","mg/L",0.182
"05/29/1999","S65E","PHOSPHATE, TOTAL AS P","mg/L",0.281
"05/30/1999","S65E","PHOSPHATE, TOTAL AS P","mg/L",0.118
"05/31/1999","S65E","PHOSPHATE, TOTAL AS P","mg/L",0.095
"06/01/1999","S65E","PHOSPHATE, TOTAL AS P","mg/L",0.097
"06/02/1999","S65E","PHOSPHATE, TOTAL AS P","mg/L",0.0435
"06/03/1999","S65E","PHOSPHATE, TOTAL AS P","mg/L",0.103
"06/04/1999","S65E","PHOSPHATE, TOTAL AS P","mg/L",0.085
"06/05/1999","S65E","PHOSPHATE, TOTAL AS P","mg/L",0.074
"06/06/1999","S65E","PHOSPHATE, TOTAL AS P","mg/L",0.065
"06/07/1999","S65E","PHOSPHATE, TOTAL AS P","mg/L",0.066
"06/08/1999","S65E","PHOSPHATE, TOTAL AS P","mg/L",0.058
"06/09/1999","S65E","PHOSPHATE, TOTAL AS P","mg/L",0.063
"06/10/1999","S65E","PHOSPHATE, TOTAL AS P","mg/L",0.072
"06/11/1999","S65E","PHOSPHATE, TOTAL AS P","mg/L",0.066
"06/12/1999","S65E","PHOSPHATE, TOTAL AS P","mg/L",0.061
"06/13/1999","S65E","PHOSPHATE, TOTAL AS P","mg/L",0.059
"06/14/1999","S65E","PHOSPHATE, TOTAL AS P","mg/L",0.065
"06/15/1999","S65E","PHOSPHATE, TOTAL AS P","mg/L",0.07
"06/16/1999","S65E","PHOSPHATE, TOTAL AS P","mg/L",0.064
"06/17/1999","S65E","PHOSPHATE, TOTAL AS P","mg/L",0.068
"06/18/1999","S65E","PHOSPHATE, TOTAL AS P","mg/L",0.073
"06/19/1999","S65E","PHOSPHATE, TOTAL AS P","mg/L",0.074
"06/20/1999","S65E","PHOSPHATE, TOTAL AS P","mg/L",0.076
"06/21/1999","S65E","PHOSPHATE, TOTAL AS P","mg/L",0.076
"06/22/1999","S65E","PHOSPHATE, TOTAL AS P","mg/L",0.066
"06/23/1999","S65E","PHOSPHATE, TOTAL AS P","mg/L",0.087
"06/25/1999","S65E","PHOSPHATE, TOTAL AS P","mg/L",0.1105
"06/26/1999","S65E","PHOSPHATE, TOTAL AS P","mg/L",0.115
"06/27/1999","S65E","PHOSPHATE, TOTAL AS P","mg/L",0.137
"06/28/1999","S65E","PHOSPHATE, TOTAL AS P","mg/L",0.162
"06/29/1999","S65E","PHOSPHATE, TOTAL AS P","mg/L",0.184
"06/30/1999","S65E","PHOSPHATE, TOTAL AS P","mg/L",0.1335
"07/01/1999","S65E","PHOSPHATE, TOTAL AS P","mg/L",0.344
"07/02/1999","S65E","PHOSPHATE, TOTAL AS P","mg/L",0.353
"07/03/1999","S65E","PHOSPHATE, TOTAL AS P","mg/L",0.405
"07/04/1999","S65E","PHOSPHATE, TOTAL AS P","mg/L",0.467
"07/05/1999","S65E","PHOSPHATE, TOTAL AS P","mg/L",0.391
"07/06/1999","S65E","PHOSPHATE, TOTAL AS P","mg/L",0.26
"07/07/1999","S65E","PHOSPHATE, TOTAL AS P","mg/L",0.35
"07/08/1999","S65E","PHOSPHATE, TOTAL AS P","mg/L",0.347
"07/09/1999","S65E","PHOSPHATE, TOTAL AS P","mg/L",0.345
"07/10/1999","S65E","PHOSPHATE, TOTAL AS P","mg/L",0.357
"07/11/1999","S65E","PHOSPHATE, TOTAL AS P","mg/L",0.326
"07/12/1999","S65E","PHOSPHATE, TOTAL AS P","mg/L",0.321
"07/13/1999","S65E","PHOSPHATE, TOTAL AS P","mg/L",0.297
"07/14/1999","S65E","PHOSPHATE, TOTAL AS P","mg/L",0.304
"07/15/1999","S65E","PHOSPHATE, TOTAL AS P","mg/L",0.327
"07/16/1999","S65E","PHOSPHATE, TOTAL AS P","mg/L",0.269
"07/17/1999","S65E","PHOSPHATE, TOTAL AS P","mg/L",0.253
"07/18/1999","S65E","PHOSPHATE, TOTAL AS P","mg/L",0.249
"07/19/1999","S65E","PHOSPHATE, TOTAL AS P","mg/L",0.229
"07/20/1999","S65E","PHOSPHATE, TOTAL AS P","mg/L",0.164333333333333
"07/21/1999","S65E","PHOSPHATE, TOTAL AS P","mg/L",0.241
"07/22/1999","S65E","PHOSPHATE, TOTAL AS P","mg/L",0.227
"07/23/1999","S65E","PHOSPHATE, TOTAL AS P","mg/L",0.237
"07/24/1999","S65E","PHOSPHATE, TOTAL AS P","mg/L",0.226
"07/25/1999","S65E","PHOSPHATE, TOTAL AS P","mg/L",0.237
"07/26/1999","S65E","PHOSPHATE, TOTAL AS P","mg/L",0.2445
"07/27/1999","S65E","PHOSPHATE, TOTAL AS P","mg/L",0.239
"07/28/1999","S65E","PHOSPHATE, TOTAL AS P","mg/L",0.27
"07/29/1999","S65E","PHOSPHATE, TOTAL AS P","mg/L",0.374
"07/30/1999","S65E","PHOSPHATE, TOTAL AS P","mg/L",0.216
"07/31/1999","S65E","PHOSPHATE, TOTAL AS P","mg/L",0.188
"08/01/1999","S65E","PHOSPHATE, TOTAL AS P","mg/L",0.195
"08/02/1999","S65E","PHOSPHATE, TOTAL AS P","mg/L",0.195
"08/03/1999","S65E","PHOSPHATE, TOTAL AS P","mg/L",0.135
"08/04/1999","S65E","PHOSPHATE, TOTAL AS P","mg/L",0.197
"08/05/1999","S65E","PHOSPHATE, TOTAL AS P","mg/L",0.212
"08/06/1999","S65E","PHOSPHATE, TOTAL AS P","mg/L",0.234
"08/07/1999","S65E","PHOSPHATE, TOTAL AS P","mg/L",0.219
"08/08/1999","S65E","PHOSPHATE, TOTAL AS P","mg/L",0.136
"08/09/1999","S65E","PHOSPHATE, TOTAL AS P","mg/L",0.224
"08/10/1999","S65E","PHOSPHATE, TOTAL AS P","mg/L",0.207
"08/11/1999","S65E","PHOSPHATE, TOTAL AS P","mg/L",0.144666666666667
"08/12/1999","S65E","PHOSPHATE, TOTAL AS P","mg/L",0.245
"08/13/1999","S65E","PHOSPHATE, TOTAL AS P","mg/L",0.219
"08/14/1999","S65E","PHOSPHATE, TOTAL AS P","mg/L",0.218
"08/15/1999","S65E","PHOSPHATE, TOTAL AS P","mg/L",0.232
"08/16/1999","S65E","PHOSPHATE, TOTAL AS P","mg/L",0.228
"08/17/1999","S65E","PHOSPHATE, TOTAL AS P","mg/L",0.2345
"08/18/1999","S65E","PHOSPHATE, TOTAL AS P","mg/L",0.205
"08/19/1999","S65E","PHOSPHATE, TOTAL AS P","mg/L",0.188
"08/20/1999","S65E","PHOSPHATE, TOTAL AS P","mg/L",0.194
"08/21/1999","S65E","PHOSPHATE, TOTAL AS P","mg/L",0.179
"08/22/1999","S65E","PHOSPHATE, TOTAL AS P","mg/L",0.173
"08/23/1999","S65E","PHOSPHATE, TOTAL AS P","mg/L",0.162
"08/24/1999","S65E","PHOSPHATE, TOTAL AS P","mg/L",0.158
"08/25/1999","S65E","PHOSPHATE, TOTAL AS P","mg/L",0.183
"08/26/1999","S65E","PHOSPHATE, TOTAL AS P","mg/L",0.158
"08/27/1999","S65E","PHOSPHATE, TOTAL AS P","mg/L",0.174
"08/28/1999","S65E","PHOSPHATE, TOTAL AS P","mg/L",0.166
"08/29/1999","S65E","PHOSPHATE, TOTAL AS P","mg/L",0.158
"08/30/1999","S65E","PHOSPHATE, TOTAL AS P","mg/L",0.164
"08/31/1999","S65E","PHOSPHATE, TOTAL AS P","mg/L",0.2055
"09/01/1999","S65E","PHOSPHATE, TOTAL AS P","mg/L",0.199
"09/02/1999","S65E","PHOSPHATE, TOTAL AS P","mg/L",0.206
"09/03/1999","S65E","PHOSPHATE, TOTAL AS P","mg/L",0.196
"09/04/1999","S65E","PHOSPHATE, TOTAL AS P","mg/L",0.335
"09/05/1999","S65E","PHOSPHATE, TOTAL AS P","mg/L",0.174
"09/06/1999","S65E","PHOSPHATE, TOTAL AS P","mg/L",0.176
"09/07/1999","S65E","PHOSPHATE, TOTAL AS P","mg/L",0.178
"09/08/1999","S65E","PHOSPHATE, TOTAL AS P","mg/L",0.199
"09/09/1999","S65E","PHOSPHATE, TOTAL AS P","mg/L",0.159
"09/10/1999","S65E","PHOSPHATE, TOTAL AS P","mg/L",0.139
"09/11/1999","S65E","PHOSPHATE, TOTAL AS P","mg/L",0.121
"09/12/1999","S65E","PHOSPHATE, TOTAL AS P","mg/L",0.129
"09/13/1999","S65E","PHOSPHATE, TOTAL AS P","mg/L",0.124
"09/14/1999","S65E","PHOSPHATE, TOTAL AS P","mg/L",0.154
"09/15/1999","S65E","PHOSPHATE, TOTAL AS P","mg/L",0.154
"09/16/1999","S65E","PHOSPHATE, TOTAL AS P","mg/L",0.0796
"09/17/1999","S65E","PHOSPHATE, TOTAL AS P","mg/L",0.122
"09/18/1999","S65E","PHOSPHATE, TOTAL AS P","mg/L",0.127
"09/19/1999","S65E","PHOSPHATE, TOTAL AS P","mg/L",0.126
"09/20/1999","S65E","PHOSPHATE, TOTAL AS P","mg/L",0.128
"09/21/1999","S65E","PHOSPHATE, TOTAL AS P","mg/L",0.132
"09/22/1999","S65E","PHOSPHATE, TOTAL AS P","mg/L",0.145
"09/23/1999","S65E","PHOSPHATE, TOTAL AS P","mg/L",0.146
"09/24/1999","S65E","PHOSPHATE, TOTAL AS P","mg/L",0.153
"09/25/1999","S65E","PHOSPHATE, TOTAL AS P","mg/L",0.162
"09/26/1999","S65E","PHOSPHATE, TOTAL AS P","mg/L",0.136
"09/27/1999","S65E","PHOSPHATE, TOTAL AS P","mg/L",0.128
"09/28/1999","S65E","PHOSPHATE, TOTAL AS P","mg/L",0.0776666666666667
"09/29/1999","S65E","PHOSPHATE, TOTAL AS P","mg/L",0.119
"09/30/1999","S65E","PHOSPHATE, TOTAL AS P","mg/L",0.135
"10/01/1999","S65E","PHOSPHATE, TOTAL AS P","mg/L",0.123
"10/02/1999","S65E","PHOSPHATE, TOTAL AS P","mg/L",0.125
"10/03/1999","S65E","PHOSPHATE, TOTAL AS P","mg/L",0.124
"10/04/1999","S65E","PHOSPHATE, TOTAL AS P","mg/L",0.117
"10/07/1999","S65E","PHOSPHATE, TOTAL AS P","mg/L",0.107
"10/08/1999","S65E","PHOSPHATE, TOTAL AS P","mg/L",0.136
"10/09/1999","S65E","PHOSPHATE, TOTAL AS P","mg/L",0.16
"10/10/1999","S65E","PHOSPHATE, TOTAL AS P","mg/L",0.18
"10/11/1999","S65E","PHOSPHATE, TOTAL AS P","mg/L",0.183
"10/12/1999","S65E","PHOSPHATE, TOTAL AS P","mg/L",0.1865
"10/13/1999","S65E","PHOSPHATE, TOTAL AS P","mg/L",0.177
"10/14/1999","S65E","PHOSPHATE, TOTAL AS P","mg/L",0.177
"10/15/1999","S65E","PHOSPHATE, TOTAL AS P","mg/L",0.149
"10/16/1999","S65E","PHOSPHATE, TOTAL AS P","mg/L",0.153
"10/17/1999","S65E","PHOSPHATE, TOTAL AS P","mg/L",0.156
"10/18/1999","S65E","PHOSPHATE, TOTAL AS P","mg/L",0.132
"10/19/1999","S65E","PHOSPHATE, TOTAL AS P","mg/L",0.179
"10/20/1999","S65E","PHOSPHATE, TOTAL AS P","mg/L",0.198
"10/21/1999","S65E","PHOSPHATE, TOTAL AS P","mg/L",0.223
"10/22/1999","S65E","PHOSPHATE, TOTAL AS P","mg/L",0.212
"10/23/1999","S65E","PHOSPHATE, TOTAL AS P","mg/L",0.206
"10/24/1999","S65E","PHOSPHATE, TOTAL AS P","mg/L",0.198
"10/25/1999","S65E","PHOSPHATE, TOTAL AS P","mg/L",0.165
"10/26/1999","S65E","PHOSPHATE, TOTAL AS P","mg/L",0.1365
"10/27/1999","S65E","PHOSPHATE, TOTAL AS P","mg/L",0.0986666666666667
"10/28/1999","S65E","PHOSPHATE, TOTAL AS P","mg/L",0.18
"10/29/1999","S65E","PHOSPHATE, TOTAL AS P","mg/L",0.18
"10/30/1999","S65E","PHOSPHATE, TOTAL AS P","mg/L",0.15
"10/31/1999","S65E","PHOSPHATE, TOTAL AS P","mg/L",0.14
"11/01/1999","S65E","PHOSPHATE, TOTAL AS P","mg/L",0.14
"11/02/1999","S65E","PHOSPHATE, TOTAL AS P","mg/L",0.12
"11/03/1999","S65E","PHOSPHATE, TOTAL AS P","mg/L",0.14
"11/04/1999","S65E","PHOSPHATE, TOTAL AS P","mg/L",0.14
"11/05/1999","S65E","PHOSPHATE, TOTAL AS P","mg/L",0.12
"11/06/1999","S65E","PHOSPHATE, TOTAL AS P","mg/L",0.13
"11/07/1999","S65E","PHOSPHATE, TOTAL AS P","mg/L",0.18
"11/08/1999","S65E","PHOSPHATE, TOTAL AS P","mg/L",0.19
"11/09/1999","S65E","PHOSPHATE, TOTAL AS P","mg/L",0.142
"11/10/1999","S65E","PHOSPHATE, TOTAL AS P","mg/L",0.15
"11/23/1999","S65E","PHOSPHATE, TOTAL AS P","mg/L",0.16
"12/02/1999","S65E","PHOSPHATE, TOTAL AS P","mg/L",0.24
"12/03/1999","S65E","PHOSPHATE, TOTAL AS P","mg/L",0.16
"12/04/1999","S65E","PHOSPHATE, TOTAL AS P","mg/L",0.15
"12/05/1999","S65E","PHOSPHATE, TOTAL AS P","mg/L",0.16
"12/06/1999","S65E","PHOSPHATE, TOTAL AS P","mg/L",0.15
"12/07/1999","S65E","PHOSPHATE, TOTAL AS P","mg/L",0.103
"12/08/1999","S65E","PHOSPHATE, TOTAL AS P","mg/L",0.15
"12/09/1999","S65E","PHOSPHATE, TOTAL AS P","mg/L",0.19
"12/10/1999","S65E","PHOSPHATE, TOTAL AS P","mg/L",0.17
"12/11/1999","S65E","PHOSPHATE, TOTAL AS P","mg/L",0.2
"12/12/1999","S65E","PHOSPHATE, TOTAL AS P","mg/L",0.18
"12/13/1999","S65E","PHOSPHATE, TOTAL AS P","mg/L",0.2
"12/14/1999","S65E","PHOSPHATE, TOTAL AS P","mg/L",0.21
"12/15/1999","S65E","PHOSPHATE, TOTAL AS P","mg/L",0.2
"12/16/1999","S65E","PHOSPHATE, TOTAL AS P","mg/L",0.17
"12/17/1999","S65E","PHOSPHATE, TOTAL AS P","mg/L",0.17
"12/18/1999","S65E","PHOSPHATE, TOTAL AS P","mg/L",0.21
"12/19/1999","S65E","PHOSPHATE, TOTAL AS P","mg/L",0.15
"12/20/1999","S65E","PHOSPHATE, TOTAL AS P","mg/L",0.13
"12/21/1999","S65E","PHOSPHATE, TOTAL AS P","mg/L",0.0776666666666667
"12/22/1999","S65E","PHOSPHATE, TOTAL AS P","mg/L",0.12
"12/23/1999","S65E","PHOSPHATE, TOTAL AS P","mg/L",0.15
"12/24/1999","S65E","PHOSPHATE, TOTAL AS P","mg/L",0.13
"12/25/1999","S65E","PHOSPHATE, TOTAL AS P","mg/L",0.14
"12/26/1999","S65E","PHOSPHATE, TOTAL AS P","mg/L",0.12
"12/27/1999","S65E","PHOSPHATE, TOTAL AS P","mg/L",0.12
"12/28/1999","S65E","PHOSPHATE, TOTAL AS P","mg/L",0.12
"12/29/1999","S65E","PHOSPHATE, TOTAL AS P","mg/L",0.175
"12/30/1999","S65E","PHOSPHATE, TOTAL AS P","mg/L",0.13
"12/31/1999","S65E","PHOSPHATE, TOTAL AS P","mg/L",0.13
"01/01/2000","S65E","PHOSPHATE, TOTAL AS P","mg/L",0.11
"01/02/2000","S65E","PHOSPHATE, TOTAL AS P","mg/L",0.1
"01/03/2000","S65E","PHOSPHATE, TOTAL AS P","mg/L",0.094
"01/04/2000","S65E","PHOSPHATE, TOTAL AS P","mg/L",0.0523333333333333
"01/05/2000","S65E","PHOSPHATE, TOTAL AS P","mg/L",0.11
"01/12/2000","S65E","PHOSPHATE, TOTAL AS P","mg/L",0.091
"01/18/2000","S65E","PHOSPHATE, TOTAL AS P","mg/L",0.0335
"01/19/2000","S65E","PHOSPHATE, TOTAL AS P","mg/L",0.074
"01/24/2000","S65E","PHOSPHATE, TOTAL AS P","mg/L",0.065
"01/26/2000","S65E","PHOSPHATE, TOTAL AS P","mg/L",0.075
"02/01/2000","S65E","PHOSPHATE, TOTAL AS P","mg/L",0.07
"02/02/2000","S65E","PHOSPHATE, TOTAL AS P","mg/L",0.067
"02/09/2000","S65E","PHOSPHATE, TOTAL AS P","mg/L",0.08
"02/15/2000","S65E","PHOSPHATE, TOTAL AS P","mg/L",0.065
"02/16/2000","S65E","PHOSPHATE, TOTAL AS P","mg/L",0.064
"02/23/2000","S65E","PHOSPHATE, TOTAL AS P","mg/L",0.057
"02/29/2000","S65E","PHOSPHATE, TOTAL AS P","mg/L",0.0325
"03/01/2000","S65E","PHOSPHATE, TOTAL AS P","mg/L",0.06
"03/08/2000","S65E","PHOSPHATE, TOTAL AS P","mg/L",0.075
"03/14/2000","S65E","PHOSPHATE, TOTAL AS P","mg/L",0.064
"03/15/2000","S65E","PHOSPHATE, TOTAL AS P","mg/L",0.067
"03/22/2000","S65E","PHOSPHATE, TOTAL AS P","mg/L",0.088
"03/28/2000","S65E","PHOSPHATE, TOTAL AS P","mg/L",0.089
"03/29/2000","S65E","PHOSPHATE, TOTAL AS P","mg/L",0.094
"04/05/2000","S65E","PHOSPHATE, TOTAL AS P","mg/L",0.093
"04/11/2000","S65E","PHOSPHATE, TOTAL AS P","mg/L",0.052
"04/12/2000","S65E","PHOSPHATE, TOTAL AS P","mg/L",0.088
"04/17/2000","S65E","PHOSPHATE, TOTAL AS P","mg/L",0.0555
"04/19/2000","S65E","PHOSPHATE, TOTAL AS P","mg/L",0.092
"04/24/2000","S65E","PHOSPHATE, TOTAL AS P","mg/L",0.0345
"04/26/2000","S65E","PHOSPHATE, TOTAL AS P","mg/L",0.04175
"05/03/2000","S65E","PHOSPHATE, TOTAL AS P","mg/L",0.066
"05/09/2000","S65E","PHOSPHATE, TOTAL AS P","mg/L",0.063
"05/10/2000","S65E","PHOSPHATE, TOTAL AS P","mg/L",0.054
"05/17/2000","S65E","PHOSPHATE, TOTAL AS P","mg/L",0.055
"05/23/2000","S65E","PHOSPHATE, TOTAL AS P","mg/L",0.091
"05/24/2000","S65E","PHOSPHATE, TOTAL AS P","mg/L",0.074
"05/31/2000","S65E","PHOSPHATE, TOTAL AS P","mg/L",0.119
"06/06/2000","S65E","PHOSPHATE, TOTAL AS P","mg/L",0.036
"06/07/2000","S65E","PHOSPHATE, TOTAL AS P","mg/L",0.175
"06/14/2000","S65E","PHOSPHATE, TOTAL AS P","mg/L",0.307
"06/20/2000","S65E","PHOSPHATE, TOTAL AS P","mg/L",0.042
"06/21/2000","S65E","PHOSPHATE, TOTAL AS P","mg/L",0.102
"06/28/2000","S65E","PHOSPHATE, TOTAL AS P","mg/L",0.044
"07/05/2000","S65E","PHOSPHATE, TOTAL AS P","mg/L",0.045
"07/12/2000","S65E","PHOSPHATE, TOTAL AS P","mg/L",0.099
"07/18/2000","S65E","PHOSPHATE, TOTAL AS P","mg/L",0.031
"07/19/2000","S65E","PHOSPHATE, TOTAL AS P","mg/L",0.112
"07/25/2000","S65E","PHOSPHATE, TOTAL AS P","mg/L",0.035
"07/26/2000","S65E","PHOSPHATE, TOTAL AS P","mg/L",0.13
"08/01/2000","S65E","PHOSPHATE, TOTAL AS P","mg/L",0.0366
"08/02/2000","S65E","PHOSPHATE, TOTAL AS P","mg/L",0.133
"08/09/2000","S65E","PHOSPHATE, TOTAL AS P","mg/L",0.0523333333333333
"08/15/2000","S65E","PHOSPHATE, TOTAL AS P","mg/L",0.046
"08/16/2000","S65E","PHOSPHATE, TOTAL AS P","mg/L",0.07225
"08/23/2000","S65E","PHOSPHATE, TOTAL AS P","mg/L",0.175
"08/29/2000","S65E","PHOSPHATE, TOTAL AS P","mg/L",0.153
"08/30/2000","S65E","PHOSPHATE, TOTAL AS P","mg/L",0.139
"09/06/2000","S65E","PHOSPHATE, TOTAL AS P","mg/L",0.125
"09/12/2000","S65E","PHOSPHATE, TOTAL AS P","mg/L",0.155
"09/13/2000","S65E","PHOSPHATE, TOTAL AS P","mg/L",0.135
"09/20/2000","S65E","PHOSPHATE, TOTAL AS P","mg/L",0.194
"09/26/2000","S65E","PHOSPHATE, TOTAL AS P","mg/L",0.201
"09/27/2000","S65E","PHOSPHATE, TOTAL AS P","mg/L",0.178
"10/04/2000","S65E","PHOSPHATE, TOTAL AS P","mg/L",0.144
"10/10/2000","S65E","PHOSPHATE, TOTAL AS P","mg/L",0.086
"10/11/2000","S65E","PHOSPHATE, TOTAL AS P","mg/L",0.133
"10/16/2000","S65E","PHOSPHATE, TOTAL AS P","mg/L",0.173
"10/18/2000","S65E","PHOSPHATE, TOTAL AS P","mg/L",0.173
"10/24/2000","S65E","PHOSPHATE, TOTAL AS P","mg/L",0.154
"10/25/2000","S65E","PHOSPHATE, TOTAL AS P","mg/L",0.124
"11/01/2000","S65E","PHOSPHATE, TOTAL AS P","mg/L",0.12
"11/07/2000","S65E","PHOSPHATE, TOTAL AS P","mg/L",0.136
"11/08/2000","S65E","PHOSPHATE, TOTAL AS P","mg/L",0.0545
"11/15/2000","S65E","PHOSPHATE, TOTAL AS P","mg/L",0.113
"11/21/2000","S65E","PHOSPHATE, TOTAL AS P","mg/L",0.127
"11/22/2000","S65E","PHOSPHATE, TOTAL AS P","mg/L",0.103
"11/29/2000","S65E","PHOSPHATE, TOTAL AS P","mg/L",0.096
"12/05/2000","S65E","PHOSPHATE, TOTAL AS P","mg/L",0.116
"12/06/2000","S65E","PHOSPHATE, TOTAL AS P","mg/L",0.0435
"12/13/2000","S65E","PHOSPHATE, TOTAL AS P","mg/L",0.091
"12/19/2000","S65E","PHOSPHATE, TOTAL AS P","mg/L",0.111
"12/20/2000","S65E","PHOSPHATE, TOTAL AS P","mg/L",0.093
"12/27/2000","S65E","PHOSPHATE, TOTAL AS P","mg/L",0.04375
"01/02/2001","S65E","PHOSPHATE, TOTAL AS P","mg/L",0.0515
"01/03/2001","S65E","PHOSPHATE, TOTAL AS P","mg/L",0.086
"01/10/2001","S65E","PHOSPHATE, TOTAL AS P","mg/L",0.095
"01/16/2001","S65E","PHOSPHATE, TOTAL AS P","mg/L",0.101
"01/17/2001","S65E","PHOSPHATE, TOTAL AS P","mg/L",0.095
"01/22/2001","S65E","PHOSPHATE, TOTAL AS P","mg/L",0.103
"01/24/2001","S65E","PHOSPHATE, TOTAL AS P","mg/L",0.093
"01/30/2001","S65E","PHOSPHATE, TOTAL AS P","mg/L",0.104
"01/31/2001","S65E","PHOSPHATE, TOTAL AS P","mg/L",0.09
"02/07/2001","S65E","PHOSPHATE, TOTAL AS P","mg/L",0.087
"02/13/2001","S65E","PHOSPHATE, TOTAL AS P","mg/L",0.097
"02/15/2001","S65E","PHOSPHATE, TOTAL AS P","mg/L",0.093
"02/21/2001","S65E","PHOSPHATE, TOTAL AS P","mg/L",0.04275
"02/27/2001","S65E","PHOSPHATE, TOTAL AS P","mg/L",0.095
"02/28/2001","S65E","PHOSPHATE, TOTAL AS P","mg/L",0.089
"03/07/2001","S65E","PHOSPHATE, TOTAL AS P","mg/L",0.096
"03/13/2001","S65E","PHOSPHATE, TOTAL AS P","mg/L",0.106
"03/14/2001","S65E","PHOSPHATE, TOTAL AS P","mg/L",0.097
"03/27/2001","S65E","PHOSPHATE, TOTAL AS P","mg/L",0.103
"03/28/2001","S65E","PHOSPHATE, TOTAL AS P","mg/L",0.09
"04/04/2001","S65E","PHOSPHATE, TOTAL AS P","mg/L",0.091
"04/10/2001","S65E","PHOSPHATE, TOTAL AS P","mg/L",0.102
"04/11/2001","S65E","PHOSPHATE, TOTAL AS P","mg/L",0.09
"04/16/2001","S65E","PHOSPHATE, TOTAL AS P","mg/L",0.054
"04/18/2001","S65E","PHOSPHATE, TOTAL AS P","mg/L",0.089
"04/24/2001","S65E","PHOSPHATE, TOTAL AS P","mg/L",0.0555
"04/25/2001","S65E","PHOSPHATE, TOTAL AS P","mg/L",0.095
"05/02/2001","S65E","PHOSPHATE, TOTAL AS P","mg/L",0.0296666666666667
"05/08/2001","S65E","PHOSPHATE, TOTAL AS P","mg/L",0.0465
"05/09/2001","S65E","PHOSPHATE, TOTAL AS P","mg/L",0.093
"05/16/2001","S65E","PHOSPHATE, TOTAL AS P","mg/L",0.0375
"05/22/2001","S65E","PHOSPHATE, TOTAL AS P","mg/L",0.077
"05/23/2001","S65E","PHOSPHATE, TOTAL AS P","mg/L",0.09
"05/30/2001","S65E","PHOSPHATE, TOTAL AS P","mg/L",0.061
"06/05/2001","S65E","PHOSPHATE, TOTAL AS P","mg/L",0.058
"06/06/2001","S65E","PHOSPHATE, TOTAL AS P","mg/L",0.061
"06/13/2001","S65E","PHOSPHATE, TOTAL AS P","mg/L",0.0315
"06/19/2001","S65E","PHOSPHATE, TOTAL AS P","mg/L",0.026
"06/20/2001","S65E","PHOSPHATE, TOTAL AS P","mg/L",0.063
"06/27/2001","S65E","PHOSPHATE, TOTAL AS P","mg/L",0.0245
"07/03/2001","S65E","PHOSPHATE, TOTAL AS P","mg/L",0.0396
"07/05/2001","S65E","PHOSPHATE, TOTAL AS P","mg/L",0.031
"07/11/2001","S65E","PHOSPHATE, TOTAL AS P","mg/L",0.066
"07/16/2001","S65E","PHOSPHATE, TOTAL AS P","mg/L",0.1595
"07/17/2001","S65E","PHOSPHATE, TOTAL AS P","mg/L",0.196
"07/18/2001","S65E","PHOSPHATE, TOTAL AS P","mg/L",0.109
"07/25/2001","S65E","PHOSPHATE, TOTAL AS P","mg/L",0.244
"07/31/2001","S65E","PHOSPHATE, TOTAL AS P","mg/L",0.228
"08/01/2001","S65E","PHOSPHATE, TOTAL AS P","mg/L",0.1225
"08/08/2001","S65E","PHOSPHATE, TOTAL AS P","mg/L",0.236
"08/14/2001","S65E","PHOSPHATE, TOTAL AS P","mg/L",0.18
"08/15/2001","S65E","PHOSPHATE, TOTAL AS P","mg/L",0.1095
"08/22/2001","S65E","PHOSPHATE, TOTAL AS P","mg/L",0.146
"08/28/2001","S65E","PHOSPHATE, TOTAL AS P","mg/L",0.098
"08/29/2001","S65E","PHOSPHATE, TOTAL AS P","mg/L",0.111
"09/05/2001","S65E","PHOSPHATE, TOTAL AS P","mg/L",0.11
"09/11/2001","S65E","PHOSPHATE, TOTAL AS P","mg/L",0.0624
"09/25/2001","S65E","PHOSPHATE, TOTAL AS P","mg/L",0.086
"09/26/2001","S65E","PHOSPHATE, TOTAL AS P","mg/L",0.096
"10/03/2001","S65E","PHOSPHATE, TOTAL AS P","mg/L",0.08
"10/08/2001","S65E","PHOSPHATE, TOTAL AS P","mg/L",0.062
"10/09/2001","S65E","PHOSPHATE, TOTAL AS P","mg/L",0.062
"10/10/2001","S65E","PHOSPHATE, TOTAL AS P","mg/L",0.069
"10/17/2001","S65E","PHOSPHATE, TOTAL AS P","mg/L",0.074
"10/31/2001","S65E","PHOSPHATE, TOTAL AS P","mg/L",0.086
"11/06/2001","S65E","PHOSPHATE, TOTAL AS P","mg/L",0.0545
"11/07/2001","S65E","PHOSPHATE, TOTAL AS P","mg/L",0.123
"11/14/2001","S65E","PHOSPHATE, TOTAL AS P","mg/L",0.051
"11/20/2001","S65E","PHOSPHATE, TOTAL AS P","mg/L",0.039
"11/21/2001","S65E","PHOSPHATE, TOTAL AS P","mg/L",0.038
"12/04/2001","S65E","PHOSPHATE, TOTAL AS P","mg/L",0.036
"12/12/2001","S65E","PHOSPHATE, TOTAL AS P","mg/L",0.062
"12/18/2001","S65E","PHOSPHATE, TOTAL AS P","mg/L",0.065
"12/19/2001","S65E","PHOSPHATE, TOTAL AS P","mg/L",0.051
"12/26/2001","S65E","PHOSPHATE, TOTAL AS P","mg/L",0.058
"01/02/2002","S65E","PHOSPHATE, TOTAL AS P","mg/L",0.037
"01/09/2002","S65E","PHOSPHATE, TOTAL AS P","mg/L",0.052
"01/15/2002","S65E","PHOSPHATE, TOTAL AS P","mg/L",0.0205
"01/16/2002","S65E","PHOSPHATE, TOTAL AS P","mg/L",0.047
"01/23/2002","S65E","PHOSPHATE, TOTAL AS P","mg/L",0.045
"01/29/2002","S65E","PHOSPHATE, TOTAL AS P","mg/L",0.0235
"01/30/2002","S65E","PHOSPHATE, TOTAL AS P","mg/L",0.049
"02/06/2002","S65E","PHOSPHATE, TOTAL AS P","mg/L",0.057
"02/12/2002","S65E","PHOSPHATE, TOTAL AS P","mg/L",0.0385
"02/13/2002","S65E","PHOSPHATE, TOTAL AS P","mg/L",0.0305
"02/20/2002","S65E","PHOSPHATE, TOTAL AS P","mg/L",0.071
"02/26/2002","S65E","PHOSPHATE, TOTAL AS P","mg/L",0.068
"02/27/2002","S65E","PHOSPHATE, TOTAL AS P","mg/L",0.031
"03/06/2002","S65E","PHOSPHATE, TOTAL AS P","mg/L",0.064
"03/12/2002","S65E","PHOSPHATE, TOTAL AS P","mg/L",0.049
"03/13/2002","S65E","PHOSPHATE, TOTAL AS P","mg/L",0.058
"03/18/2002","S65E","PHOSPHATE, TOTAL AS P","mg/L",0.022
"03/20/2002","S65E","PHOSPHATE, TOTAL AS P","mg/L",0.0205
"03/26/2002","S65E","PHOSPHATE, TOTAL AS P","mg/L",0.05
"03/27/2002","S65E","PHOSPHATE, TOTAL AS P","mg/L",0.05
"04/03/2002","S65E","PHOSPHATE, TOTAL AS P","mg/L",0.024
"04/09/2002","S65E","PHOSPHATE, TOTAL AS P","mg/L",0.0325
"04/10/2002","S65E","PHOSPHATE, TOTAL AS P","mg/L",0.0255
"04/17/2002","S65E","PHOSPHATE, TOTAL AS P","mg/L",0.055
"04/23/2002","S65E","PHOSPHATE, TOTAL AS P","mg/L",0.04
"04/24/2002","S65E","PHOSPHATE, TOTAL AS P","mg/L",0.048
"05/01/2002","S65E","PHOSPHATE, TOTAL AS P","mg/L",0.018
"05/07/2002","S65E","PHOSPHATE, TOTAL AS P","mg/L",0.035
"05/08/2002","S65E","PHOSPHATE, TOTAL AS P","mg/L",0.037
"05/15/2002","S65E","PHOSPHATE, TOTAL AS P","mg/L",0.033
"05/21/2002","S65E","PHOSPHATE, TOTAL AS P","mg/L",0.042
"05/22/2002","S65E","PHOSPHATE, TOTAL AS P","mg/L",0.039
"05/29/2002","S65E","PHOSPHATE, TOTAL AS P","mg/L",0.055
"06/04/2002","S65E","PHOSPHATE, TOTAL AS P","mg/L",0.039
"06/05/2002","S65E","PHOSPHATE, TOTAL AS P","mg/L",0.045
"06/12/2002","S65E","PHOSPHATE, TOTAL AS P","mg/L",0.017
"06/18/2002","S65E","PHOSPHATE, TOTAL AS P","mg/L",0.00933333333333333
"06/19/2002","S65E","PHOSPHATE, TOTAL AS P","mg/L",0.0165
"06/24/2002","S65E","PHOSPHATE, TOTAL AS P","mg/L",0.0585
"06/26/2002","S65E","PHOSPHATE, TOTAL AS P","mg/L",0.023
"07/02/2002","S65E","PHOSPHATE, TOTAL AS P","mg/L",0.368
"07/03/2002","S65E","PHOSPHATE, TOTAL AS P","mg/L",0.1065
"07/10/2002","S65E","PHOSPHATE, TOTAL AS P","mg/L",0.287
"07/16/2002","S65E","PHOSPHATE, TOTAL AS P","mg/L",0.086
"07/17/2002","S65E","PHOSPHATE, TOTAL AS P","mg/L",0.085
"07/24/2002","S65E","PHOSPHATE, TOTAL AS P","mg/L",0.057
"07/30/2002","S65E","PHOSPHATE, TOTAL AS P","mg/L",0.0435
"07/31/2002","S65E","PHOSPHATE, TOTAL AS P","mg/L",0.046
"08/07/2002","S65E","PHOSPHATE, TOTAL AS P","mg/L",0.086
"08/13/2002","S65E","PHOSPHATE, TOTAL AS P","mg/L",0.058
"08/21/2002","S65E","PHOSPHATE, TOTAL AS P","mg/L",0.024
"08/27/2002","S65E","PHOSPHATE, TOTAL AS P","mg/L",0.033
"08/28/2002","S65E","PHOSPHATE, TOTAL AS P","mg/L",0.0295
"09/04/2002","S65E","PHOSPHATE, TOTAL AS P","mg/L",0.075
"09/10/2002","S65E","PHOSPHATE, TOTAL AS P","mg/L",0.0355
"09/11/2002","S65E","PHOSPHATE, TOTAL AS P","mg/L",0.085
"09/16/2002","S65E","PHOSPHATE, TOTAL AS P","mg/L",0.055
"09/18/2002","S65E","PHOSPHATE, TOTAL AS P","mg/L",0.06
"09/24/2002","S65E","PHOSPHATE, TOTAL AS P","mg/L",0.025
"09/25/2002","S65E","PHOSPHATE, TOTAL AS P","mg/L",0.024
"10/02/2002","S65E","PHOSPHATE, TOTAL AS P","mg/L",0.05
"10/08/2002","S65E","PHOSPHATE, TOTAL AS P","mg/L",0.052
"10/09/2002","S65E","PHOSPHATE, TOTAL AS P","mg/L",0.051
"10/16/2002","S65E","PHOSPHATE, TOTAL AS P","mg/L",0.057
"10/22/2002","S65E","PHOSPHATE, TOTAL AS P","mg/L",0.052
"10/23/2002","S65E","PHOSPHATE, TOTAL AS P","mg/L",0.056
"10/30/2002","S65E","PHOSPHATE, TOTAL AS P","mg/L",0.035
"11/05/2002","S65E","PHOSPHATE, TOTAL AS P","mg/L",0.054
"11/06/2002","S65E","PHOSPHATE, TOTAL AS P","mg/L",-0.002
"11/19/2002","S65E","PHOSPHATE, TOTAL AS P","mg/L",0.05
"11/20/2002","S65E","PHOSPHATE, TOTAL AS P","mg/L",0.049
"11/27/2002","S65E","PHOSPHATE, TOTAL AS P","mg/L",0.033
"12/03/2002","S65E","PHOSPHATE, TOTAL AS P","mg/L",0.048
"12/04/2002","S65E","PHOSPHATE, TOTAL AS P","mg/L",0.054
"12/11/2002","S65E","PHOSPHATE, TOTAL AS P","mg/L",0.026
"12/17/2002","S65E","PHOSPHATE, TOTAL AS P","mg/L",0.0452
"12/18/2002","S65E","PHOSPHATE, TOTAL AS P","mg/L",0.0365
"12/26/2002","S65E","PHOSPHATE, TOTAL AS P","mg/L",0.061
"12/30/2002","S65E","PHOSPHATE, TOTAL AS P","mg/L",0.0495
"12/31/2002","S65E","PHOSPHATE, TOTAL AS P","mg/L",0.063
"01/02/2003","S65E","PHOSPHATE, TOTAL AS P","mg/L",0.032
"01/08/2003","S65E","PHOSPHATE, TOTAL AS P","mg/L",0.101
"01/14/2003","S65E","PHOSPHATE, TOTAL AS P","mg/L",0.076
"01/15/2003","S65E","PHOSPHATE, TOTAL AS P","mg/L",0.092
"01/22/2003","S65E","PHOSPHATE, TOTAL AS P","mg/L",0.051
"01/28/2003","S65E","PHOSPHATE, TOTAL AS P","mg/L",0.047
"01/29/2003","S65E","PHOSPHATE, TOTAL AS P","mg/L",0.052
"02/11/2003","S65E","PHOSPHATE, TOTAL AS P","mg/L",0.063
"02/12/2003","S65E","PHOSPHATE, TOTAL AS P","mg/L",0.061
"02/19/2003","S65E","PHOSPHATE, TOTAL AS P","mg/L",0.032
"02/25/2003","S65E","PHOSPHATE, TOTAL AS P","mg/L",0.096
"02/26/2003","S65E","PHOSPHATE, TOTAL AS P","mg/L",0.066
"03/05/2003","S65E","PHOSPHATE, TOTAL AS P","mg/L",0.085
"03/11/2003","S65E","PHOSPHATE, TOTAL AS P","mg/L",0.097
"03/12/2003","S65E","PHOSPHATE, TOTAL AS P","mg/L",0.083
"03/19/2003","S65E","PHOSPHATE, TOTAL AS P","mg/L",0.083
"03/24/2003","S65E","PHOSPHATE, TOTAL AS P","mg/L",0.1105
"03/25/2003","S65E","PHOSPHATE, TOTAL AS P","mg/L",0.113
"03/26/2003","S65E","PHOSPHATE, TOTAL AS P","mg/L",0.104
"04/02/2003","S65E","PHOSPHATE, TOTAL AS P","mg/L",0.066
"04/08/2003","S65E","PHOSPHATE, TOTAL AS P","mg/L",0.049
"04/09/2003","S65E","PHOSPHATE, TOTAL AS P","mg/L",0.053
"04/16/2003","S65E","PHOSPHATE, TOTAL AS P","mg/L",0.051
"04/22/2003","S65E","PHOSPHATE, TOTAL AS P","mg/L",0.049
"04/23/2003","S65E","PHOSPHATE, TOTAL AS P","mg/L",0.024
"05/06/2003","S65E","PHOSPHATE, TOTAL AS P","mg/L",0.025
"05/07/2003","S65E","PHOSPHATE, TOTAL AS P","mg/L",0.048
"05/14/2003","S65E","PHOSPHATE, TOTAL AS P","mg/L",0.0315
"05/20/2003","S65E","PHOSPHATE, TOTAL AS P","mg/L",0.063
"05/21/2003","S65E","PHOSPHATE, TOTAL AS P","mg/L",0.052
"05/28/2003","S65E","PHOSPHATE, TOTAL AS P","mg/L",0.0335
"06/03/2003","S65E","PHOSPHATE, TOTAL AS P","mg/L",0.027
"06/04/2003","S65E","PHOSPHATE, TOTAL AS P","mg/L",0.067
"06/11/2003","S65E","PHOSPHATE, TOTAL AS P","mg/L",0.067
"06/16/2003","S65E","PHOSPHATE, TOTAL AS P","mg/L",0.0785
"06/17/2003","S65E","PHOSPHATE, TOTAL AS P","mg/L",0.037
"06/18/2003","S65E","PHOSPHATE, TOTAL AS P","mg/L",0.08
"06/25/2003","S65E","PHOSPHATE, TOTAL AS P","mg/L",0.101
"07/01/2003","S65E","PHOSPHATE, TOTAL AS P","mg/L",0.11
"07/02/2003","S65E","PHOSPHATE, TOTAL AS P","mg/L",0.123
"07/09/2003","S65E","PHOSPHATE, TOTAL AS P","mg/L",0.087
"07/15/2003","S65E","PHOSPHATE, TOTAL AS P","mg/L",0.073
"07/16/2003","S65E","PHOSPHATE, TOTAL AS P","mg/L",0.065
"07/23/2003","S65E","PHOSPHATE, TOTAL AS P","mg/L",0.069
"07/29/2003","S65E","PHOSPHATE, TOTAL AS P","mg/L",0.071
"07/30/2003","S65E","PHOSPHATE, TOTAL AS P","mg/L",0.079
"08/06/2003","S65E","PHOSPHATE, TOTAL AS P","mg/L",0.071
"08/12/2003","S65E","PHOSPHATE, TOTAL AS P","mg/L",0.078
"08/13/2003","S65E","PHOSPHATE, TOTAL AS P","mg/L",0.079
"08/20/2003","S65E","PHOSPHATE, TOTAL AS P","mg/L",0.089
"08/26/2003","S65E","PHOSPHATE, TOTAL AS P","mg/L",0.109
"08/27/2003","S65E","PHOSPHATE, TOTAL AS P","mg/L",0.111
"09/03/2003","S65E","PHOSPHATE, TOTAL AS P","mg/L",0.135
"09/09/2003","S65E","PHOSPHATE, TOTAL AS P","mg/L",0.043
"09/10/2003","S65E","PHOSPHATE, TOTAL AS P","mg/L",0.117
"09/15/2003","S65E","PHOSPHATE, TOTAL AS P","mg/L",0.075
"09/17/2003","S65E","PHOSPHATE, TOTAL AS P","mg/L",0.103
"09/23/2003","S65E","PHOSPHATE, TOTAL AS P","mg/L",0.101
"09/24/2003","S65E","PHOSPHATE, TOTAL AS P","mg/L",0.086
"10/01/2003","S65E","PHOSPHATE, TOTAL AS P","mg/L",0.121
"10/07/2003","S65E","PHOSPHATE, TOTAL AS P","mg/L",0.063
"10/09/2003","S65E","PHOSPHATE, TOTAL AS P","mg/L",0.139
"10/15/2003","S65E","PHOSPHATE, TOTAL AS P","mg/L",0.127
"10/21/2003","S65E","PHOSPHATE, TOTAL AS P","mg/L",0.117
"10/22/2003","S65E","PHOSPHATE, TOTAL AS P","mg/L",0.128
"10/29/2003","S65E","PHOSPHATE, TOTAL AS P","mg/L",0.097
"11/04/2003","S65E","PHOSPHATE, TOTAL AS P","mg/L",0.086
"11/05/2003","S65E","PHOSPHATE, TOTAL AS P","mg/L",0.086
"11/12/2003","S65E","PHOSPHATE, TOTAL AS P","mg/L",0.078
"11/18/2003","S65E","PHOSPHATE, TOTAL AS P","mg/L",0.091
"11/20/2003","S65E","PHOSPHATE, TOTAL AS P","mg/L",0.089
"11/25/2003","S65E","PHOSPHATE, TOTAL AS P","mg/L",0.084
"12/02/2003","S65E","PHOSPHATE, TOTAL AS P","mg/L",0.079
"12/03/2003","S65E","PHOSPHATE, TOTAL AS P","mg/L",0.076
"12/10/2003","S65E","PHOSPHATE, TOTAL AS P","mg/L",0.178
"12/15/2003","S65E","PHOSPHATE, TOTAL AS P","mg/L",0.0453333333333333
"12/16/2003","S65E","PHOSPHATE, TOTAL AS P","mg/L",0.073
"12/17/2003","S65E","PHOSPHATE, TOTAL AS P","mg/L",0.182
"12/24/2003","S65E","PHOSPHATE, TOTAL AS P","mg/L",0.075
"12/30/2003","S65E","PHOSPHATE, TOTAL AS P","mg/L",0.029
"12/31/2003","S65E","PHOSPHATE, TOTAL AS P","mg/L",0.16
"01/07/2004","S65E","PHOSPHATE, TOTAL AS P","mg/L",0.061
"01/13/2004","S65E","PHOSPHATE, TOTAL AS P","mg/L",0.055
"01/14/2004","S65E","PHOSPHATE, TOTAL AS P","mg/L",0.063
"01/21/2004","S65E","PHOSPHATE, TOTAL AS P","mg/L",0.05
"01/27/2004","S65E","PHOSPHATE, TOTAL AS P","mg/L",0.0535
"02/05/2004","S65E","PHOSPHATE, TOTAL AS P","mg/L",0.054
"02/10/2004","S65E","PHOSPHATE, TOTAL AS P","mg/L",0.037
"02/18/2004","S65E","PHOSPHATE, TOTAL AS P","mg/L",0.056
"02/24/2004","S65E","PHOSPHATE, TOTAL AS P","mg/L",0.058
"02/25/2004","S65E","PHOSPHATE, TOTAL AS P","mg/L",0.059
"03/03/2004","S65E","PHOSPHATE, TOTAL AS P","mg/L",0.059
"03/09/2004","S65E","PHOSPHATE, TOTAL AS P","mg/L",0.074
"03/10/2004","S65E","PHOSPHATE, TOTAL AS P","mg/L",0.074
"03/15/2004","S65E","PHOSPHATE, TOTAL AS P","mg/L",0.065
"03/17/2004","S65E","PHOSPHATE, TOTAL AS P","mg/L",0.061
"03/23/2004","S65E","PHOSPHATE, TOTAL AS P","mg/L",0.054
"03/24/2004","S65E","PHOSPHATE, TOTAL AS P","mg/L",0.056
"03/31/2004","S65E","PHOSPHATE, TOTAL AS P","mg/L",0.057
"04/06/2004","S65E","PHOSPHATE, TOTAL AS P","mg/L",0.061
"04/07/2004","S65E","PHOSPHATE, TOTAL AS P","mg/L",0.067
"04/12/2004","S65E","PHOSPHATE, TOTAL AS P","mg/L",0.056
"04/20/2004","S65E","PHOSPHATE, TOTAL AS P","mg/L",0.069
"04/21/2004","S65E","PHOSPHATE, TOTAL AS P","mg/L",0.029
"04/28/2004","S65E","PHOSPHATE, TOTAL AS P","mg/L",0.058
"05/04/2004","S65E","PHOSPHATE, TOTAL AS P","mg/L",0.0295
"05/05/2004","S65E","PHOSPHATE, TOTAL AS P","mg/L",0.06
"05/12/2004","S65E","PHOSPHATE, TOTAL AS P","mg/L",0.057
"05/17/2004","S65E","PHOSPHATE, TOTAL AS P","mg/L",0.0715
"05/18/2004","S65E","PHOSPHATE, TOTAL AS P","mg/L",0.073
"05/19/2004","S65E","PHOSPHATE, TOTAL AS P","mg/L",0.081
"05/26/2004","S65E","PHOSPHATE, TOTAL AS P","mg/L",0.062
"06/02/2004","S65E","PHOSPHATE, TOTAL AS P","mg/L",0.044
"06/08/2004","S65E","PHOSPHATE, TOTAL AS P","mg/L",0.039
"06/09/2004","S65E","PHOSPHATE, TOTAL AS P","mg/L",0.042
"06/16/2004","S65E","PHOSPHATE, TOTAL AS P","mg/L",0.044
"06/22/2004","S65E","PHOSPHATE, TOTAL AS P","mg/L",0.042
"06/23/2004","S65E","PHOSPHATE, TOTAL AS P","mg/L",0.02
"06/30/2004","S65E","PHOSPHATE, TOTAL AS P","mg/L",0.047
"07/06/2004","S65E","PHOSPHATE, TOTAL AS P","mg/L",0.0195
"07/07/2004","S65E","PHOSPHATE, TOTAL AS P","mg/L",0.054
"07/14/2004","S65E","PHOSPHATE, TOTAL AS P","mg/L",0.05
"07/20/2004","S65E","PHOSPHATE, TOTAL AS P","mg/L",0.0245
"07/21/2004","S65E","PHOSPHATE, TOTAL AS P","mg/L",0.05
"07/28/2004","S65E","PHOSPHATE, TOTAL AS P","mg/L",0.067
"08/03/2004","S65E","PHOSPHATE, TOTAL AS P","mg/L",0.073
"08/04/2004","S65E","PHOSPHATE, TOTAL AS P","mg/L",0.07
"08/11/2004","S65E","PHOSPHATE, TOTAL AS P","mg/L",0.0315
"08/17/2004","S65E","PHOSPHATE, TOTAL AS P","mg/L",0.102
"08/18/2004","S65E","PHOSPHATE, TOTAL AS P","mg/L",0.078
"08/23/2004","S65E","PHOSPHATE, TOTAL AS P","mg/L",0.1615
"08/25/2004","S65E","PHOSPHATE, TOTAL AS P","mg/L",0.223
"08/31/2004","S65E","PHOSPHATE, TOTAL AS P","mg/L",0.271
"09/01/2004","S65E","PHOSPHATE, TOTAL AS P","mg/L",0.282
"09/14/2004","S65E","PHOSPHATE, TOTAL AS P","mg/L",0.173
"09/15/2004","S65E","PHOSPHATE, TOTAL AS P","mg/L",0.196
"09/21/2004","S65E","PHOSPHATE, TOTAL AS P","mg/L",0.141
"09/29/2004","S65E","PHOSPHATE, TOTAL AS P","mg/L",0.211
"09/30/2004","S65E","PHOSPHATE, TOTAL AS P","mg/L",0.155
"10/06/2004","S65E","PHOSPHATE, TOTAL AS P","mg/L",0.166
"10/12/2004","S65E","PHOSPHATE, TOTAL AS P","mg/L",0.129
"10/13/2004","S65E","PHOSPHATE, TOTAL AS P","mg/L",0.0585
"10/20/2004","S65E","PHOSPHATE, TOTAL AS P","mg/L",0.12
"10/26/2004","S65E","PHOSPHATE, TOTAL AS P","mg/L",0.0376666666666667
"10/27/2004","S65E","PHOSPHATE, TOTAL AS P","mg/L",0.111
"11/03/2004","S65E","PHOSPHATE, TOTAL AS P","mg/L",0.1
"11/09/2004","S65E","PHOSPHATE, TOTAL AS P","mg/L",0.111
"11/10/2004","S65E","PHOSPHATE, TOTAL AS P","mg/L",0.103
"11/17/2004","S65E","PHOSPHATE, TOTAL AS P","mg/L",0.041
"11/22/2004","S65E","PHOSPHATE, TOTAL AS P","mg/L",0.0785
"12/01/2004","S65E","PHOSPHATE, TOTAL AS P","mg/L",0.074
"12/07/2004","S65E","PHOSPHATE, TOTAL AS P","mg/L",0.081
"12/08/2004","S65E","PHOSPHATE, TOTAL AS P","mg/L",0.072
"12/16/2004","S65E","PHOSPHATE, TOTAL AS P","mg/L",0.07
"12/21/2004","S65E","PHOSPHATE, TOTAL AS P","mg/L",0.0395
"12/22/2004","S65E","PHOSPHATE, TOTAL AS P","mg/L",0.071
"12/29/2004","S65E","PHOSPHATE, TOTAL AS P","mg/L",0.065
"01/04/2005","S65E","PHOSPHATE, TOTAL AS P","mg/L",0.065
"01/06/2005","S65E","PHOSPHATE, TOTAL AS P","mg/L",0.058
"01/13/2005","S65E","PHOSPHATE, TOTAL AS P","mg/L",0.055
"01/18/2005","S65E","PHOSPHATE, TOTAL AS P","mg/L",0.077
"01/20/2005","S65E","PHOSPHATE, TOTAL AS P","mg/L",0.036
"01/27/2005","S65E","PHOSPHATE, TOTAL AS P","mg/L",0.067
"02/01/2005","S65E","PHOSPHATE, TOTAL AS P","mg/L",0.063
"02/03/2005","S65E","PHOSPHATE, TOTAL AS P","mg/L",0.058
"02/10/2005","S65E","PHOSPHATE, TOTAL AS P","mg/L",0.0555
"02/14/2005","S65E","PHOSPHATE, TOTAL AS P","mg/L",0.058
"02/15/2005","S65E","PHOSPHATE, TOTAL AS P","mg/L",0.058
"02/17/2005","S65E","PHOSPHATE, TOTAL AS P","mg/L",0.056
"02/24/2005","S65E","PHOSPHATE, TOTAL AS P","mg/L",0.058
"03/01/2005","S65E","PHOSPHATE, TOTAL AS P","mg/L",0.0295
"03/03/2005","S65E","PHOSPHATE, TOTAL AS P","mg/L",0.06025
"03/10/2005","S65E","PHOSPHATE, TOTAL AS P","mg/L",0.0675
"03/15/2005","S65E","PHOSPHATE, TOTAL AS P","mg/L",0.065
"03/17/2005","S65E","PHOSPHATE, TOTAL AS P","mg/L",0.06075
"03/24/2005","S65E","PHOSPHATE, TOTAL AS P","mg/L",0.066
"03/29/2005","S65E","PHOSPHATE, TOTAL AS P","mg/L",0.072
"03/31/2005","S65E","PHOSPHATE, TOTAL AS P","mg/L",0.068
"04/07/2005","S65E","PHOSPHATE, TOTAL AS P","mg/L",0.063
"04/12/2005","S65E","PHOSPHATE, TOTAL AS P","mg/L",0.058
"04/14/2005","S65E","PHOSPHATE, TOTAL AS P","mg/L",0.061
"04/21/2005","S65E","PHOSPHATE, TOTAL AS P","mg/L",0.052
"04/26/2005","S65E","PHOSPHATE, TOTAL AS P","mg/L",0.053
"04/28/2005","S65E","PHOSPHATE, TOTAL AS P","mg/L",0.0353333333333333
"05/05/2005","S65E","PHOSPHATE, TOTAL AS P","mg/L",0.0645
"05/10/2005","S65E","PHOSPHATE, TOTAL AS P","mg/L",0.068
"05/12/2005","S65E","PHOSPHATE, TOTAL AS P","mg/L",0.0421666666666667
"05/16/2005","S65E","PHOSPHATE, TOTAL AS P","mg/L",0.0305
"05/19/2005","S65E","PHOSPHATE, TOTAL AS P","mg/L",0.02975
"05/24/2005","S65E","PHOSPHATE, TOTAL AS P","mg/L",0.056
"05/26/2005","S65E","PHOSPHATE, TOTAL AS P","mg/L",0.0376666666666667
"06/02/2005","S65E","PHOSPHATE, TOTAL AS P","mg/L",0.0435
"06/07/2005","S65E","PHOSPHATE, TOTAL AS P","mg/L",0.058
"06/09/2005","S65E","PHOSPHATE, TOTAL AS P","mg/L",0.0833333333333333
"06/16/2005","S65E","PHOSPHATE, TOTAL AS P","mg/L",0.08225
"06/21/2005","S65E","PHOSPHATE, TOTAL AS P","mg/L",0.133
"06/23/2005","S65E","PHOSPHATE, TOTAL AS P","mg/L",0.0943333333333333
"06/30/2005","S65E","PHOSPHATE, TOTAL AS P","mg/L",0.096
"07/05/2005","S65E","PHOSPHATE, TOTAL AS P","mg/L",0.0715
"07/07/2005","S65E","PHOSPHATE, TOTAL AS P","mg/L",0.0811666666666667
"07/14/2005","S65E","PHOSPHATE, TOTAL AS P","mg/L",0.0485
"07/19/2005","S65E","PHOSPHATE, TOTAL AS P","mg/L",0.047
"07/21/2005","S65E","PHOSPHATE, TOTAL AS P","mg/L",0.0678333333333333
"07/28/2005","S65E","PHOSPHATE, TOTAL AS P","mg/L",0.04375
"08/02/2005","S65E","PHOSPHATE, TOTAL AS P","mg/L",0.0405
"08/04/2005","S65E","PHOSPHATE, TOTAL AS P","mg/L",0.0578333333333333
"08/11/2005","S65E","PHOSPHATE, TOTAL AS P","mg/L",0.042
"08/16/2005","S65E","PHOSPHATE, TOTAL AS P","mg/L",0.091
"08/18/2005","S65E","PHOSPHATE, TOTAL AS P","mg/L",0.0875
"08/22/2005","S65E","PHOSPHATE, TOTAL AS P","mg/L",0.086
"08/29/2005","S65E","PHOSPHATE, TOTAL AS P","mg/L",0.074
"08/30/2005","S65E","PHOSPHATE, TOTAL AS P","mg/L",0.063
"09/01/2005","S65E","PHOSPHATE, TOTAL AS P","mg/L",0.0456666666666667
"09/08/2005","S65E","PHOSPHATE, TOTAL AS P","mg/L",0.0305
"09/12/2005","S65E","PHOSPHATE, TOTAL AS P","mg/L",0.0295
"09/15/2005","S65E","PHOSPHATE, TOTAL AS P","mg/L",0.0391666666666667
"09/22/2005","S65E","PHOSPHATE, TOTAL AS P","mg/L",0.0345
"09/26/2005","S65E","PHOSPHATE, TOTAL AS P","mg/L",0.078
"09/29/2005","S65E","PHOSPHATE, TOTAL AS P","mg/L",0.0415
"10/06/2005","S65E","PHOSPHATE, TOTAL AS P","mg/L",0.0755
"10/11/2005","S65E","PHOSPHATE, TOTAL AS P","mg/L",0.059
"10/13/2005","S65E","PHOSPHATE, TOTAL AS P","mg/L",0.05
"10/20/2005","S65E","PHOSPHATE, TOTAL AS P","mg/L",0.04125
"11/03/2005","S65E","PHOSPHATE, TOTAL AS P","mg/L",0.0535
"11/08/2005","S65E","PHOSPHATE, TOTAL AS P","mg/L",0.0425
"11/10/2005","S65E","PHOSPHATE, TOTAL AS P","mg/L",0.0465
"11/14/2005","S65E","PHOSPHATE, TOTAL AS P","mg/L",0.087
"11/16/2005","S65E","PHOSPHATE, TOTAL AS P","mg/L",0.082
"11/17/2005","S65E","PHOSPHATE, TOTAL AS P","mg/L",0.0565
"11/23/2005","S65E","PHOSPHATE, TOTAL AS P","mg/L",0.03425
"12/01/2005","S65E","PHOSPHATE, TOTAL AS P","mg/L",0.0426666666666667
"12/06/2005","S65E","PHOSPHATE, TOTAL AS P","mg/L",0.07
"12/08/2005","S65E","PHOSPHATE, TOTAL AS P","mg/L",0.02875
"12/14/2005","S65E","PHOSPHATE, TOTAL AS P","mg/L",0.0386666666666667
"12/20/2005","S65E","PHOSPHATE, TOTAL AS P","mg/L",0.061
"12/22/2005","S65E","PHOSPHATE, TOTAL AS P","mg/L",0.0265
"12/29/2005","S65E","PHOSPHATE, TOTAL AS P","mg/L",0.10375
"01/03/2006","S65E","PHOSPHATE, TOTAL AS P","mg/L",0.054
"01/05/2006","S65E","PHOSPHATE, TOTAL AS P","mg/L",0.03525
"01/12/2006","S65E","PHOSPHATE, TOTAL AS P","mg/L",0.0338333333333333
"01/17/2006","S65E","PHOSPHATE, TOTAL AS P","mg/L",0.052
"01/19/2006","S65E","PHOSPHATE, TOTAL AS P","mg/L",0.026
"01/26/2006","S65E","PHOSPHATE, TOTAL AS P","mg/L",0.0356666666666667
"01/30/2006","S65E","PHOSPHATE, TOTAL AS P","mg/L",0.062
"02/02/2006","S65E","PHOSPHATE, TOTAL AS P","mg/L",0.029
"02/09/2006","S65E","PHOSPHATE, TOTAL AS P","mg/L",0.06975
"02/13/2006","S65E","PHOSPHATE, TOTAL AS P","mg/L",0.04
"02/16/2006","S65E","PHOSPHATE, TOTAL AS P","mg/L",0.063
"02/21/2006","S65E","PHOSPHATE, TOTAL AS P","mg/L",0.0435
"02/22/2006","S65E","PHOSPHATE, TOTAL AS P","mg/L",0.056
"02/28/2006","S65E","PHOSPHATE, TOTAL AS P","mg/L",0.06
"03/01/2006","S65E","PHOSPHATE, TOTAL AS P","mg/L",0.055
"03/08/2006","S65E","PHOSPHATE, TOTAL AS P","mg/L",0.063
"03/13/2006","S65E","PHOSPHATE, TOTAL AS P","mg/L",0.033
"03/15/2006","S65E","PHOSPHATE, TOTAL AS P","mg/L",0.067
"03/22/2006","S65E","PHOSPHATE, TOTAL AS P","mg/L",0.069
"03/28/2006","S65E","PHOSPHATE, TOTAL AS P","mg/L",0.073
"03/29/2006","S65E","PHOSPHATE, TOTAL AS P","mg/L",0.072
"04/05/2006","S65E","PHOSPHATE, TOTAL AS P","mg/L",0.067
"04/11/2006","S65E","PHOSPHATE, TOTAL AS P","mg/L",0.031
"04/12/2006","S65E","PHOSPHATE, TOTAL AS P","mg/L",0.061
"04/18/2006","S65E","PHOSPHATE, TOTAL AS P","mg/L",0.061
"04/24/2006","S65E","PHOSPHATE, TOTAL AS P","mg/L",0.06
"04/26/2006","S65E","PHOSPHATE, TOTAL AS P","mg/L",0.06
"05/03/2006","S65E","PHOSPHATE, TOTAL AS P","mg/L",0.06
"05/08/2006","S65E","PHOSPHATE, TOTAL AS P","mg/L",0.057
"05/10/2006","S65E","PHOSPHATE, TOTAL AS P","mg/L",0.067
"05/16/2006","S65E","PHOSPHATE, TOTAL AS P","mg/L",0.028
"05/22/2006","S65E","PHOSPHATE, TOTAL AS P","mg/L",0.065
"05/23/2006","S65E","PHOSPHATE, TOTAL AS P","mg/L",0.0335
"05/24/2006","S65E","PHOSPHATE, TOTAL AS P","mg/L",0.078
"05/31/2006","S65E","PHOSPHATE, TOTAL AS P","mg/L",0.035
"06/06/2006","S65E","PHOSPHATE, TOTAL AS P","mg/L",0.0312
"06/07/2006","S65E","PHOSPHATE, TOTAL AS P","mg/L",0.072
"06/14/2006","S65E","PHOSPHATE, TOTAL AS P","mg/L",0.061
"06/19/2006","S65E","PHOSPHATE, TOTAL AS P","mg/L",0.0325
"06/21/2006","S65E","PHOSPHATE, TOTAL AS P","mg/L",0.067
"06/28/2006","S65E","PHOSPHATE, TOTAL AS P","mg/L",0.06
"07/03/2006","S65E","PHOSPHATE, TOTAL AS P","mg/L",0.066
"07/12/2006","S65E","PHOSPHATE, TOTAL AS P","mg/L",0.062
"07/18/2006","S65E","PHOSPHATE, TOTAL AS P","mg/L",0.051
"07/19/2006","S65E","PHOSPHATE, TOTAL AS P","mg/L",0.065
"07/26/2006","S65E","PHOSPHATE, TOTAL AS P","mg/L",0.072
"07/31/2006","S65E","PHOSPHATE, TOTAL AS P","mg/L",0.037
"08/02/2006","S65E","PHOSPHATE, TOTAL AS P","mg/L",0.07
"08/09/2006","S65E","PHOSPHATE, TOTAL AS P","mg/L",0.077
"08/14/2006","S65E","PHOSPHATE, TOTAL AS P","mg/L",0.056
"08/16/2006","S65E","PHOSPHATE, TOTAL AS P","mg/L",0.063
"08/21/2006","S65E","PHOSPHATE, TOTAL AS P","mg/L",0.08
"08/23/2006","S65E","PHOSPHATE, TOTAL AS P","mg/L",0.065
"08/31/2006","S65E","PHOSPHATE, TOTAL AS P","mg/L",0.0865
"09/06/2006","S65E","PHOSPHATE, TOTAL AS P","mg/L",0.108
"09/11/2006","S65E","PHOSPHATE, TOTAL AS P","mg/L",0.143666666666667
"09/13/2006","S65E","PHOSPHATE, TOTAL AS P","mg/L",0.364
"09/20/2006","S65E","PHOSPHATE, TOTAL AS P","mg/L",0.282
"09/25/2006","S65E","PHOSPHATE, TOTAL AS P","mg/L",0.337
"09/26/2006","S65E","PHOSPHATE, TOTAL AS P","mg/L",0.271
"10/04/2006","S65E","PHOSPHATE, TOTAL AS P","mg/L",0.257
"10/10/2006","S65E","PHOSPHATE, TOTAL AS P","mg/L",0.276
"10/11/2006","S65E","PHOSPHATE, TOTAL AS P","mg/L",0.286
"10/18/2006","S65E","PHOSPHATE, TOTAL AS P","mg/L",0.268
"10/24/2006","S65E","PHOSPHATE, TOTAL AS P","mg/L",0.256
"10/25/2006","S65E","PHOSPHATE, TOTAL AS P","mg/L",0.118
"10/31/2006","S65E","PHOSPHATE, TOTAL AS P","mg/L",0.242
"11/07/2006","S65E","PHOSPHATE, TOTAL AS P","mg/L",0.163
"11/15/2006","S65E","PHOSPHATE, TOTAL AS P","mg/L",0.203
"11/21/2006","S65E","PHOSPHATE, TOTAL AS P","mg/L",0.2005
"11/27/2006","S65E","PHOSPHATE, TOTAL AS P","mg/L",0.2
"11/29/2006","S65E","PHOSPHATE, TOTAL AS P","mg/L",0.189
"12/05/2006","S65E","PHOSPHATE, TOTAL AS P","mg/L",0.093
"12/06/2006","S65E","PHOSPHATE, TOTAL AS P","mg/L",0.174
"12/13/2006","S65E","PHOSPHATE, TOTAL AS P","mg/L",0.167
"12/19/2006","S65E","PHOSPHATE, TOTAL AS P","mg/L",0.12825
"12/20/2006","S65E","PHOSPHATE, TOTAL AS P","mg/L",0.16
"01/02/2007","S65E","PHOSPHATE, TOTAL AS P","mg/L",0.082
"01/03/2007","S65E","PHOSPHATE, TOTAL AS P","mg/L",0.152
"01/10/2007","S65E","PHOSPHATE, TOTAL AS P","mg/L",0.143
"01/16/2007","S65E","PHOSPHATE, TOTAL AS P","mg/L",0.163
"01/17/2007","S65E","PHOSPHATE, TOTAL AS P","mg/L",0.13
"01/24/2007","S65E","PHOSPHATE, TOTAL AS P","mg/L",0.133
"01/30/2007","S65E","PHOSPHATE, TOTAL AS P","mg/L",0.0795
"01/31/2007","S65E","PHOSPHATE, TOTAL AS P","mg/L",0.132
"02/06/2007","S65E","PHOSPHATE, TOTAL AS P","mg/L",0.138
"02/13/2007","S65E","PHOSPHATE, TOTAL AS P","mg/L",0.158
"02/14/2007","S65E","PHOSPHATE, TOTAL AS P","mg/L",0.145
"02/21/2007","S65E","PHOSPHATE, TOTAL AS P","mg/L",0.157
"02/26/2007","S65E","PHOSPHATE, TOTAL AS P","mg/L",0.159
"02/27/2007","S65E","PHOSPHATE, TOTAL AS P","mg/L",0.157
"02/28/2007","S65E","PHOSPHATE, TOTAL AS P","mg/L",0.157
"03/07/2007","S65E","PHOSPHATE, TOTAL AS P","mg/L",0.0795
"03/13/2007","S65E","PHOSPHATE, TOTAL AS P","mg/L",0.11525
"03/14/2007","S65E","PHOSPHATE, TOTAL AS P","mg/L",0.166
"03/21/2007","S65E","PHOSPHATE, TOTAL AS P","mg/L",0.165
"03/27/2007","S65E","PHOSPHATE, TOTAL AS P","mg/L",0.158
"03/28/2007","S65E","PHOSPHATE, TOTAL AS P","mg/L",0.161
"04/04/2007","S65E","PHOSPHATE, TOTAL AS P","mg/L",0.143
"04/10/2007","S65E","PHOSPHATE, TOTAL AS P","mg/L",0.151
"04/11/2007","S65E","PHOSPHATE, TOTAL AS P","mg/L",0.135
"04/18/2007","S65E","PHOSPHATE, TOTAL AS P","mg/L",0.133
"04/24/2007","S65E","PHOSPHATE, TOTAL AS P","mg/L",0.158
"04/25/2007","S65E","PHOSPHATE, TOTAL AS P","mg/L",0.0655
"05/02/2007","S65E","PHOSPHATE, TOTAL AS P","mg/L",0.127
"05/08/2007","S65E","PHOSPHATE, TOTAL AS P","mg/L",0.0906666666666667
"05/16/2007","S65E","PHOSPHATE, TOTAL AS P","mg/L",0.135
"05/21/2007","S65E","PHOSPHATE, TOTAL AS P","mg/L",0.135
"05/22/2007","S65E","PHOSPHATE, TOTAL AS P","mg/L",0.136
"05/23/2007","S65E","PHOSPHATE, TOTAL AS P","mg/L",0.125
"06/05/2007","S65E","PHOSPHATE, TOTAL AS P","mg/L",0.0804
"06/19/2007","S65E","PHOSPHATE, TOTAL AS P","mg/L",0.115
"07/02/2007","S65E","PHOSPHATE, TOTAL AS P","mg/L",0.115
"07/17/2007","S65E","PHOSPHATE, TOTAL AS P","mg/L",0.115
"07/26/2007","S65E","PHOSPHATE, TOTAL AS P","mg/L",0.146
"08/01/2007","S65E","PHOSPHATE, TOTAL AS P","mg/L",0.189
"08/06/2007","S65E","PHOSPHATE, TOTAL AS P","mg/L",0.118
"08/08/2007","S65E","PHOSPHATE, TOTAL AS P","mg/L",0.198
"08/15/2007","S65E","PHOSPHATE, TOTAL AS P","mg/L",0.202
"08/20/2007","S65E","PHOSPHATE, TOTAL AS P","mg/L",0.166
"08/21/2007","S65E","PHOSPHATE, TOTAL AS P","mg/L",0.201
"08/22/2007","S65E","PHOSPHATE, TOTAL AS P","mg/L",0.181
"08/29/2007","S65E","PHOSPHATE, TOTAL AS P","mg/L",0.197
"09/04/2007","S65E","PHOSPHATE, TOTAL AS P","mg/L",0.069
"09/05/2007","S65E","PHOSPHATE, TOTAL AS P","mg/L",0.14
"09/12/2007","S65E","PHOSPHATE, TOTAL AS P","mg/L",0.114
"09/17/2007","S65E","PHOSPHATE, TOTAL AS P","mg/L",0.08
"09/19/2007","S65E","PHOSPHATE, TOTAL AS P","mg/L",0.086
"09/26/2007","S65E","PHOSPHATE, TOTAL AS P","mg/L",0.096
"10/01/2007","S65E","PHOSPHATE, TOTAL AS P","mg/L",0.084
"10/03/2007","S65E","PHOSPHATE, TOTAL AS P","mg/L",0.08
"10/10/2007","S65E","PHOSPHATE, TOTAL AS P","mg/L",0.0845
"10/15/2007","S65E","PHOSPHATE, TOTAL AS P","mg/L",0.0485
"10/17/2007","S65E","PHOSPHATE, TOTAL AS P","mg/L",0.0955
"10/24/2007","S65E","PHOSPHATE, TOTAL AS P","mg/L",0.115
"10/29/2007","S65E","PHOSPHATE, TOTAL AS P","mg/L",0.128
"10/31/2007","S65E","PHOSPHATE, TOTAL AS P","mg/L",0.11
"11/05/2007","S65E","PHOSPHATE, TOTAL AS P","mg/L",0.116
"11/07/2007","S65E","PHOSPHATE, TOTAL AS P","mg/L",0.1065
"11/14/2007","S65E","PHOSPHATE, TOTAL AS P","mg/L",0.0965
"11/20/2007","S65E","PHOSPHATE, TOTAL AS P","mg/L",0.079
"11/21/2007","S65E","PHOSPHATE, TOTAL AS P","mg/L",0.067
"11/26/2007","S65E","PHOSPHATE, TOTAL AS P","mg/L",0.076
"11/28/2007","S65E","PHOSPHATE, TOTAL AS P","mg/L",0.0765
"12/03/2007","S65E","PHOSPHATE, TOTAL AS P","mg/L",0.041
"12/05/2007","S65E","PHOSPHATE, TOTAL AS P","mg/L",0.048
"12/12/2007","S65E","PHOSPHATE, TOTAL AS P","mg/L",0.065
"12/18/2007","S65E","PHOSPHATE, TOTAL AS P","mg/L",0.075
"12/19/2007","S65E","PHOSPHATE, TOTAL AS P","mg/L",0.08
"12/26/2007","S65E","PHOSPHATE, TOTAL AS P","mg/L",0.0775
"01/02/2008","S65E","PHOSPHATE, TOTAL AS P","mg/L",0.0775
"01/09/2008","S65E","PHOSPHATE, TOTAL AS P","mg/L",0.078
"01/16/2008","S65E","PHOSPHATE, TOTAL AS P","mg/L",0.065
"01/17/2008","S65E","PHOSPHATE, TOTAL AS P","mg/L",0.066
"01/23/2008","S65E","PHOSPHATE, TOTAL AS P","mg/L",0.0565
"01/29/2008","S65E","PHOSPHATE, TOTAL AS P","mg/L",0.03
"01/30/2008","S65E","PHOSPHATE, TOTAL AS P","mg/L",0.0525
"02/04/2008","S65E","PHOSPHATE, TOTAL AS P","mg/L",0.059
"02/06/2008","S65E","PHOSPHATE, TOTAL AS P","mg/L",0.059
"02/13/2008","S65E","PHOSPHATE, TOTAL AS P","mg/L",0.0525
"02/19/2008","S65E","PHOSPHATE, TOTAL AS P","mg/L",0.0556666666666667
"02/20/2008","S65E","PHOSPHATE, TOTAL AS P","mg/L",0.057
"02/27/2008","S65E","PHOSPHATE, TOTAL AS P","mg/L",0.041
"03/03/2008","S65E","PHOSPHATE, TOTAL AS P","mg/L",0.033
"03/05/2008","S65E","PHOSPHATE, TOTAL AS P","mg/L",0.0705
"03/12/2008","S65E","PHOSPHATE, TOTAL AS P","mg/L",0.069
"03/17/2008","S65E","PHOSPHATE, TOTAL AS P","mg/L",0.024
"03/20/2008","S65E","PHOSPHATE, TOTAL AS P","mg/L",0.06
"03/26/2008","S65E","PHOSPHATE, TOTAL AS P","mg/L",0.0755
"04/02/2008","S65E","PHOSPHATE, TOTAL AS P","mg/L",0.0815
"04/07/2008","S65E","PHOSPHATE, TOTAL AS P","mg/L",0.085
"04/09/2008","S65E","PHOSPHATE, TOTAL AS P","mg/L",0.0905
"04/16/2008","S65E","PHOSPHATE, TOTAL AS P","mg/L",0.1085
"04/21/2008","S65E","PHOSPHATE, TOTAL AS P","mg/L",0.088
"04/23/2008","S65E","PHOSPHATE, TOTAL AS P","mg/L",0.12
"04/30/2008","S65E","PHOSPHATE, TOTAL AS P","mg/L",0.0985
"05/06/2008","S65E","PHOSPHATE, TOTAL AS P","mg/L",0.051
"05/07/2008","S65E","PHOSPHATE, TOTAL AS P","mg/L",0.0795
"05/14/2008","S65E","PHOSPHATE, TOTAL AS P","mg/L",0.0675
"05/19/2008","S65E","PHOSPHATE, TOTAL AS P","mg/L",0.0235
"05/20/2008","S65E","PHOSPHATE, TOTAL AS P","mg/L",0.065
"05/27/2008","S65E","PHOSPHATE, TOTAL AS P","mg/L",0.03
"05/28/2008","S65E","PHOSPHATE, TOTAL AS P","mg/L",0.039
"06/03/2008","S65E","PHOSPHATE, TOTAL AS P","mg/L",0.0214
"06/05/2008","S65E","PHOSPHATE, TOTAL AS P","mg/L",0.064
"06/12/2008","S65E","PHOSPHATE, TOTAL AS P","mg/L",0.0435
"06/17/2008","S65E","PHOSPHATE, TOTAL AS P","mg/L",0.035
"06/18/2008","S65E","PHOSPHATE, TOTAL AS P","mg/L",0.039
"06/26/2008","S65E","PHOSPHATE, TOTAL AS P","mg/L",0.0395
"07/01/2008","S65E","PHOSPHATE, TOTAL AS P","mg/L",0.018
"07/02/2008","S65E","PHOSPHATE, TOTAL AS P","mg/L",0.0435
"07/09/2008","S65E","PHOSPHATE, TOTAL AS P","mg/L",0.061
"07/15/2008","S65E","PHOSPHATE, TOTAL AS P","mg/L",0.066
"07/16/2008","S65E","PHOSPHATE, TOTAL AS P","mg/L",0.057
"07/24/2008","S65E","PHOSPHATE, TOTAL AS P","mg/L",0.126
"07/29/2008","S65E","PHOSPHATE, TOTAL AS P","mg/L",0.158
"08/06/2008","S65E","PHOSPHATE, TOTAL AS P","mg/L",0.203
"08/13/2008","S65E","PHOSPHATE, TOTAL AS P","mg/L",0.17
"08/18/2008","S65E","PHOSPHATE, TOTAL AS P","mg/L",0.173
"08/26/2008","S65E","PHOSPHATE, TOTAL AS P","mg/L",0.205
"08/28/2008","S65E","PHOSPHATE, TOTAL AS P","mg/L",0.191
"09/03/2008","S65E","PHOSPHATE, TOTAL AS P","mg/L",0.203
"09/08/2008","S65E","PHOSPHATE, TOTAL AS P","mg/L",0.0508
"09/10/2008","S65E","PHOSPHATE, TOTAL AS P","mg/L",0.11
"09/17/2008","S65E","PHOSPHATE, TOTAL AS P","mg/L",0.09
"09/22/2008","S65E","PHOSPHATE, TOTAL AS P","mg/L",0.098
"09/24/2008","S65E","PHOSPHATE, TOTAL AS P","mg/L",0.092
"10/01/2008","S65E","PHOSPHATE, TOTAL AS P","mg/L",0.093
"10/06/2008","S65E","PHOSPHATE, TOTAL AS P","mg/L",0.0605
"10/08/2008","S65E","PHOSPHATE, TOTAL AS P","mg/L",0.117
"10/15/2008","S65E","PHOSPHATE, TOTAL AS P","mg/L",0.104
"10/20/2008","S65E","PHOSPHATE, TOTAL AS P","mg/L",0.06
"10/22/2008","S65E","PHOSPHATE, TOTAL AS P","mg/L",0.113
"11/10/2008","S65E","PHOSPHATE, TOTAL AS P","mg/L",0.092
"11/13/2008","S65E","PHOSPHATE, TOTAL AS P","mg/L",0.037
"11/18/2008","S65E","PHOSPHATE, TOTAL AS P","mg/L",0.072
"11/19/2008","S65E","PHOSPHATE, TOTAL AS P","mg/L",0.068
"11/24/2008","S65E","PHOSPHATE, TOTAL AS P","mg/L",0.063
"12/10/2008","S65E","PHOSPHATE, TOTAL AS P","mg/L",0.0275
"12/17/2008","S65E","PHOSPHATE, TOTAL AS P","mg/L",0.057
"12/23/2008","S65E","PHOSPHATE, TOTAL AS P","mg/L",0.0245
"01/14/2009","S65E","PHOSPHATE, TOTAL AS P","mg/L",0.0436666666666667
"01/27/2009","S65E","PHOSPHATE, TOTAL AS P","mg/L",0.063
"02/02/2009","S65E","PHOSPHATE, TOTAL AS P","mg/L",0.056
"02/17/2009","S65E","PHOSPHATE, TOTAL AS P","mg/L",0.051
"02/18/2009","S65E","PHOSPHATE, TOTAL AS P","mg/L",0.036
"02/19/2009","S65E","PHOSPHATE, TOTAL AS P","mg/L",0.056
"02/25/2009","S65E","PHOSPHATE, TOTAL AS P","mg/L",0.053
"03/03/2009","S65E","PHOSPHATE, TOTAL AS P","mg/L",0.0296
"03/17/2009","S65E","PHOSPHATE, TOTAL AS P","mg/L",0.035
"03/31/2009","S65E","PHOSPHATE, TOTAL AS P","mg/L",0.0225
"04/01/2009","S65E","PHOSPHATE, TOTAL AS P","mg/L",0.048
"04/08/2009","S65E","PHOSPHATE, TOTAL AS P","mg/L",0.07
"04/14/2009","S65E","PHOSPHATE, TOTAL AS P","mg/L",0.026
"04/29/2009","S65E","PHOSPHATE, TOTAL AS P","mg/L",0.0635
"05/06/2009","S65E","PHOSPHATE, TOTAL AS P","mg/L",0.07
"05/13/2009","S65E","PHOSPHATE, TOTAL AS P","mg/L",0.0323333333333333
"05/19/2009","S65E","PHOSPHATE, TOTAL AS P","mg/L",0.06
"05/20/2009","S65E","PHOSPHATE, TOTAL AS P","mg/L",0.072
"05/27/2009","S65E","PHOSPHATE, TOTAL AS P","mg/L",0.074
"06/02/2009","S65E","PHOSPHATE, TOTAL AS P","mg/L",0.12
"06/03/2009","S65E","PHOSPHATE, TOTAL AS P","mg/L",0.072
"06/10/2009","S65E","PHOSPHATE, TOTAL AS P","mg/L",0.12
"06/16/2009","S65E","PHOSPHATE, TOTAL AS P","mg/L",0.052
"06/24/2009","S65E","PHOSPHATE, TOTAL AS P","mg/L",0.095
"07/01/2009","S65E","PHOSPHATE, TOTAL AS P","mg/L",0.089
"07/07/2009","S65E","PHOSPHATE, TOTAL AS P","mg/L",0.061
"07/08/2009","S65E","PHOSPHATE, TOTAL AS P","mg/L",0.107
"07/15/2009","S65E","PHOSPHATE, TOTAL AS P","mg/L",0.11
"07/20/2009","S65E","PHOSPHATE, TOTAL AS P","mg/L",0.082
"07/22/2009","S65E","PHOSPHATE, TOTAL AS P","mg/L",0.091
"07/29/2009","S65E","PHOSPHATE, TOTAL AS P","mg/L",0.065
"08/04/2009","S65E","PHOSPHATE, TOTAL AS P","mg/L",0.029
"08/05/2009","S65E","PHOSPHATE, TOTAL AS P","mg/L",0.064
"08/12/2009","S65E","PHOSPHATE, TOTAL AS P","mg/L",0.066
"08/18/2009","S65E","PHOSPHATE, TOTAL AS P","mg/L",0.031
"08/19/2009","S65E","PHOSPHATE, TOTAL AS P","mg/L",0.066
"08/26/2009","S65E","PHOSPHATE, TOTAL AS P","mg/L",0.086
"08/27/2009","S65E","PHOSPHATE, TOTAL AS P","mg/L",0.068
"09/02/2009","S65E","PHOSPHATE, TOTAL AS P","mg/L",0.051
"09/08/2009","S65E","PHOSPHATE, TOTAL AS P","mg/L",0.057
"09/09/2009","S65E","PHOSPHATE, TOTAL AS P","mg/L",0.106
"09/16/2009","S65E","PHOSPHATE, TOTAL AS P","mg/L",0.075
"09/22/2009","S65E","PHOSPHATE, TOTAL AS P","mg/L",0.0385
"09/30/2009","S65E","PHOSPHATE, TOTAL AS P","mg/L",0.055
"10/07/2009","S65E","PHOSPHATE, TOTAL AS P","mg/L",0.041
"10/14/2009","S65E","PHOSPHATE, TOTAL AS P","mg/L",0.051
"10/21/2009","S65E","PHOSPHATE, TOTAL AS P","mg/L",0.0596666666666667
"10/28/2009","S65E","PHOSPHATE, TOTAL AS P","mg/L",0.096
"11/03/2009","S65E","PHOSPHATE, TOTAL AS P","mg/L",0.082
"11/09/2009","S65E","PHOSPHATE, TOTAL AS P","mg/L",0.045
"11/10/2009","S65E","PHOSPHATE, TOTAL AS P","mg/L",0.078
"11/17/2009","S65E","PHOSPHATE, TOTAL AS P","mg/L",0.076
"11/18/2009","S65E","PHOSPHATE, TOTAL AS P","mg/L",0.0415
"11/25/2009","S65E","PHOSPHATE, TOTAL AS P","mg/L",0.07
"11/30/2009","S65E","PHOSPHATE, TOTAL AS P","mg/L",0.0355
"12/02/2009","S65E","PHOSPHATE, TOTAL AS P","mg/L",0.063
"12/09/2009","S65E","PHOSPHATE, TOTAL AS P","mg/L",0.063
"12/16/2009","S65E","PHOSPHATE, TOTAL AS P","mg/L",0.0316666666666667
"12/22/2009","S65E","PHOSPHATE, TOTAL AS P","mg/L",0.056
"12/28/2009","S65E","PHOSPHATE, TOTAL AS P","mg/L",0.03
"12/30/2009","S65E","PHOSPHATE, TOTAL AS P","mg/L",0.055
"01/06/2010","S65E","PHOSPHATE, TOTAL AS P","mg/L",0.057
"01/11/2010","S65E","PHOSPHATE, TOTAL AS P","mg/L",0.068
"01/12/2010","S65E","PHOSPHATE, TOTAL AS P","mg/L",0.056
"01/20/2010","S65E","PHOSPHATE, TOTAL AS P","mg/L",0.058
"01/25/2010","S65E","PHOSPHATE, TOTAL AS P","mg/L",0.055
"01/27/2010","S65E","PHOSPHATE, TOTAL AS P","mg/L",0.058
"02/03/2010","S65E","PHOSPHATE, TOTAL AS P","mg/L",0.06
"02/08/2010","S65E","PHOSPHATE, TOTAL AS P","mg/L",0.069
"02/11/2010","S65E","PHOSPHATE, TOTAL AS P","mg/L",0.075
"02/17/2010","S65E","PHOSPHATE, TOTAL AS P","mg/L",0.0755
"02/24/2010","S65E","PHOSPHATE, TOTAL AS P","mg/L",0.053
"02/25/2010","S65E","PHOSPHATE, TOTAL AS P","mg/L",0.065
"03/02/2010","S65E","PHOSPHATE, TOTAL AS P","mg/L",0.068
"03/09/2010","S65E","PHOSPHATE, TOTAL AS P","mg/L",0.057
"03/15/2010","S65E","PHOSPHATE, TOTAL AS P","mg/L",0.0564
"03/17/2010","S65E","PHOSPHATE, TOTAL AS P","mg/L",0.07
"03/24/2010","S65E","PHOSPHATE, TOTAL AS P","mg/L",0.074
"03/29/2010","S65E","PHOSPHATE, TOTAL AS P","mg/L",0.098
"03/31/2010","S65E","PHOSPHATE, TOTAL AS P","mg/L",0.087
"04/07/2010","S65E","PHOSPHATE, TOTAL AS P","mg/L",0.113
"04/12/2010","S65E","PHOSPHATE, TOTAL AS P","mg/L",0.0475
"04/14/2010","S65E","PHOSPHATE, TOTAL AS P","mg/L",0.071
"04/21/2010","S65E","PHOSPHATE, TOTAL AS P","mg/L",0.078
"04/26/2010","S65E","PHOSPHATE, TOTAL AS P","mg/L",0.109
"04/28/2010","S65E","PHOSPHATE, TOTAL AS P","mg/L",0.094
"05/06/2010","S65E","PHOSPHATE, TOTAL AS P","mg/L",0.089
"05/10/2010","S65E","PHOSPHATE, TOTAL AS P","mg/L",0.036
"05/12/2010","S65E","PHOSPHATE, TOTAL AS P","mg/L",0.067
"05/20/2010","S65E","PHOSPHATE, TOTAL AS P","mg/L",0.057
"05/24/2010","S65E","PHOSPHATE, TOTAL AS P","mg/L",0.064
"05/26/2010","S65E","PHOSPHATE, TOTAL AS P","mg/L",0.062
"05/27/2010","S65E","PHOSPHATE, TOTAL AS P","mg/L",0.058
"06/02/2010","S65E","PHOSPHATE, TOTAL AS P","mg/L",0.053
"06/07/2010","S65E","PHOSPHATE, TOTAL AS P","mg/L",0.045
"06/09/2010","S65E","PHOSPHATE, TOTAL AS P","mg/L",0.039
"06/16/2010","S65E","PHOSPHATE, TOTAL AS P","mg/L",0.086
"06/21/2010","S65E","PHOSPHATE, TOTAL AS P","mg/L",0.051
"06/23/2010","S65E","PHOSPHATE, TOTAL AS P","mg/L",0.085
"06/29/2010","S65E","PHOSPHATE, TOTAL AS P","mg/L",0.137
"07/07/2010","S65E","PHOSPHATE, TOTAL AS P","mg/L",0.089
"07/08/2010","S65E","PHOSPHATE, TOTAL AS P","mg/L",0.0555
"07/14/2010","S65E","PHOSPHATE, TOTAL AS P","mg/L",0.142
"07/19/2010","S65E","PHOSPHATE, TOTAL AS P","mg/L",0.187
"07/21/2010","S65E","PHOSPHATE, TOTAL AS P","mg/L",0.195
"07/28/2010","S65E","PHOSPHATE, TOTAL AS P","mg/L",0.175
"08/02/2010","S65E","PHOSPHATE, TOTAL AS P","mg/L",0.13
"08/05/2010","S65E","PHOSPHATE, TOTAL AS P","mg/L",0.135
"08/11/2010","S65E","PHOSPHATE, TOTAL AS P","mg/L",0.117
"08/16/2010","S65E","PHOSPHATE, TOTAL AS P","mg/L",0.108
"08/18/2010","S65E","PHOSPHATE, TOTAL AS P","mg/L",0.1
"08/19/2010","S65E","PHOSPHATE, TOTAL AS P","mg/L",0.111
"08/25/2010","S65E","PHOSPHATE, TOTAL AS P","mg/L",0.092
"09/01/2010","S65E","PHOSPHATE, TOTAL AS P","mg/L",0.077
"09/08/2010","S65E","PHOSPHATE, TOTAL AS P","mg/L",0.075
"09/14/2010","S65E","PHOSPHATE, TOTAL AS P","mg/L",0.0773333333333333
"09/15/2010","S65E","PHOSPHATE, TOTAL AS P","mg/L",0.091
"09/22/2010","S65E","PHOSPHATE, TOTAL AS P","mg/L",0.095
"09/27/2010","S65E","PHOSPHATE, TOTAL AS P","mg/L",0.106
"09/29/2010","S65E","PHOSPHATE, TOTAL AS P","mg/L",0.102
"10/06/2010","S65E","PHOSPHATE, TOTAL AS P","mg/L",0.099
"10/11/2010","S65E","PHOSPHATE, TOTAL AS P","mg/L",0.064
"10/13/2010","S65E","PHOSPHATE, TOTAL AS P","mg/L",0.089
"10/20/2010","S65E","PHOSPHATE, TOTAL AS P","mg/L",0.086
"10/26/2010","S65E","PHOSPHATE, TOTAL AS P","mg/L",0.054
"10/27/2010","S65E","PHOSPHATE, TOTAL AS P","mg/L",0.066
"11/04/2010","S65E","PHOSPHATE, TOTAL AS P","mg/L",0.051
"11/09/2010","S65E","PHOSPHATE, TOTAL AS P","mg/L",0.054
"11/10/2010","S65E","PHOSPHATE, TOTAL AS P","mg/L",0.054
"11/17/2010","S65E","PHOSPHATE, TOTAL AS P","mg/L",0.049
"11/18/2010","S65E","PHOSPHATE, TOTAL AS P","mg/L",0.059
"11/24/2010","S65E","PHOSPHATE, TOTAL AS P","mg/L",0.051
"11/29/2010","S65E","PHOSPHATE, TOTAL AS P","mg/L",0.041
"11/30/2010","S65E","PHOSPHATE, TOTAL AS P","mg/L",0.043
"12/08/2010","S65E","PHOSPHATE, TOTAL AS P","mg/L",0.052
"12/09/2010","S65E","PHOSPHATE, TOTAL AS P","mg/L",0.044
"12/22/2010","S65E","PHOSPHATE, TOTAL AS P","mg/L",0.0435
"12/29/2010","S65E","PHOSPHATE, TOTAL AS P","mg/L",0.058
"01/05/2011","S65E","PHOSPHATE, TOTAL AS P","mg/L",0.068
"01/10/2011","S65E","PHOSPHATE, TOTAL AS P","mg/L",0.038
"01/12/2011","S65E","PHOSPHATE, TOTAL AS P","mg/L",0.055
"01/19/2011","S65E","PHOSPHATE, TOTAL AS P","mg/L",0.055
"01/24/2011","S65E","PHOSPHATE, TOTAL AS P","mg/L",0.036
"01/26/2011","S65E","PHOSPHATE, TOTAL AS P","mg/L",0.046
"02/02/2011","S65E","PHOSPHATE, TOTAL AS P","mg/L",0.051
"02/07/2011","S65E","PHOSPHATE, TOTAL AS P","mg/L",0.039
"02/09/2011","S65E","PHOSPHATE, TOTAL AS P","mg/L",0.043
"02/16/2011","S65E","PHOSPHATE, TOTAL AS P","mg/L",0.0475
"02/17/2011","S65E","PHOSPHATE, TOTAL AS P","mg/L",0.044
"02/23/2011","S65E","PHOSPHATE, TOTAL AS P","mg/L",0.0475
"03/03/2011","S65E","PHOSPHATE, TOTAL AS P","mg/L",0.051
"03/09/2011","S65E","PHOSPHATE, TOTAL AS P","mg/L",0.05275
"03/17/2011","S65E","PHOSPHATE, TOTAL AS P","mg/L",0.067
"03/23/2011","S65E","PHOSPHATE, TOTAL AS P","mg/L",0.0485
"03/30/2011","S65E","PHOSPHATE, TOTAL AS P","mg/L",0.055
"04/06/2011","S65E","PHOSPHATE, TOTAL AS P","mg/L",0.067
"04/13/2011","S65E","PHOSPHATE, TOTAL AS P","mg/L",0.064
"04/20/2011","S65E","PHOSPHATE, TOTAL AS P","mg/L",0.076
"04/27/2011","S65E","PHOSPHATE, TOTAL AS P","mg/L",0.066
"05/04/2011","S65E","PHOSPHATE, TOTAL AS P","mg/L",0.069
"05/11/2011","S65E","PHOSPHATE, TOTAL AS P","mg/L",0.058
"05/18/2011","S65E","PHOSPHATE, TOTAL AS P","mg/L",0.0575
"05/25/2011","S65E","PHOSPHATE, TOTAL AS P","mg/L",0.053
"06/01/2011","S65E","PHOSPHATE, TOTAL AS P","mg/L",0.058
"06/08/2011","S65E","PHOSPHATE, TOTAL AS P","mg/L",0.0465
"06/20/2011","S65E","PHOSPHATE, TOTAL AS P","mg/L",0.033
"06/22/2011","S65E","PHOSPHATE, TOTAL AS P","mg/L",0.037
"07/06/2011","S65E","PHOSPHATE, TOTAL AS P","mg/L",0.0475
"07/13/2011","S65E","PHOSPHATE, TOTAL AS P","mg/L",0.104
"07/20/2011","S65E","PHOSPHATE, TOTAL AS P","mg/L",0.2655
"07/27/2011","S65E","PHOSPHATE, TOTAL AS P","mg/L",0.263
"08/03/2011","S65E","PHOSPHATE, TOTAL AS P","mg/L",0.254
"08/10/2011","S65E","PHOSPHATE, TOTAL AS P","mg/L",0.223
"08/17/2011","S65E","PHOSPHATE, TOTAL AS P","mg/L",0.177
"08/24/2011","S65E","PHOSPHATE, TOTAL AS P","mg/L",0.141
"08/31/2011","S65E","PHOSPHATE, TOTAL AS P","mg/L",0.099
"09/07/2011","S65E","PHOSPHATE, TOTAL AS P","mg/L",0.086
"09/14/2011","S65E","PHOSPHATE, TOTAL AS P","mg/L",0.0705
"09/21/2011","S65E","PHOSPHATE, TOTAL AS P","mg/L",0.1
"09/28/2011","S65E","PHOSPHATE, TOTAL AS P","mg/L",0.096
"10/05/2011","S65E","PHOSPHATE, TOTAL AS P","mg/L",0.051
"10/12/2011","S65E","PHOSPHATE, TOTAL AS P","mg/L",0.1535
"10/19/2011","S65E","PHOSPHATE, TOTAL AS P","mg/L",0.1435
"10/26/2011","S65E","PHOSPHATE, TOTAL AS P","mg/L",0.0645
"11/02/2011","S65E","PHOSPHATE, TOTAL AS P","mg/L",0.073
"11/07/2011","S65E","PHOSPHATE, TOTAL AS P","mg/L",0.085
"11/09/2011","S65E","PHOSPHATE, TOTAL AS P","mg/L",0.085
"11/16/2011","S65E","PHOSPHATE, TOTAL AS P","mg/L",0.071
"11/22/2011","S65E","PHOSPHATE, TOTAL AS P","mg/L",0.079
"11/23/2011","S65E","PHOSPHATE, TOTAL AS P","mg/L",0.071
"11/30/2011","S65E","PHOSPHATE, TOTAL AS P","mg/L",0.079
"12/07/2011","S65E","PHOSPHATE, TOTAL AS P","mg/L",0.0695
"12/14/2011","S65E","PHOSPHATE, TOTAL AS P","mg/L",0.057
"12/21/2011","S65E","PHOSPHATE, TOTAL AS P","mg/L",0.0525
"12/28/2011","S65E","PHOSPHATE, TOTAL AS P","mg/L",0.041
"01/04/2012","S65E","PHOSPHATE, TOTAL AS P","mg/L",0.046
"01/11/2012","S65E","PHOSPHATE, TOTAL AS P","mg/L",0.05
"01/18/2012","S65E","PHOSPHATE, TOTAL AS P","mg/L",0.046
"01/25/2012","S65E","PHOSPHATE, TOTAL AS P","mg/L",0.046
"02/01/2012","S65E","PHOSPHATE, TOTAL AS P","mg/L",0.0385
"02/08/2012","S65E","PHOSPHATE, TOTAL AS P","mg/L",0.037
"02/15/2012","S65E","PHOSPHATE, TOTAL AS P","mg/L",0.0455
"02/22/2012","S65E","PHOSPHATE, TOTAL AS P","mg/L",0.044
"02/29/2012","S65E","PHOSPHATE, TOTAL AS P","mg/L",0.036
"03/07/2012","S65E","PHOSPHATE, TOTAL AS P","mg/L",0.045
"03/14/2012","S65E","PHOSPHATE, TOTAL AS P","mg/L",0.047
"03/21/2012","S65E","PHOSPHATE, TOTAL AS P","mg/L",0.046
"03/28/2012","S65E","PHOSPHATE, TOTAL AS P","mg/L",0.0505
"04/11/2012","S65E","PHOSPHATE, TOTAL AS P","mg/L",0.057
"04/18/2012","S65E","PHOSPHATE, TOTAL AS P","mg/L",0.077
"04/25/2012","S65E","PHOSPHATE, TOTAL AS P","mg/L",0.064
"05/02/2012","S65E","PHOSPHATE, TOTAL AS P","mg/L",0.06
"05/09/2012","S65E","PHOSPHATE, TOTAL AS P","mg/L",0.045
"05/16/2012","S65E","PHOSPHATE, TOTAL AS P","mg/L",0.0475
"05/23/2012","S65E","PHOSPHATE, TOTAL AS P","mg/L",0.046
"05/30/2012","S65E","PHOSPHATE, TOTAL AS P","mg/L",0.056
"06/06/2012","S65E","PHOSPHATE, TOTAL AS P","mg/L",0.051
"06/13/2012","S65E","PHOSPHATE, TOTAL AS P","mg/L",0.056
"06/20/2012","S65E","PHOSPHATE, TOTAL AS P","mg/L",0.053
"06/27/2012","S65E","PHOSPHATE, TOTAL AS P","mg/L",0.074
"07/03/2012","S65E","PHOSPHATE, TOTAL AS P","mg/L",0.092
"07/11/2012","S65E","PHOSPHATE, TOTAL AS P","mg/L",0.1635
"07/18/2012","S65E","PHOSPHATE, TOTAL AS P","mg/L",0.175
"07/25/2012","S65E","PHOSPHATE, TOTAL AS P","mg/L",0.1485
"08/01/2012","S65E","PHOSPHATE, TOTAL AS P","mg/L",0.123
"08/08/2012","S65E","PHOSPHATE, TOTAL AS P","mg/L",0.103666666666667
"08/15/2012","S65E","PHOSPHATE, TOTAL AS P","mg/L",0.104
"08/22/2012","S65E","PHOSPHATE, TOTAL AS P","mg/L",0.104
"08/29/2012","S65E","PHOSPHATE, TOTAL AS P","mg/L",0.162
"09/05/2012","S65E","PHOSPHATE, TOTAL AS P","mg/L",0.2365
"09/12/2012","S65E","PHOSPHATE, TOTAL AS P","mg/L",0.222
"09/19/2012","S65E","PHOSPHATE, TOTAL AS P","mg/L",0.1315
"09/26/2012","S65E","PHOSPHATE, TOTAL AS P","mg/L",0.145
"10/03/2012","S65E","PHOSPHATE, TOTAL AS P","mg/L",0.111
"10/10/2012","S65E","PHOSPHATE, TOTAL AS P","mg/L",0.13
"10/17/2012","S65E","PHOSPHATE, TOTAL AS P","mg/L",0.1025
"10/24/2012","S65E","PHOSPHATE, TOTAL AS P","mg/L",0.114
"10/31/2012","S65E","PHOSPHATE, TOTAL AS P","mg/L",0.131
"11/07/2012","S65E","PHOSPHATE, TOTAL AS P","mg/L",0.109
"11/14/2012","S65E","PHOSPHATE, TOTAL AS P","mg/L",0.079
"11/21/2012","S65E","PHOSPHATE, TOTAL AS P","mg/L",0.079
"11/28/2012","S65E","PHOSPHATE, TOTAL AS P","mg/L",0.083
"12/05/2012","S65E","PHOSPHATE, TOTAL AS P","mg/L",0.06
"12/12/2012","S65E","PHOSPHATE, TOTAL AS P","mg/L",0.057
"12/19/2012","S65E","PHOSPHATE, TOTAL AS P","mg/L",0.0755
"12/26/2012","S65E","PHOSPHATE, TOTAL AS P","mg/L",0.08
"01/02/2013","S65E","PHOSPHATE, TOTAL AS P","mg/L",0.073
"01/09/2013","S65E","PHOSPHATE, TOTAL AS P","mg/L",0.073
"01/16/2013","S65E","PHOSPHATE, TOTAL AS P","mg/L",0.064
"01/23/2013","S65E","PHOSPHATE, TOTAL AS P","mg/L",0.066
"01/30/2013","S65E","PHOSPHATE, TOTAL AS P","mg/L",0.067
"02/06/2013","S65E","PHOSPHATE, TOTAL AS P","mg/L",0.0625
"02/13/2013","S65E","PHOSPHATE, TOTAL AS P","mg/L",0.0555
"02/20/2013","S65E","PHOSPHATE, TOTAL AS P","mg/L",0.038
"02/27/2013","S65E","PHOSPHATE, TOTAL AS P","mg/L",0.051
"03/06/2013","S65E","PHOSPHATE, TOTAL AS P","mg/L",0.07
"03/13/2013","S65E","PHOSPHATE, TOTAL AS P","mg/L",0.0535
"03/27/2013","S65E","PHOSPHATE, TOTAL AS P","mg/L",0.045
"04/03/2013","S65E","PHOSPHATE, TOTAL AS P","mg/L",0.045
"04/10/2013","S65E","PHOSPHATE, TOTAL AS P","mg/L",0.0435
"04/17/2013","S65E","PHOSPHATE, TOTAL AS P","mg/L",0.041
"04/24/2013","S65E","PHOSPHATE, TOTAL AS P","mg/L",0.0475
"05/01/2013","S65E","PHOSPHATE, TOTAL AS P","mg/L",0.057
"05/08/2013","S65E","PHOSPHATE, TOTAL AS P","mg/L",0.0513333333333333
"05/15/2013","S65E","PHOSPHATE, TOTAL AS P","mg/L",0.057
"05/22/2013","S65E","PHOSPHATE, TOTAL AS P","mg/L",0.0565
"05/29/2013","S65E","PHOSPHATE, TOTAL AS P","mg/L",0.059
"06/05/2013","S65E","PHOSPHATE, TOTAL AS P","mg/L",0.0485
"06/12/2013","S65E","PHOSPHATE, TOTAL AS P","mg/L",0.086
"06/19/2013","S65E","PHOSPHATE, TOTAL AS P","mg/L",0.2075
"06/26/2013","S65E","PHOSPHATE, TOTAL AS P","mg/L",0.189
"07/02/2013","S65E","PHOSPHATE, TOTAL AS P","mg/L",0.1435
"07/10/2013","S65E","PHOSPHATE, TOTAL AS P","mg/L",0.225
"07/17/2013","S65E","PHOSPHATE, TOTAL AS P","mg/L",0.158
"07/24/2013","S65E","PHOSPHATE, TOTAL AS P","mg/L",0.13
"07/31/2013","S65E","PHOSPHATE, TOTAL AS P","mg/L",0.1255
"08/07/2013","S65E","PHOSPHATE, TOTAL AS P","mg/L",0.0985
"08/14/2013","S65E","PHOSPHATE, TOTAL AS P","mg/L",0.0755
"08/21/2013","S65E","PHOSPHATE, TOTAL AS P","mg/L",0.076
"08/28/2013","S65E","PHOSPHATE, TOTAL AS P","mg/L",0.091
"09/04/2013","S65E","PHOSPHATE, TOTAL AS P","mg/L",0.072
"09/11/2013","S65E","PHOSPHATE, TOTAL AS P","mg/L",0.0995
"09/18/2013","S65E","PHOSPHATE, TOTAL AS P","mg/L",0.081
"09/25/2013","S65E","PHOSPHATE, TOTAL AS P","mg/L",0.1455
"10/02/2013","S65E","PHOSPHATE, TOTAL AS P","mg/L",0.102
"10/09/2013","S65E","PHOSPHATE, TOTAL AS P","mg/L",0.0905
"10/16/2013","S65E","PHOSPHATE, TOTAL AS P","mg/L",0.099
"10/23/2013","S65E","PHOSPHATE, TOTAL AS P","mg/L",0.0795
"10/30/2013","S65E","PHOSPHATE, TOTAL AS P","mg/L",0.054
"11/04/2013","S65E","PHOSPHATE, TOTAL AS P","mg/L",0.095
"11/06/2013","S65E","PHOSPHATE, TOTAL AS P","mg/L",0.0775
"11/13/2013","S65E","PHOSPHATE, TOTAL AS P","mg/L",0.067
"11/20/2013","S65E","PHOSPHATE, TOTAL AS P","mg/L",0.0555
"11/27/2013","S65E","PHOSPHATE, TOTAL AS P","mg/L",0.037
"12/04/2013","S65E","PHOSPHATE, TOTAL AS P","mg/L",0.043
"12/11/2013","S65E","PHOSPHATE, TOTAL AS P","mg/L",0.035
"12/18/2013","S65E","PHOSPHATE, TOTAL AS P","mg/L",0.049
"12/26/2013","S65E","PHOSPHATE, TOTAL AS P","mg/L",0.048
"12/30/2013","S65E","PHOSPHATE, TOTAL AS P","mg/L",0.046
"01/08/2014","S65E","PHOSPHATE, TOTAL AS P","mg/L",0.044
"01/15/2014","S65E","PHOSPHATE, TOTAL AS P","mg/L",0.043
"01/22/2014","S65E","PHOSPHATE, TOTAL AS P","mg/L",0.054
"01/29/2014","S65E","PHOSPHATE, TOTAL AS P","mg/L",0.0565
"02/03/2014","S65E","PHOSPHATE, TOTAL AS P","mg/L",0.047
"02/05/2014","S65E","PHOSPHATE, TOTAL AS P","mg/L",0.057
"02/12/2014","S65E","PHOSPHATE, TOTAL AS P","mg/L",0.056
"02/19/2014","S65E","PHOSPHATE, TOTAL AS P","mg/L",0.054
"02/26/2014","S65E","PHOSPHATE, TOTAL AS P","mg/L",0.0595
"03/05/2014","S65E","PHOSPHATE, TOTAL AS P","mg/L",0.07
"03/12/2014","S65E","PHOSPHATE, TOTAL AS P","mg/L",0.071
"03/19/2014","S65E","PHOSPHATE, TOTAL AS P","mg/L",0.117
"03/26/2014","S65E","PHOSPHATE, TOTAL AS P","mg/L",0.061
"04/02/2014","S65E","PHOSPHATE, TOTAL AS P","mg/L",0.069
"04/09/2014","S65E","PHOSPHATE, TOTAL AS P","mg/L",0.0505
"04/16/2014","S65E","PHOSPHATE, TOTAL AS P","mg/L",0.049
"04/23/2014","S65E","PHOSPHATE, TOTAL AS P","mg/L",0.0615
"04/30/2014","S65E","PHOSPHATE, TOTAL AS P","mg/L",0.064
"05/05/2014","S65E","PHOSPHATE, TOTAL AS P","mg/L",0.065
"05/07/2014","S65E","PHOSPHATE, TOTAL AS P","mg/L",0.06
"05/14/2014","S65E","PHOSPHATE, TOTAL AS P","mg/L",0.065
"05/21/2014","S65E","PHOSPHATE, TOTAL AS P","mg/L",0.071
"05/28/2014","S65E","PHOSPHATE, TOTAL AS P","mg/L",0.078
"06/04/2014","S65E","PHOSPHATE, TOTAL AS P","mg/L",0.078
"06/11/2014","S65E","PHOSPHATE, TOTAL AS P","mg/L",0.088
"06/18/2014","S65E","PHOSPHATE, TOTAL AS P","mg/L",0.0745
"06/25/2014","S65E","PHOSPHATE, TOTAL AS P","mg/L",0.078
"07/01/2014","S65E","PHOSPHATE, TOTAL AS P","mg/L",0.185
"07/09/2014","S65E","PHOSPHATE, TOTAL AS P","mg/L",0.165
"07/16/2014","S65E","PHOSPHATE, TOTAL AS P","mg/L",0.146
"07/23/2014","S65E","PHOSPHATE, TOTAL AS P","mg/L",0.143
"07/30/2014","S65E","PHOSPHATE, TOTAL AS P","mg/L",0.124
"08/07/2014","S65E","PHOSPHATE, TOTAL AS P","mg/L",0.115
"08/13/2014","S65E","PHOSPHATE, TOTAL AS P","mg/L",0.1085
"08/18/2014","S65E","PHOSPHATE, TOTAL AS P","mg/L",0.094
"08/20/2014","S65E","PHOSPHATE, TOTAL AS P","mg/L",0.076
"08/27/2014","S65E","PHOSPHATE, TOTAL AS P","mg/L",0.0775
"09/03/2014","S65E","PHOSPHATE, TOTAL AS P","mg/L",0.082
"09/10/2014","S65E","PHOSPHATE, TOTAL AS P","mg/L",0.106
"09/17/2014","S65E","PHOSPHATE, TOTAL AS P","mg/L",0.089
"09/24/2014","S65E","PHOSPHATE, TOTAL AS P","mg/L",0.087
"10/01/2014","S65E","PHOSPHATE, TOTAL AS P","mg/L",0.109
"10/08/2014","S65E","PHOSPHATE, TOTAL AS P","mg/L",0.0695
"10/15/2014","S65E","PHOSPHATE, TOTAL AS P","mg/L",0.059
"10/22/2014","S65E","PHOSPHATE, TOTAL AS P","mg/L",0.087
"10/30/2014","S65E","PHOSPHATE, TOTAL AS P","mg/L",0.121
"11/03/2014","S65E","PHOSPHATE, TOTAL AS P","mg/L",0.085
"11/05/2014","S65E","PHOSPHATE, TOTAL AS P","mg/L",0.0855
"11/12/2014","S65E","PHOSPHATE, TOTAL AS P","mg/L",0.082
"11/19/2014","S65E","PHOSPHATE, TOTAL AS P","mg/L",0.0635
"11/26/2014","S65E","PHOSPHATE, TOTAL AS P","mg/L",0.08
"12/03/2014","S65E","PHOSPHATE, TOTAL AS P","mg/L",0.0655
"12/10/2014","S65E","PHOSPHATE, TOTAL AS P","mg/L",0.063
"12/17/2014","S65E","PHOSPHATE, TOTAL AS P","mg/L",0.0595
"12/23/2014","S65E","PHOSPHATE, TOTAL AS P","mg/L",0.049
"12/30/2014","S65E","PHOSPHATE, TOTAL AS P","mg/L",0.053
"01/07/2015","S65E","PHOSPHATE, TOTAL AS P","mg/L",0.062
"01/14/2015","S65E","PHOSPHATE, TOTAL AS P","mg/L",0.0645
"01/21/2015","S65E","PHOSPHATE, TOTAL AS P","mg/L",0.055
"01/28/2015","S65E","PHOSPHATE, TOTAL AS P","mg/L",0.0515
"02/02/2015","S65E","PHOSPHATE, TOTAL AS P","mg/L",0.038
"02/04/2015","S65E","PHOSPHATE, TOTAL AS P","mg/L",0.043
"02/11/2015","S65E","PHOSPHATE, TOTAL AS P","mg/L",0.032
"02/18/2015","S65E","PHOSPHATE, TOTAL AS P","mg/L",0.036
"02/25/2015","S65E","PHOSPHATE, TOTAL AS P","mg/L",0.0395
"03/04/2015","S65E","PHOSPHATE, TOTAL AS P","mg/L",0.043
"03/11/2015","S65E","PHOSPHATE, TOTAL AS P","mg/L",0.0635
"03/18/2015","S65E","PHOSPHATE, TOTAL AS P","mg/L",0.058
"03/25/2015","S65E","PHOSPHATE, TOTAL AS P","mg/L",0.079
"04/01/2015","S65E","PHOSPHATE, TOTAL AS P","mg/L",0.077
"04/08/2015","S65E","PHOSPHATE, TOTAL AS P","mg/L",0.0525
"04/15/2015","S65E","PHOSPHATE, TOTAL AS P","mg/L",0.05
"04/22/2015","S65E","PHOSPHATE, TOTAL AS P","mg/L",0.0585
"04/29/2015","S65E","PHOSPHATE, TOTAL AS P","mg/L",0.065
"05/04/2015","S65E","PHOSPHATE, TOTAL AS P","mg/L",0.054
"05/06/2015","S65E","PHOSPHATE, TOTAL AS P","mg/L",0.056
"05/13/2015","S65E","PHOSPHATE, TOTAL AS P","mg/L",0.051
"05/20/2015","S65E","PHOSPHATE, TOTAL AS P","mg/L",0.062
"05/27/2015","S65E","PHOSPHATE, TOTAL AS P","mg/L",0.074
"06/03/2015","S65E","PHOSPHATE, TOTAL AS P","mg/L",0.0625
"06/10/2015","S65E","PHOSPHATE, TOTAL AS P","mg/L",0.081
"06/17/2015","S65E","PHOSPHATE, TOTAL AS P","mg/L",0.058
"06/24/2015","S65E","PHOSPHATE, TOTAL AS P","mg/L",0.066
"07/01/2015","S65E","PHOSPHATE, TOTAL AS P","mg/L",0.052
"07/08/2015","S65E","PHOSPHATE, TOTAL AS P","mg/L",0.061
"07/15/2015","S65E","PHOSPHATE, TOTAL AS P","mg/L",0.0755
"07/22/2015","S65E","PHOSPHATE, TOTAL AS P","mg/L",0.074
"07/29/2015","S65E","PHOSPHATE, TOTAL AS P","mg/L",0.08
"08/03/2015","S65E","PHOSPHATE, TOTAL AS P","mg/L",0.072
"08/05/2015","S65E","PHOSPHATE, TOTAL AS P","mg/L",0.079
"08/12/2015","S65E","PHOSPHATE, TOTAL AS P","mg/L",0.08075
"08/19/2015","S65E","PHOSPHATE, TOTAL AS P","mg/L",0.085
"08/26/2015","S65E","PHOSPHATE, TOTAL AS P","mg/L",0.124
"09/02/2015","S65E","PHOSPHATE, TOTAL AS P","mg/L",0.118
"09/09/2015","S65E","PHOSPHATE, TOTAL AS P","mg/L",0.0685
"09/16/2015","S65E","PHOSPHATE, TOTAL AS P","mg/L",0.06
"09/23/2015","S65E","PHOSPHATE, TOTAL AS P","mg/L",0.0735
"09/30/2015","S65E","PHOSPHATE, TOTAL AS P","mg/L",0.075
"10/07/2015","S65E","PHOSPHATE, TOTAL AS P","mg/L",0.085
"10/14/2015","S65E","PHOSPHATE, TOTAL AS P","mg/L",0.069
"10/21/2015","S65E","PHOSPHATE, TOTAL AS P","mg/L",0.064
"10/26/2015","S65E","PHOSPHATE, TOTAL AS P","mg/L",0.048
"10/28/2015","S65E","PHOSPHATE, TOTAL AS P","mg/L",0.053
"11/04/2015","S65E","PHOSPHATE, TOTAL AS P","mg/L",0.058
"11/12/2015","S65E","PHOSPHATE, TOTAL AS P","mg/L",0.075
"11/18/2015","S65E","PHOSPHATE, TOTAL AS P","mg/L",0.0775
"11/25/2015","S65E","PHOSPHATE, TOTAL AS P","mg/L",0.109
"12/02/2015","S65E","PHOSPHATE, TOTAL AS P","mg/L",0.1435
"12/09/2015","S65E","PHOSPHATE, TOTAL AS P","mg/L",0.173
"12/17/2015","S65E","PHOSPHATE, TOTAL AS P","mg/L",0.1435
"12/21/2015","S65E","PHOSPHATE, TOTAL AS P","mg/L",0.151
"12/23/2015","S65E","PHOSPHATE, TOTAL AS P","mg/L",0.1285
"12/30/2015","S65E","PHOSPHATE, TOTAL AS P","mg/L",0.115
"01/04/2016","S65E","PHOSPHATE, TOTAL AS P","mg/L",0.11
"01/07/2016","S65E","PHOSPHATE, TOTAL AS P","mg/L",0.1025
"01/14/2016","S65E","PHOSPHATE, TOTAL AS P","mg/L",0.0965
"01/20/2016","S65E","PHOSPHATE, TOTAL AS P","mg/L",0.16
"01/21/2016","S65E","PHOSPHATE, TOTAL AS P","mg/L",0.1295
"01/27/2016","S65E","PHOSPHATE, TOTAL AS P","mg/L",0.1035
"02/01/2016","S65E","PHOSPHATE, TOTAL AS P","mg/L",0.204
"02/04/2016","S65E","PHOSPHATE, TOTAL AS P","mg/L",0.1615
"02/11/2016","S65E","PHOSPHATE, TOTAL AS P","mg/L",0.1005
"02/15/2016","S65E","PHOSPHATE, TOTAL AS P","mg/L",0.06
"02/18/2016","S65E","PHOSPHATE, TOTAL AS P","mg/L",0.1075
"02/24/2016","S65E","PHOSPHATE, TOTAL AS P","mg/L",0.131
"02/29/2016","S65E","PHOSPHATE, TOTAL AS P","mg/L",0.097
"03/03/2016","S65E","PHOSPHATE, TOTAL AS P","mg/L",0.1005
"03/10/2016","S65E","PHOSPHATE, TOTAL AS P","mg/L",0.081
"03/14/2016","S65E","PHOSPHATE, TOTAL AS P","mg/L",0.075
"03/17/2016","S65E","PHOSPHATE, TOTAL AS P","mg/L",0.0905
"03/24/2016","S65E","PHOSPHATE, TOTAL AS P","mg/L",0.103
"03/28/2016","S65E","PHOSPHATE, TOTAL AS P","mg/L",0.105
"03/31/2016","S65E","PHOSPHATE, TOTAL AS P","mg/L",0.0985
"04/07/2016","S65E","PHOSPHATE, TOTAL AS P","mg/L",0.107
"04/11/2016","S65E","PHOSPHATE, TOTAL AS P","mg/L",0.081
"04/14/2016","S65E","PHOSPHATE, TOTAL AS P","mg/L",0.0755
"04/22/2016","S65E","PHOSPHATE, TOTAL AS P","mg/L",0.0845
"04/25/2016","S65E","PHOSPHATE, TOTAL AS P","mg/L",0.07
"04/28/2016","S65E","PHOSPHATE, TOTAL AS P","mg/L",0.0815
"05/05/2016","S65E","PHOSPHATE, TOTAL AS P","mg/L",0.0975
"05/09/2016","S65E","PHOSPHATE, TOTAL AS P","mg/L",0.08
"05/12/2016","S65E","PHOSPHATE, TOTAL AS P","mg/L",0.0735
"05/19/2016","S65E","PHOSPHATE, TOTAL AS P","mg/L",0.0795
"05/23/2016","S65E","PHOSPHATE, TOTAL AS P","mg/L",0.173
"05/26/2016","S65E","PHOSPHATE, TOTAL AS P","mg/L",0.149
"06/02/2016","S65E","PHOSPHATE, TOTAL AS P","mg/L",0.1235
"06/06/2016","S65E","PHOSPHATE, TOTAL AS P","mg/L",0.111
"06/08/2016","S65E","PHOSPHATE, TOTAL AS P","mg/L",0.1105
"06/16/2016","S65E","PHOSPHATE, TOTAL AS P","mg/L",0.121
"06/20/2016","S65E","PHOSPHATE, TOTAL AS P","mg/L",0.117
"06/22/2016","S65E","PHOSPHATE, TOTAL AS P","mg/L",0.1115
"06/30/2016","S65E","PHOSPHATE, TOTAL AS P","mg/L",0.089
"07/06/2016","S65E","PHOSPHATE, TOTAL AS P","mg/L",0.092
"07/07/2016","S65E","PHOSPHATE, TOTAL AS P","mg/L",0.1025
"07/14/2016","S65E","PHOSPHATE, TOTAL AS P","mg/L",0.133
"07/18/2016","S65E","PHOSPHATE, TOTAL AS P","mg/L",0.116
"07/21/2016","S65E","PHOSPHATE, TOTAL AS P","mg/L",0.146
"07/28/2016","S65E","PHOSPHATE, TOTAL AS P","mg/L",0.065
"08/01/2016","S65E","PHOSPHATE, TOTAL AS P","mg/L",0.089
"08/04/2016","S65E","PHOSPHATE, TOTAL AS P","mg/L",0.083
"08/11/2016","S65E","PHOSPHATE, TOTAL AS P","mg/L",0.0795
"08/15/2016","S65E","PHOSPHATE, TOTAL AS P","mg/L",0.079
"08/18/2016","S65E","PHOSPHATE, TOTAL AS P","mg/L",0.084
"08/25/2016","S65E","PHOSPHATE, TOTAL AS P","mg/L",0.083
"08/29/2016","S65E","PHOSPHATE, TOTAL AS P","mg/L",0.094
"09/01/2016","S65E","PHOSPHATE, TOTAL AS P","mg/L",0.085
"09/08/2016","S65E","PHOSPHATE, TOTAL AS P","mg/L",0.1375
"09/12/2016","S65E","PHOSPHATE, TOTAL AS P","mg/L",0.145
"09/15/2016","S65E","PHOSPHATE, TOTAL AS P","mg/L",0.13
"09/21/2016","S65E","PHOSPHATE, TOTAL AS P","mg/L",0.111
"09/26/2016","S65E","PHOSPHATE, TOTAL AS P","mg/L",0.094
"09/29/2016","S65E","PHOSPHATE, TOTAL AS P","mg/L",0.1055
"10/10/2016","S65E","PHOSPHATE, TOTAL AS P","mg/L",0.122
"10/13/2016","S65E","PHOSPHATE, TOTAL AS P","mg/L",0.105
"10/20/2016","S65E","PHOSPHATE, TOTAL AS P","mg/L",0.0935
"10/24/2016","S65E","PHOSPHATE, TOTAL AS P","mg/L",0.086
"10/27/2016","S65E","PHOSPHATE, TOTAL AS P","mg/L",0.078
"11/03/2016","S65E","PHOSPHATE, TOTAL AS P","mg/L",0.088
"11/07/2016","S65E","PHOSPHATE, TOTAL AS P","mg/L",0.073
"11/10/2016","S65E","PHOSPHATE, TOTAL AS P","mg/L",0.0765
"11/17/2016","S65E","PHOSPHATE, TOTAL AS P","mg/L",0.065
"11/21/2016","S65E","PHOSPHATE, TOTAL AS P","mg/L",0.058
"11/23/2016","S65E","PHOSPHATE, TOTAL AS P","mg/L",0.059
"12/01/2016","S65E","PHOSPHATE, TOTAL AS P","mg/L",0.0565
"12/08/2016","S65E","PHOSPHATE, TOTAL AS P","mg/L",0.0635
"12/14/2016","S65E","PHOSPHATE, TOTAL AS P","mg/L",0.0615
"12/19/2016","S65E","PHOSPHATE, TOTAL AS P","mg/L",0.054
"12/22/2016","S65E","PHOSPHATE, TOTAL AS P","mg/L",0.066
"12/29/2016","S65E","PHOSPHATE, TOTAL AS P","mg/L",0.054
"01/09/2017","S65E","PHOSPHATE, TOTAL AS P","mg/L",0.061
"01/18/2017","S65E","PHOSPHATE, TOTAL AS P","mg/L",0.058
"01/23/2017","S65E","PHOSPHATE, TOTAL AS P","mg/L",0.04
"01/30/2017","S65E","PHOSPHATE, TOTAL AS P","mg/L",0.065
"02/06/2017","S65E","PHOSPHATE, TOTAL AS P","mg/L",0.0755
"02/13/2017","S65E","PHOSPHATE, TOTAL AS P","mg/L",0.087
"02/20/2017","S65E","PHOSPHATE, TOTAL AS P","mg/L",0.148
"03/06/2017","S65E","PHOSPHATE, TOTAL AS P","mg/L",0.166
"03/13/2017","S65E","PHOSPHATE, TOTAL AS P","mg/L",0.13
"03/20/2017","S65E","PHOSPHATE, TOTAL AS P","mg/L",0.087
"04/17/2017","S65E","PHOSPHATE, TOTAL AS P","mg/L",0.163
"04/24/2017","S65E","PHOSPHATE, TOTAL AS P","mg/L",0.116
"05/01/2017","S65E","PHOSPHATE, TOTAL AS P","mg/L",0.105
"05/08/2017","S65E","PHOSPHATE, TOTAL AS P","mg/L",0.13
"06/05/2017","S65E","PHOSPHATE, TOTAL AS P","mg/L",0.067
"06/12/2017","S65E","PHOSPHATE, TOTAL AS P","mg/L",0.076
"06/19/2017","S65E","PHOSPHATE, TOTAL AS P","mg/L",0.176
"07/05/2017","S65E","PHOSPHATE, TOTAL AS P","mg/L",0.405
"07/17/2017","S65E","PHOSPHATE, TOTAL AS P","mg/L",0.194
"08/01/2017","S65E","PHOSPHATE, TOTAL AS P","mg/L",0.246
"08/14/2017","S65E","PHOSPHATE, TOTAL AS P","mg/L",0.275
"08/28/2017","S65E","PHOSPHATE, TOTAL AS P","mg/L",0.169
"09/13/2017","S65E","PHOSPHATE, TOTAL AS P","mg/L",0.286
"09/18/2017","S65E","PHOSPHATE, TOTAL AS P","mg/L",0.336
"09/25/2017","S65E","PHOSPHATE, TOTAL AS P","mg/L",0.2215
"10/02/2017","S65E","PHOSPHATE, TOTAL AS P","mg/L",0.187
"10/09/2017","S65E","PHOSPHATE, TOTAL AS P","mg/L",0.173
"10/16/2017","S65E","PHOSPHATE, TOTAL AS P","mg/L",0.211
"10/23/2017","S65E","PHOSPHATE, TOTAL AS P","mg/L",0.15
"10/30/2017","S65E","PHOSPHATE, TOTAL AS P","mg/L",0.143
"11/06/2017","S65E","PHOSPHATE, TOTAL AS P","mg/L",0.1395
"11/13/2017","S65E","PHOSPHATE, TOTAL AS P","mg/L",0.13
"11/20/2017","S65E","PHOSPHATE, TOTAL AS P","mg/L",0.13
"11/27/2017","S65E","PHOSPHATE, TOTAL AS P","mg/L",0.13
"12/04/2017","S65E","PHOSPHATE, TOTAL AS P","mg/L",0.1065
"12/18/2017","S65E","PHOSPHATE, TOTAL AS P","mg/L",0.109
"01/16/2018","S65E","PHOSPHATE, TOTAL AS P","mg/L",0.08
"02/12/2018","S65E","PHOSPHATE, TOTAL AS P","mg/L",0.078
"03/12/2018","S65E","PHOSPHATE, TOTAL AS P","mg/L",0.091
"03/26/2018","S65E","PHOSPHATE, TOTAL AS P","mg/L",0.062
"04/09/2018","S65E","PHOSPHATE, TOTAL AS P","mg/L",0.075
"04/23/2018","S65E","PHOSPHATE, TOTAL AS P","mg/L",0.082
"05/07/2018","S65E","PHOSPHATE, TOTAL AS P","mg/L",0.058
"05/21/2018","S65E","PHOSPHATE, TOTAL AS P","mg/L",0.0895
"06/04/2018","S65E","PHOSPHATE, TOTAL AS P","mg/L",0.293
"06/18/2018","S65E","PHOSPHATE, TOTAL AS P","mg/L",0.198
"07/02/2018","S65E","PHOSPHATE, TOTAL AS P","mg/L",0.158
"07/16/2018","S65E","PHOSPHATE, TOTAL AS P","mg/L",0.15
"07/30/2018","S65E","PHOSPHATE, TOTAL AS P","mg/L",0.166
"08/06/2018","S65E","PHOSPHATE, TOTAL AS P","mg/L",0.132
"08/20/2018","S65E","PHOSPHATE, TOTAL AS P","mg/L",0.11
"09/04/2018","S65E","PHOSPHATE, TOTAL AS P","mg/L",0.108
"09/17/2018","S65E","PHOSPHATE, TOTAL AS P","mg/L",0.114
"10/01/2018","S65E","PHOSPHATE, TOTAL AS P","mg/L",0.117
"10/04/2018","S65E","PHOSPHATE, TOTAL AS P","mg/L",0.149
"10/15/2018","S65E","PHOSPHATE, TOTAL AS P","mg/L",0.085
"10/29/2018","S65E","PHOSPHATE, TOTAL AS P","mg/L",0.077
"11/13/2018","S65E","PHOSPHATE, TOTAL AS P","mg/L",0.076
"11/26/2018","S65E","PHOSPHATE, TOTAL AS P","mg/L",0.0906666666666667
"12/11/2018","S65E","PHOSPHATE, TOTAL AS P","mg/L",0.075
"12/26/2018","S65E","PHOSPHATE, TOTAL AS P","mg/L",0.091
"01/07/2019","S65E","PHOSPHATE, TOTAL AS P","mg/L",0.075
"01/22/2019","S65E","PHOSPHATE, TOTAL AS P","mg/L",0.097
"02/04/2019","S65E","PHOSPHATE, TOTAL AS P","mg/L",0.081
"02/18/2019","S65E","PHOSPHATE, TOTAL AS P","mg/L",0.117
"03/04/2019","S65E","PHOSPHATE, TOTAL AS P","mg/L",0.129
"03/06/2019","S65E","PHOSPHATE, TOTAL AS P","mg/L",0.141
"03/18/2019","S65E","PHOSPHATE, TOTAL AS P","mg/L",0.092
"04/08/2019","S65E","PHOSPHATE, TOTAL AS P","mg/L",0.072
"04/22/2019","S65E","PHOSPHATE, TOTAL AS P","mg/L",0.094
"05/06/2019","S65E","PHOSPHATE, TOTAL AS P","mg/L",0.058
"05/20/2019","S65E","PHOSPHATE, TOTAL AS P","mg/L",0.074
"06/03/2019","S65E","PHOSPHATE, TOTAL AS P","mg/L",0.054
"06/20/2019","S65E","PHOSPHATE, TOTAL AS P","mg/L",0.064
"07/01/2019","S65E","PHOSPHATE, TOTAL AS P","mg/L",0.383
"07/15/2019","S65E","PHOSPHATE, TOTAL AS P","mg/L",0.121
"07/29/2019","S65E","PHOSPHATE, TOTAL AS P","mg/L",0.093
"08/12/2019","S65E","PHOSPHATE, TOTAL AS P","mg/L",0.173
"08/26/2019","S65E","PHOSPHATE, TOTAL AS P","mg/L",0.13
"09/09/2019","S65E","PHOSPHATE, TOTAL AS P","mg/L",0.098
"09/23/2019","S65E","PHOSPHATE, TOTAL AS P","mg/L",0.08
"10/08/2019","S65E","PHOSPHATE, TOTAL AS P","mg/L",0.098
"10/21/2019","S65E","PHOSPHATE, TOTAL AS P","mg/L",0.08
"11/04/2019","S65E","PHOSPHATE, TOTAL AS P","mg/L",0.081
"11/18/2019","S65E","PHOSPHATE, TOTAL AS P","mg/L",0.082
"12/02/2019","S65E","PHOSPHATE, TOTAL AS P","mg/L",0.064
"12/16/2019","S65E","PHOSPHATE, TOTAL AS P","mg/L",0.07
"12/30/2019","S65E","PHOSPHATE, TOTAL AS P","mg/L",0.066
"01/13/2020","S65E","PHOSPHATE, TOTAL AS P","mg/L",0.084
"01/27/2020","S65E","PHOSPHATE, TOTAL AS P","mg/L",0.081
"02/10/2020","S65E","PHOSPHATE, TOTAL AS P","mg/L",0.078
"02/24/2020","S65E","PHOSPHATE, TOTAL AS P","mg/L",0.088
"03/09/2020","S65E","PHOSPHATE, TOTAL AS P","mg/L",0.076
"03/23/2020","S65E","PHOSPHATE, TOTAL AS P","mg/L",0.057
"04/06/2020","S65E","PHOSPHATE, TOTAL AS P","mg/L",0.077
"04/20/2020","S65E","PHOSPHATE, TOTAL AS P","mg/L",0.062
"05/04/2020","S65E","PHOSPHATE, TOTAL AS P","mg/L",0.063
"05/18/2020","S65E","PHOSPHATE, TOTAL AS P","mg/L",0.056
"06/01/2020","S65E","PHOSPHATE, TOTAL AS P","mg/L",0.158
"06/15/2020","S65E","PHOSPHATE, TOTAL AS P","mg/L",0.363
"06/29/2020","S65E","PHOSPHATE, TOTAL AS P","mg/L",0.152
"07/13/2020","S65E","PHOSPHATE, TOTAL AS P","mg/L",0.106
"07/27/2020","S65E","PHOSPHATE, TOTAL AS P","mg/L",0.123
"08/10/2020","S65E","PHOSPHATE, TOTAL AS P","mg/L",0.111
"08/24/2020","S65E","PHOSPHATE, TOTAL AS P","mg/L",0.077
"09/08/2020","S65E","PHOSPHATE, TOTAL AS P","mg/L",0.07
"09/21/2020","S65E","PHOSPHATE, TOTAL AS P","mg/L",0.089
"10/05/2020","S65E","PHOSPHATE, TOTAL AS P","mg/L",0.128
"10/19/2020","S65E","PHOSPHATE, TOTAL AS P","mg/L",0.104
"11/02/2020","S65E","PHOSPHATE, TOTAL AS P","mg/L",0.113
"11/16/2020","S65E","PHOSPHATE, TOTAL AS P","mg/L",0.169
"11/30/2020","S65E","PHOSPHATE, TOTAL AS P","mg/L",0.077
"12/14/2020","S65E","PHOSPHATE, TOTAL AS P","mg/L",0.054
"12/28/2020","S65E","PHOSPHATE, TOTAL AS P","mg/L",0.054
"01/11/2021","S65E","PHOSPHATE, TOTAL AS P","mg/L",0.062
"01/25/2021","S65E","PHOSPHATE, TOTAL AS P","mg/L",0.067
"02/08/2021","S65E","PHOSPHATE, TOTAL AS P","mg/L",0.026
"02/22/2021","S65E","PHOSPHATE, TOTAL AS P","mg/L",0.102
"03/08/2021","S65E","PHOSPHATE, TOTAL AS P","mg/L",0.08
"03/22/2021","S65E","PHOSPHATE, TOTAL AS P","mg/L",0.086
"04/05/2021","S65E","PHOSPHATE, TOTAL AS P","mg/L",0.072
"04/19/2021","S65E","PHOSPHATE, TOTAL AS P","mg/L",0.065
"05/03/2021","S65E","PHOSPHATE, TOTAL AS P","mg/L",0.065
"05/17/2021","S65E","PHOSPHATE, TOTAL AS P","mg/L",0.077
"06/01/2021","S65E","PHOSPHATE, TOTAL AS P","mg/L",0.057
"06/14/2021","S65E","PHOSPHATE, TOTAL AS P","mg/L",0.05
"06/28/2021","S65E","PHOSPHATE, TOTAL AS P","mg/L",0.028
"07/12/2021","S65E","PHOSPHATE, TOTAL AS P","mg/L",0.108
"07/26/2021","S65E","PHOSPHATE, TOTAL AS P","mg/L",0.117
"08/09/2021","S65E","PHOSPHATE, TOTAL AS P","mg/L",0.156
"08/23/2021","S65E","PHOSPHATE, TOTAL AS P","mg/L",0.142
"09/07/2021","S65E","PHOSPHATE, TOTAL AS P","mg/L",0.081
"09/20/2021","S65E","PHOSPHATE, TOTAL AS P","mg/L",0.072
"10/04/2021","S65E","PHOSPHATE, TOTAL AS P","mg/L",0.105
"10/18/2021","S65E","PHOSPHATE, TOTAL AS P","mg/L",0.075
"11/01/2021","S65E","PHOSPHATE, TOTAL AS P","mg/L",0.066
"11/15/2021","S65E","PHOSPHATE, TOTAL AS P","mg/L",0.083
"11/29/2021","S65E","PHOSPHATE, TOTAL AS P","mg/L",0.086
"12/13/2021","S65E","PHOSPHATE, TOTAL AS P","mg/L",0.053
"12/27/2021","S65E","PHOSPHATE, TOTAL AS P","mg/L",0.073
"01/10/2022","S65E","PHOSPHATE, TOTAL AS P","mg/L",0.07
"01/24/2022","S65E","PHOSPHATE, TOTAL AS P","mg/L",0.061
"02/07/2022","S65E","PHOSPHATE, TOTAL AS P","mg/L",0.069
"02/21/2022","S65E","PHOSPHATE, TOTAL AS P","mg/L",0.07
"03/07/2022","S65E","PHOSPHATE, TOTAL AS P","mg/L",0.083
"03/21/2022","S65E","PHOSPHATE, TOTAL AS P","mg/L",0.06
"04/04/2022","S65E","PHOSPHATE, TOTAL AS P","mg/L",0.062
"04/18/2022","S65E","PHOSPHATE, TOTAL AS P","mg/L",0.067
"05/02/2022","S65E","PHOSPHATE, TOTAL AS P","mg/L",0.146
"05/16/2022","S65E","PHOSPHATE, TOTAL AS P","mg/L",0.072
"05/31/2022","S65E","PHOSPHATE, TOTAL AS P","mg/L",0.074
"06/13/2022","S65E","PHOSPHATE, TOTAL AS P","mg/L",0.047
"06/27/2022","S65E","PHOSPHATE, TOTAL AS P","mg/L",0.052
"07/11/2022","S65E","PHOSPHATE, TOTAL AS P","mg/L",0.079
"07/25/2022","S65E","PHOSPHATE, TOTAL AS P","mg/L",0.072
"08/08/2022","S65E","PHOSPHATE, TOTAL AS P","mg/L",0.111
"08/22/2022","S65E","PHOSPHATE, TOTAL AS P","mg/L",0.152
"09/06/2022","S65E","PHOSPHATE, TOTAL AS P","mg/L",0.14
"09/19/2022","S65E","PHOSPHATE, TOTAL AS P","mg/L",0.13
"10/03/2022","S65E","PHOSPHATE, TOTAL AS P","mg/L",0.192
"10/17/2022","S65E","PHOSPHATE, TOTAL AS P","mg/L",0.102
"10/31/2022","S65E","PHOSPHATE, TOTAL AS P","mg/L",0.134
"11/14/2022","S65E","PHOSPHATE, TOTAL AS P","mg/L",0.153
"11/28/2022","S65E","PHOSPHATE, TOTAL AS P","mg/L",0.128
"12/12/2022","S65E","PHOSPHATE, TOTAL AS P","mg/L",0.098
"12/27/2022","S65E","PHOSPHATE, TOTAL AS P","mg/L",0.063
"01/09/2023","S65E","PHOSPHATE, TOTAL AS P","mg/L",0.058
"01/23/2023","S65E","PHOSPHATE, TOTAL AS P","mg/L",0.048
"02/06/2023","S65E","PHOSPHATE, TOTAL AS P","mg/L",0.067
"02/20/2023","S65E","PHOSPHATE, TOTAL AS P","mg/L",0.055
"03/06/2023","S65E","PHOSPHATE, TOTAL AS P","mg/L",0.06
"03/20/2023","S65E","PHOSPHATE, TOTAL AS P","mg/L",0.064
"04/03/2023","S65E","PHOSPHATE, TOTAL AS P","mg/L",0.044
"04/17/2023","S65E","PHOSPHATE, TOTAL AS P","mg/L",0.07
"05/01/2023","S65E","PHOSPHATE, TOTAL AS P","mg/L",0.09
"04/09/1973","S65E","POTASSIUM","mg/L",8.8
"04/16/1973","S65E","POTASSIUM","mg/L",1.28
"04/23/1973","S65E","POTASSIUM","mg/L",1.21
"04/30/1973","S65E","POTASSIUM","mg/L",1.33
"05/07/1973","S65E","POTASSIUM","mg/L",1.41
"05/14/1973","S65E","POTASSIUM","mg/L",1.43
"05/21/1973","S65E","POTASSIUM","mg/L",1.3
"05/29/1973","S65E","POTASSIUM","mg/L",6.59
"06/04/1973","S65E","POTASSIUM","mg/L",1.35
"06/11/1973","S65E","POTASSIUM","mg/L",2
"06/13/1973","S65E","POTASSIUM","mg/L",1.40333333333333
"06/18/1973","S65E","POTASSIUM","mg/L",1.37
"06/25/1973","S65E","POTASSIUM","mg/L",1.36
"07/02/1973","S65E","POTASSIUM","mg/L",1.81
"07/09/1973","S65E","POTASSIUM","mg/L",1.65
"07/16/1973","S65E","POTASSIUM","mg/L",1.51666666666667
"07/23/1973","S65E","POTASSIUM","mg/L",1.35
"07/30/1973","S65E","POTASSIUM","mg/L",1.85
"08/06/1973","S65E","POTASSIUM","mg/L",1.07
"08/13/1973","S65E","POTASSIUM","mg/L",1.63
"08/20/1973","S65E","POTASSIUM","mg/L",1.02
"08/27/1973","S65E","POTASSIUM","mg/L",1.6
"08/29/1973","S65E","POTASSIUM","mg/L",1.2
"09/04/1973","S65E","POTASSIUM","mg/L",0.9
"09/10/1973","S65E","POTASSIUM","mg/L",1.05
"09/17/1973","S65E","POTASSIUM","mg/L",1.14
"09/24/1973","S65E","POTASSIUM","mg/L",3.68
"10/02/1973","S65E","POTASSIUM","mg/L",1.065
"10/08/1973","S65E","POTASSIUM","mg/L",1
"10/29/1973","S65E","POTASSIUM","mg/L",1.4
"11/07/1973","S65E","POTASSIUM","mg/L",1.505
"11/12/1973","S65E","POTASSIUM","mg/L",1.7
"11/13/1973","S65E","POTASSIUM","mg/L",3.2
"11/26/1973","S65E","POTASSIUM","mg/L",1.75
"12/03/1973","S65E","POTASSIUM","mg/L",1.9
"12/05/1973","S65E","POTASSIUM","mg/L",1.895
"12/10/1973","S65E","POTASSIUM","mg/L",1.2
"12/11/1973","S65E","POTASSIUM","mg/L",4.1
"12/17/1973","S65E","POTASSIUM","mg/L",2
"01/02/1974","S65E","POTASSIUM","mg/L",1
"01/08/1974","S65E","POTASSIUM","mg/L",2.4
"01/14/1974","S65E","POTASSIUM","mg/L",1.6
"02/11/1974","S65E","POTASSIUM","mg/L",1.5
"02/12/1974","S65E","POTASSIUM","mg/L",2.3
"02/25/1974","S65E","POTASSIUM","mg/L",1.7
"03/05/1974","S65E","POTASSIUM","mg/L",1.65
"03/11/1974","S65E","POTASSIUM","mg/L",2.2
"04/02/1974","S65E","POTASSIUM","mg/L",1.45
"04/08/1974","S65E","POTASSIUM","mg/L",2.2
"04/22/1974","S65E","POTASSIUM","mg/L",2
"05/07/1974","S65E","POTASSIUM","mg/L",1.4
"05/13/1974","S65E","POTASSIUM","mg/L",1.5
"06/10/1974","S65E","POTASSIUM","mg/L",2.4
"06/11/1974","S65E","POTASSIUM","mg/L",1.6
"06/24/1974","S65E","POTASSIUM","mg/L",2
"07/09/1974","S65E","POTASSIUM","mg/L",1.71
"08/13/1974","S65E","POTASSIUM","mg/L",1.25
"10/08/1974","S65E","POTASSIUM","mg/L",1.35
"06/22/1976","S65E","POTASSIUM","mg/L",0.29
"06/25/1976","S65E","POTASSIUM","mg/L",0.24
"07/20/1976","S65E","POTASSIUM","mg/L",0.12
"08/24/1976","S65E","POTASSIUM","mg/L",1.295
"09/21/1976","S65E","POTASSIUM","mg/L",1.475
"10/19/1976","S65E","POTASSIUM","mg/L",1.475
"12/06/1976","S65E","POTASSIUM","mg/L",1.835
"01/25/1977","S65E","POTASSIUM","mg/L",1.69
"03/21/1977","S65E","POTASSIUM","mg/L",0.82
"05/23/1977","S65E","POTASSIUM","mg/L",1.355
"07/25/1977","S65E","POTASSIUM","mg/L",2.775
"09/20/1977","S65E","POTASSIUM","mg/L",2.085
"12/01/1977","S65E","POTASSIUM","mg/L",2.935
"01/24/1978","S65E","POTASSIUM","mg/L",2.065
"03/21/1978","S65E","POTASSIUM","mg/L",2.125
"05/30/1978","S65E","POTASSIUM","mg/L",2.245
"06/21/1978","S65E","POTASSIUM","mg/L",2.49
"07/25/1978","S65E","POTASSIUM","mg/L",1.56
"08/22/1978","S65E","POTASSIUM","mg/L",1.46
"09/18/1978","S65E","POTASSIUM","mg/L",1.42
"02/20/1979","S65E","POTASSIUM","mg/L",1.805
"07/17/1979","S65E","POTASSIUM","mg/L",1.37
"02/19/1980","S65E","POTASSIUM","mg/L",1.66
"08/04/1980","S65E","POTASSIUM","mg/L",2.455
"08/20/1980","S65E","POTASSIUM","mg/L",2.21
"02/11/1981","S65E","POTASSIUM","mg/L",2.14
"07/28/1981","S65E","POTASSIUM","mg/L",2.28
"02/16/1982","S65E","POTASSIUM","mg/L",2.9
"02/24/1982","S65E","POTASSIUM","mg/L",3.3
"07/01/1982","S65E","POTASSIUM","mg/L",1.7
"08/02/1982","S65E","POTASSIUM","mg/L",0.43
"08/25/1982","S65E","POTASSIUM","mg/L",1.45333333333333
"10/20/1982","S65E","POTASSIUM","mg/L",1.47333333333333
"12/22/1982","S65E","POTASSIUM","mg/L",1.59
"02/15/1983","S65E","POTASSIUM","mg/L",1.9
"04/15/1983","S65E","POTASSIUM","mg/L",1.5
"08/03/1983","S65E","POTASSIUM","mg/L",1.41
"09/12/1983","S65E","POTASSIUM","mg/L",1.68
"01/04/1984","S65E","POTASSIUM","mg/L",1.95
"02/23/1984","S65E","POTASSIUM","mg/L",1.73
"02/29/1984","S65E","POTASSIUM","mg/L",2.15
"08/13/1984","S65E","POTASSIUM","mg/L",1.68
"08/22/1984","S65E","POTASSIUM","mg/L",1.99
"02/20/1985","S65E","POTASSIUM","mg/L",2.49
"02/26/1985","S65E","POTASSIUM","mg/L",2.26
"05/20/1985","S65E","POTASSIUM","mg/L",1.56
"08/27/1985","S65E","POTASSIUM","mg/L",1.59
"09/19/1985","S65E","POTASSIUM","mg/L",1.96
"02/12/1986","S65E","POTASSIUM","mg/L",2.3
"02/18/1986","S65E","POTASSIUM","mg/L",2.24
"05/20/1986","S65E","POTASSIUM","mg/L",2.44
"08/14/1986","S65E","POTASSIUM","mg/L",3.01
"09/23/1986","S65E","POTASSIUM","mg/L",1.62
"11/18/1986","S65E","POTASSIUM","mg/L",2.57
"02/18/1987","S65E","POTASSIUM","mg/L",2.41
"02/19/1987","S65E","POTASSIUM","mg/L",2.25
"05/26/1987","S65E","POTASSIUM","mg/L",2.66
"07/30/1987","S65E","POTASSIUM","mg/L",2.14
"08/18/1987","S65E","POTASSIUM","mg/L",2.65
"11/24/1987","S65E","POTASSIUM","mg/L",2.16
"02/04/1988","S65E","POTASSIUM","mg/L",1.94
"02/16/1988","S65E","POTASSIUM","mg/L",2.04
"05/24/1988","S65E","POTASSIUM","mg/L",1.95
"08/15/1988","S65E","POTASSIUM","mg/L",2.93
"11/22/1988","S65E","POTASSIUM","mg/L",2.25
"02/13/1989","S65E","POTASSIUM","mg/L",2.24
"02/28/1989","S65E","POTASSIUM","mg/L",2.18
"05/24/1989","S65E","POTASSIUM","mg/L",2.07
"08/28/1989","S65E","POTASSIUM","mg/L",2.75
"08/29/1989","S65E","POTASSIUM","mg/L",2.46
"11/20/1989","S65E","POTASSIUM","mg/L",3.03
"02/20/1990","S65E","POTASSIUM","mg/L",2.34
"02/28/1990","S65E","POTASSIUM","mg/L",2.89
"08/27/1990","S65E","POTASSIUM","mg/L",2.06
"11/20/1990","S65E","POTASSIUM","mg/L",2.55
"02/26/1991","S65E","POTASSIUM","mg/L",2.82
"08/12/1991","S65E","POTASSIUM","mg/L",2.25
"08/28/1991","S65E","POTASSIUM","mg/L",2.27
"11/20/1991","S65E","POTASSIUM","mg/L",1.88
"02/11/1992","S65E","POTASSIUM","mg/L",1.74
"05/19/1992","S65E","POTASSIUM","mg/L",2.29
"07/08/1992","S65E","POTASSIUM","mg/L",3.38
"08/26/1992","S65E","POTASSIUM","mg/L",1.9
"11/18/1992","S65E","POTASSIUM","mg/L",1.59
"02/23/1993","S65E","POTASSIUM","mg/L",2.16
"05/20/1993","S65E","POTASSIUM","mg/L",1.5
"08/10/1993","S65E","POTASSIUM","mg/L",2.76
"10/05/1993","S65E","POTASSIUM","mg/L",2.51
"11/16/1993","S65E","POTASSIUM","mg/L",3.36
"02/08/1994","S65E","POTASSIUM","mg/L",2.91
"02/15/1994","S65E","POTASSIUM","mg/L",2.89
"05/17/1994","S65E","POTASSIUM","mg/L",2.3325
"08/23/1994","S65E","POTASSIUM","mg/L",1.42
"02/21/1995","S65E","POTASSIUM","mg/L",2.56
"08/08/1995","S65E","POTASSIUM","mg/L",1.74
"02/06/1996","S65E","POTASSIUM","mg/L",1.945
"05/20/1996","S65E","POTASSIUM","mg/L",2.53
"09/17/1996","S65E","POTASSIUM","mg/L",1.295
"11/04/1996","S65E","POTASSIUM","mg/L",3.25
"02/24/1997","S65E","POTASSIUM","mg/L",3.11
"03/18/1997","S65E","POTASSIUM","mg/L",3.72
"05/19/1997","S65E","POTASSIUM","mg/L",2.86
"09/16/1997","S65E","POTASSIUM","mg/L",2.7
"12/23/1997","S65E","POTASSIUM","mg/L",2.19
"02/18/1998","S65E","POTASSIUM","mg/L",2.34
"03/17/1998","S65E","POTASSIUM","mg/L",1.81
"05/18/1998","S65E","POTASSIUM","mg/L",2.07
"06/23/1998","S65E","POTASSIUM","mg/L",2.37
"08/24/1998","S65E","POTASSIUM","mg/L",2.82
"09/15/1998","S65E","POTASSIUM","mg/L",2.49
"09/29/1998","S65E","POTASSIUM","mg/L",2.14
"12/08/1998","S65E","POTASSIUM","mg/L",3.06
"01/25/1999","S65E","POTASSIUM","mg/L",2.85
"03/30/1999","S65E","POTASSIUM","mg/L",2.69
"04/19/1999","S65E","POTASSIUM","mg/L",2.92
"06/22/1999","S65E","POTASSIUM","mg/L",3.309
"07/26/1999","S65E","POTASSIUM","mg/L",3.463
"09/16/1999","S65E","POTASSIUM","mg/L",1.5438
"10/18/1999","S65E","POTASSIUM","mg/L",3.49
"12/07/1999","S65E","POTASSIUM","mg/L",0.811
"01/24/2000","S65E","POTASSIUM","mg/L",1.982
"03/14/2000","S65E","POTASSIUM","mg/L",2.413
"04/17/2000","S65E","POTASSIUM","mg/L",1.9545
"06/06/2000","S65E","POTASSIUM","mg/L",1.997
"07/25/2000","S65E","POTASSIUM","mg/L",2.378
"09/12/2000","S65E","POTASSIUM","mg/L",3.519
"10/16/2000","S65E","POTASSIUM","mg/L",3.064
"12/05/2000","S65E","POTASSIUM","mg/L",3.87
"01/22/2001","S65E","POTASSIUM","mg/L",3.234
"03/27/2001","S65E","POTASSIUM","mg/L",3.49
"04/16/2001","S65E","POTASSIUM","mg/L",1.799
"06/19/2001","S65E","POTASSIUM","mg/L",1.8795
"07/16/2001","S65E","POTASSIUM","mg/L",4.686
"09/11/2001","S65E","POTASSIUM","mg/L",1.7032
"10/08/2001","S65E","POTASSIUM","mg/L",2.92
"12/04/2001","S65E","POTASSIUM","mg/L",1.4275
"03/12/2002","S65E","POTASSIUM","mg/L",3.483
"03/18/2002","S65E","POTASSIUM","mg/L",1.802
"06/18/2002","S65E","POTASSIUM","mg/L",1.083
"06/24/2002","S65E","POTASSIUM","mg/L",9.4255
"08/13/2002","S65E","POTASSIUM","mg/L",3.628
"09/16/2002","S65E","POTASSIUM","mg/L",6.248
"09/24/2002","S65E","POTASSIUM","mg/L",1.172
"12/17/2002","S65E","POTASSIUM","mg/L",1.8054
"12/30/2002","S65E","POTASSIUM","mg/L",2.4545
"03/11/2003","S65E","POTASSIUM","mg/L",2.879
"03/24/2003","S65E","POTASSIUM","mg/L",2.8995
"06/16/2003","S65E","POTASSIUM","mg/L",3.019
"06/17/2003","S65E","POTASSIUM","mg/L",1.3475
"09/09/2003","S65E","POTASSIUM","mg/L",1.05
"09/15/2003","S65E","POTASSIUM","mg/L",2.2
"12/02/2003","S65E","POTASSIUM","mg/L",2.4
"12/15/2003","S65E","POTASSIUM","mg/L",1.53333333333333
"03/09/2004","S65E","POTASSIUM","mg/L",2.6
"03/15/2004","S65E","POTASSIUM","mg/L",2.3
"05/17/2004","S65E","POTASSIUM","mg/L",2.85
"07/06/2004","S65E","POTASSIUM","mg/L",1.45
"08/23/2004","S65E","POTASSIUM","mg/L",1.55
"10/26/2004","S65E","POTASSIUM","mg/L",0.933333333333333
"12/21/2004","S65E","POTASSIUM","mg/L",1.5
"02/14/2005","S65E","POTASSIUM","mg/L",3.4
"05/16/2005","S65E","POTASSIUM","mg/L",1
"06/07/2005","S65E","POTASSIUM","mg/L",0.766666666666667
"08/22/2005","S65E","POTASSIUM","mg/L",1.8
"09/12/2005","S65E","POTASSIUM","mg/L",0.7
"11/14/2005","S65E","POTASSIUM","mg/L",2
"02/21/2006","S65E","POTASSIUM","mg/L",1.6
"03/13/2006","S65E","POTASSIUM","mg/L",1.35
"05/22/2006","S65E","POTASSIUM","mg/L",2.9
"06/06/2006","S65E","POTASSIUM","mg/L",1.66
"08/21/2006","S65E","POTASSIUM","mg/L",3.4
"09/11/2006","S65E","POTASSIUM","mg/L",1.2
"11/27/2006","S65E","POTASSIUM","mg/L",3.6
"12/19/2006","S65E","POTASSIUM","mg/L",2.725
"02/26/2007","S65E","POTASSIUM","mg/L",3.7
"03/13/2007","S65E","POTASSIUM","mg/L",2.9
"05/21/2007","S65E","POTASSIUM","mg/L",4.4
"06/05/2007","S65E","POTASSIUM","mg/L",2.58
"08/20/2007","S65E","POTASSIUM","mg/L",2.825
"09/04/2007","S65E","POTASSIUM","mg/L",1.75
"11/26/2007","S65E","POTASSIUM","mg/L",3.4
"12/03/2007","S65E","POTASSIUM","mg/L",1.98
"02/20/2008","S65E","POTASSIUM","mg/L",3.7
"03/03/2008","S65E","POTASSIUM","mg/L",2.18
"05/28/2008","S65E","POTASSIUM","mg/L",3.1
"06/03/2008","S65E","POTASSIUM","mg/L",1.84
"08/28/2008","S65E","POTASSIUM","mg/L",2.7
"09/08/2008","S65E","POTASSIUM","mg/L",1.78
"11/19/2008","S65E","POTASSIUM","mg/L",3.2
"12/10/2008","S65E","POTASSIUM","mg/L",1.5
"02/18/2009","S65E","POTASSIUM","mg/L",3.1
"03/03/2009","S65E","POTASSIUM","mg/L",1.96
"05/20/2009","S65E","POTASSIUM","mg/L",3.6
"06/16/2009","S65E","POTASSIUM","mg/L",1.16666666666667
"08/26/2009","S65E","POTASSIUM","mg/L",2.8
"09/22/2009","S65E","POTASSIUM","mg/L",1.28
"11/18/2009","S65E","POTASSIUM","mg/L",1.15
"12/16/2009","S65E","POTASSIUM","mg/L",1.45
"02/24/2010","S65E","POTASSIUM","mg/L",3.8
"03/15/2010","S65E","POTASSIUM","mg/L",2.18
"05/26/2010","S65E","POTASSIUM","mg/L",2.3
"06/07/2010","S65E","POTASSIUM","mg/L",2
"08/18/2010","S65E","POTASSIUM","mg/L",3
"09/14/2010","S65E","POTASSIUM","mg/L",2.23333333333333
"11/17/2010","S65E","POTASSIUM","mg/L",2.4
"12/09/2010","S65E","POTASSIUM","mg/L",2.6
"02/17/2011","S65E","POTASSIUM","mg/L",3.9
"03/09/2011","S65E","POTASSIUM","mg/L",4.06666666666667
"05/18/2011","S65E","POTASSIUM","mg/L",2.8
"06/08/2011","S65E","POTASSIUM","mg/L",3
"08/24/2011","S65E","POTASSIUM","mg/L",3.9
"09/14/2011","S65E","POTASSIUM","mg/L",2.6
"11/16/2011","S65E","POTASSIUM","mg/L",2.3
"12/07/2011","S65E","POTASSIUM","mg/L",2.5
"02/22/2012","S65E","POTASSIUM","mg/L",2.6
"03/14/2012","S65E","POTASSIUM","mg/L",2.6
"05/16/2012","S65E","POTASSIUM","mg/L",3.2
"06/06/2012","S65E","POTASSIUM","mg/L",3.2
"08/08/2012","S65E","POTASSIUM","mg/L",3.6
"09/05/2012","S65E","POTASSIUM","mg/L",2.9
"11/14/2012","S65E","POTASSIUM","mg/L",2.5
"12/05/2012","S65E","POTASSIUM","mg/L",2.6
"02/06/2013","S65E","POTASSIUM","mg/L",3.2
"02/13/2013","S65E","POTASSIUM","mg/L",3.1
"05/08/2013","S65E","POTASSIUM","mg/L",3.1
"08/07/2013","S65E","POTASSIUM","mg/L",2.5
"08/14/2013","S65E","POTASSIUM","mg/L",2.2
"11/04/2013","S65E","POTASSIUM","mg/L",2.2
"11/06/2013","S65E","POTASSIUM","mg/L",2.3
"02/03/2014","S65E","POTASSIUM","mg/L",3.1
"02/12/2014","S65E","POTASSIUM","mg/L",4.1
"04/23/2014","S65E","POTASSIUM","mg/L",2.8
"05/05/2014","S65E","POTASSIUM","mg/L",2.8
"08/13/2014","S65E","POTASSIUM","mg/L",2.5
"08/18/2014","S65E","POTASSIUM","mg/L",2
"11/03/2014","S65E","POTASSIUM","mg/L",2.4
"11/05/2014","S65E","POTASSIUM","mg/L",2.2
"02/02/2015","S65E","POTASSIUM","mg/L",2.2
"02/11/2015","S65E","POTASSIUM","mg/L",2.3
"05/04/2015","S65E","POTASSIUM","mg/L",2.2
"05/06/2015","S65E","POTASSIUM","mg/L",2.1
"08/03/2015","S65E","POTASSIUM","mg/L",2.3
"08/12/2015","S65E","POTASSIUM","mg/L",2.13333333333333
"10/26/2015","S65E","POTASSIUM","mg/L",1.7
"11/04/2015","S65E","POTASSIUM","mg/L",2.2
"01/20/2016","S65E","POTASSIUM","mg/L",3.7
"04/11/2016","S65E","POTASSIUM","mg/L",2.6
"07/06/2016","S65E","POTASSIUM","mg/L",2.2
"09/26/2016","S65E","POTASSIUM","mg/L",2.2
"12/19/2016","S65E","POTASSIUM","mg/L",2.2
"03/13/2017","S65E","POTASSIUM","mg/L",2.6
"03/20/2017","S65E","POTASSIUM","mg/L",2.5
"06/12/2017","S65E","POTASSIUM","mg/L",2.8
"12/18/2017","S65E","POTASSIUM","mg/L",3.4
"04/09/2018","S65E","POTASSIUM","mg/L",3.8
"06/04/2018","S65E","POTASSIUM","mg/L",5.1
"08/06/2018","S65E","POTASSIUM","mg/L",3.2
"11/26/2018","S65E","POTASSIUM","mg/L",2.73333333333333
"03/04/2019","S65E","POTASSIUM","mg/L",3.2
"03/06/2019","S65E","POTASSIUM","mg/L",3.1
"04/08/2019","S65E","POTASSIUM","mg/L",2.7
"07/01/2019","S65E","POTASSIUM","mg/L",2.7
"10/21/2019","S65E","POTASSIUM","mg/L",2.6
"01/13/2020","S65E","POTASSIUM","mg/L",4.3
"04/06/2020","S65E","POTASSIUM","mg/L",2.7
"07/13/2020","S65E","POTASSIUM","mg/L",2.9
"11/16/2020","S65E","POTASSIUM","mg/L",3.8
"01/11/2021","S65E","POTASSIUM","mg/L",2.6
"04/19/2021","S65E","POTASSIUM","mg/L",2.7
"07/12/2021","S65E","POTASSIUM","mg/L",3.7
"10/18/2021","S65E","POTASSIUM","mg/L",2.6
"01/10/2022","S65E","POTASSIUM","mg/L",2.8
"03/07/2022","S65E","POTASSIUM","mg/L",3
"05/02/2022","S65E","POTASSIUM","mg/L",3.9
"07/25/2022","S65E","POTASSIUM","mg/L",3.2
"10/03/2022","S65E","POTASSIUM","mg/L",3.3
"01/09/2023","S65E","POTASSIUM","mg/L",2.9
"03/08/1994","S65E","SALINITY","PSU",212
"07/26/1994","S65E","SALINITY","PSU",156
"08/20/1996","S65E","SALINITY","PSU",117
"08/16/2005","S65E","SALINITY","PSU",0.05
"09/12/2005","S65E","SALINITY","PSU",0.05
"11/16/2005","S65E","SALINITY","PSU",0.05
"11/12/1973","S65E","SECCHI DISK DEPTH","meters",0.45
"11/13/1973","S65E","SECCHI DISK DEPTH","meters",0.45
"12/10/1973","S65E","SECCHI DISK DEPTH","meters",0.75
"12/11/1973","S65E","SECCHI DISK DEPTH","meters",0.6
"12/26/1990","S65E","SECCHI DISK DEPTH","meters",0
"05/08/2006","S65E","SECCHI DISK DEPTH","meters",0.9
"06/06/2006","S65E","SECCHI DISK DEPTH","meters",1.12
"06/19/2006","S65E","SECCHI DISK DEPTH","meters",1.12
"10/24/2006","S65E","SECCHI DISK DEPTH","meters",0.21
"01/02/2007","S65E","SECCHI DISK DEPTH","meters",0.3
"04/09/1973","S65E","SILICA","mg/L",14.1
"04/16/1973","S65E","SILICA","mg/L",2.2
"04/23/1973","S65E","SILICA","mg/L",4.6
"04/30/1973","S65E","SILICA","mg/L",2.3
"05/07/1973","S65E","SILICA","mg/L",2.7
"05/14/1973","S65E","SILICA","mg/L",2.5
"05/21/1973","S65E","SILICA","mg/L",2.6
"05/29/1973","S65E","SILICA","mg/L",26
"06/04/1973","S65E","SILICA","mg/L",2.6
"06/11/1973","S65E","SILICA","mg/L",2.8
"06/13/1973","S65E","SILICA","mg/L",2.7
"06/18/1973","S65E","SILICA","mg/L",2.8
"06/25/1973","S65E","SILICA","mg/L",3.1
"07/02/1973","S65E","SILICA","mg/L",3.4
"07/09/1973","S65E","SILICA","mg/L",4.5
"07/16/1973","S65E","SILICA","mg/L",5.13333333333333
"07/23/1973","S65E","SILICA","mg/L",5
"07/30/1973","S65E","SILICA","mg/L",6.3
"08/06/1973","S65E","SILICA","mg/L",5
"08/13/1973","S65E","SILICA","mg/L",2.4
"08/20/1973","S65E","SILICA","mg/L",4.8
"08/27/1973","S65E","SILICA","mg/L",2.9
"08/29/1973","S65E","SILICA","mg/L",4.9
"09/04/1973","S65E","SILICA","mg/L",4.2
"09/10/1973","S65E","SILICA","mg/L",4.4
"09/17/1973","S65E","SILICA","mg/L",4.8
"09/24/1973","S65E","SILICA","mg/L",4.5
"10/01/1973","S65E","SILICA","mg/L",4.8
"10/02/1973","S65E","SILICA","mg/L",5.45
"10/08/1973","S65E","SILICA","mg/L",4
"10/15/1973","S65E","SILICA","mg/L",3
"10/23/1973","S65E","SILICA","mg/L",4.5
"10/29/1973","S65E","SILICA","mg/L",5.2
"11/07/1973","S65E","SILICA","mg/L",5.05
"11/12/1973","S65E","SILICA","mg/L",1
"11/13/1973","S65E","SILICA","mg/L",2.5
"11/26/1973","S65E","SILICA","mg/L",6.3
"12/03/1973","S65E","SILICA","mg/L",2.8
"12/05/1973","S65E","SILICA","mg/L",5.15
"12/10/1973","S65E","SILICA","mg/L",3.7
"12/11/1973","S65E","SILICA","mg/L",3.2
"12/17/1973","S65E","SILICA","mg/L",4.4
"01/02/1974","S65E","SILICA","mg/L",4.7
"01/08/1974","S65E","SILICA","mg/L",4.75
"01/14/1974","S65E","SILICA","mg/L",5.3
"01/28/1974","S65E","SILICA","mg/L",5.6
"02/11/1974","S65E","SILICA","mg/L",5.6
"02/12/1974","S65E","SILICA","mg/L",4.75
"02/25/1974","S65E","SILICA","mg/L",5.8
"03/05/1974","S65E","SILICA","mg/L",2.9
"03/11/1974","S65E","SILICA","mg/L",2
"04/02/1974","S65E","SILICA","mg/L",1.95
"04/08/1974","S65E","SILICA","mg/L",2.3
"04/22/1974","S65E","SILICA","mg/L",4.5
"05/07/1974","S65E","SILICA","mg/L",2.05
"05/13/1974","S65E","SILICA","mg/L",2.1
"05/28/1974","S65E","SILICA","mg/L",3.4
"06/10/1974","S65E","SILICA","mg/L",4.5
"06/11/1974","S65E","SILICA","mg/L",2.9
"06/24/1974","S65E","SILICA","mg/L",4.9
"07/08/1974","S65E","SILICA","mg/L",4.3
"07/09/1974","S65E","SILICA","mg/L",4.05
"07/22/1974","S65E","SILICA","mg/L",4.2
"08/05/1974","S65E","SILICA","mg/L",4.6
"08/13/1974","S65E","SILICA","mg/L",3.85
"08/19/1974","S65E","SILICA","mg/L",3.5
"09/03/1974","S65E","SILICA","mg/L",4
"09/10/1974","S65E","SILICA","mg/L",4.45
"09/16/1974","S65E","SILICA","mg/L",4.1
"09/30/1974","S65E","SILICA","mg/L",3.5
"10/08/1974","S65E","SILICA","mg/L",3.9
"10/14/1974","S65E","SILICA","mg/L",3.6
"10/28/1974","S65E","SILICA","mg/L",3.2
"11/05/1974","S65E","SILICA","mg/L",3.65
"12/10/1974","S65E","SILICA","mg/L",5.35
"01/07/1975","S65E","SILICA","mg/L",6.05
"02/04/1975","S65E","SILICA","mg/L",4.9
"03/05/1975","S65E","SILICA","mg/L",5.4
"04/08/1975","S65E","SILICA","mg/L",3.15
"05/06/1975","S65E","SILICA","mg/L",1.1
"06/03/1975","S65E","SILICA","mg/L",1.7
"07/15/1975","S65E","SILICA","mg/L",3.75
"08/12/1975","S65E","SILICA","mg/L",5.95
"09/12/1975","S65E","SILICA","mg/L",4.15
"10/28/1975","S65E","SILICA","mg/L",4.7
"11/18/1975","S65E","SILICA","mg/L",3.55
"02/12/1976","S65E","SILICA","mg/L",1.95
"05/11/1976","S65E","SILICA","mg/L",1.2
"07/20/1976","S65E","SILICA","mg/L",5.4
"08/24/1976","S65E","SILICA","mg/L",3.35
"10/19/1976","S65E","SILICA","mg/L",4.15
"12/06/1976","S65E","SILICA","mg/L",4.7
"01/25/1977","S65E","SILICA","mg/L",1.3
"03/21/1977","S65E","SILICA","mg/L",0.2
"05/23/1977","S65E","SILICA","mg/L",1.6
"07/25/1977","S65E","SILICA","mg/L",2.25
"09/20/1977","S65E","SILICA","mg/L",3.6
"12/01/1977","S65E","SILICA","mg/L",5.55
"01/24/1978","S65E","SILICA","mg/L",2.5
"03/21/1978","S65E","SILICA","mg/L",1.35
"05/30/1978","S65E","SILICA","mg/L",1.1
"06/21/1978","S65E","SILICA","mg/L",2.5
"07/25/1978","S65E","SILICA","mg/L",4.7
"08/22/1978","S65E","SILICA","mg/L",3.6
"09/18/1978","S65E","SILICA","mg/L",2.8
"02/24/1982","S65E","SILICA","mg/L",5.6
"07/01/1982","S65E","SILICA","mg/L",3
"08/25/1982","S65E","SILICA","mg/L",3.53333333333333
"10/20/1982","S65E","SILICA","mg/L",2.53333333333333
"12/22/1982","S65E","SILICA","mg/L",3.6
"04/15/1983","S65E","SILICA","mg/L",1.5
"09/12/1983","S65E","SILICA","mg/L",2
"02/29/1984","S65E","SILICA","mg/L",1.5
"08/13/1984","S65E","SILICA","mg/L",2
"10/09/1984","S65E","SILICA","mg/L",5
"02/26/1985","S65E","SILICA","mg/L",0.4
"05/20/1985","S65E","SILICA","mg/L",-1
"08/27/1985","S65E","SILICA","mg/L",2.3
"02/12/1986","S65E","SILICA","mg/L",-1
"05/20/1986","S65E","SILICA","mg/L",-1
"09/23/1986","S65E","SILICA","mg/L",4.4
"11/18/1986","S65E","SILICA","mg/L",4.8
"02/18/1987","S65E","SILICA","mg/L",-1
"05/26/1987","S65E","SILICA","mg/L",-1
"08/18/1987","S65E","SILICA","mg/L",5.9
"11/24/1987","S65E","SILICA","mg/L",4
"02/16/1988","S65E","SILICA","mg/L",5
"05/24/1988","S65E","SILICA","mg/L",1.1
"08/15/1988","S65E","SILICA","mg/L",6.2
"09/12/1988","S65E","SILICA","mg/L",7.8
"11/22/1988","S65E","SILICA","mg/L",4.5
"02/13/1989","S65E","SILICA","mg/L",1.5
"02/28/1989","S65E","SILICA","mg/L",1.5
"05/24/1989","S65E","SILICA","mg/L",-1
"08/29/1989","S65E","SILICA","mg/L",3.8
"11/20/1989","S65E","SILICA","mg/L",8.4
"02/20/1990","S65E","SILICA","mg/L",-1
"02/28/1990","S65E","SILICA","mg/L",1.6
"08/27/1990","S65E","SILICA","mg/L",7.1
"11/20/1990","S65E","SILICA","mg/L",7.1
"02/26/1991","S65E","SILICA","mg/L",4.6
"08/28/1991","S65E","SILICA","mg/L",4.8
"11/20/1991","S65E","SILICA","mg/L",3.1
"02/11/1992","S65E","SILICA","mg/L",5.1
"05/19/1992","S65E","SILICA","mg/L",1.4
"07/08/1992","S65E","SILICA","mg/L",8.9
"08/26/1992","S65E","SILICA","mg/L",4
"11/18/1992","S65E","SILICA","mg/L",4.6
"02/23/1993","S65E","SILICA","mg/L",-1
"05/20/1993","S65E","SILICA","mg/L",-1
"09/21/1993","S65E","SILICA","mg/L",5.1
"10/05/1993","S65E","SILICA","mg/L",6.1
"10/19/1993","S65E","SILICA","mg/L",7.1
"11/16/1993","S65E","SILICA","mg/L",7.2
"02/08/1994","S65E","SILICA","mg/L",6.8
"02/15/1994","S65E","SILICA","mg/L",6.2
"05/17/1994","S65E","SILICA","mg/L",0.9195
"08/23/1994","S65E","SILICA","mg/L",4.199
"02/21/1995","S65E","SILICA","mg/L",-1
"08/08/1995","S65E","SILICA","mg/L",3.517
"10/17/1995","S65E","SILICA","mg/L",4.761
"01/09/1996","S65E","SILICA","mg/L",1.044
"01/23/1996","S65E","SILICA","mg/L",-1
"02/06/1996","S65E","SILICA","mg/L",-0.31125
"02/20/1996","S65E","SILICA","mg/L",-1
"03/05/1996","S65E","SILICA","mg/L",-0.4665
"03/19/1996","S65E","SILICA","mg/L",0.70975
"04/02/1996","S65E","SILICA","mg/L",-1
"04/16/1996","S65E","SILICA","mg/L",-0.2995
"04/30/1996","S65E","SILICA","mg/L",0.36
"05/14/1996","S65E","SILICA","mg/L",0.91
"05/20/1996","S65E","SILICA","mg/L",0.462
"05/28/1996","S65E","SILICA","mg/L",1.1315
"06/11/1996","S65E","SILICA","mg/L",2.16725
"06/25/1996","S65E","SILICA","mg/L",2.451
"07/09/1996","S65E","SILICA","mg/L",4.316
"07/23/1996","S65E","SILICA","mg/L",1.902
"08/06/1996","S65E","SILICA","mg/L",2.1875
"08/20/1996","S65E","SILICA","mg/L",1.671
"09/03/1996","S65E","SILICA","mg/L",0.946
"09/17/1996","S65E","SILICA","mg/L",0.8955
"10/01/1996","S65E","SILICA","mg/L",1.1905
"10/15/1996","S65E","SILICA","mg/L",1.264
"10/29/1996","S65E","SILICA","mg/L",1.178
"11/04/1996","S65E","SILICA","mg/L",3.813
"11/12/1996","S65E","SILICA","mg/L",1.8112
"11/26/1996","S65E","SILICA","mg/L",1.7236
"12/10/1996","S65E","SILICA","mg/L",1.345
"12/26/1996","S65E","SILICA","mg/L",1.5528
"01/07/1997","S65E","SILICA","mg/L",0.8835
"01/21/1997","S65E","SILICA","mg/L",1.6314
"02/05/1997","S65E","SILICA","mg/L",-1
"02/18/1997","S65E","SILICA","mg/L",-1
"02/24/1997","S65E","SILICA","mg/L",-1
"03/04/1997","S65E","SILICA","mg/L",-1
"03/18/1997","S65E","SILICA","mg/L",-1
"04/01/1997","S65E","SILICA","mg/L",-1
"04/15/1997","S65E","SILICA","mg/L",1.289
"04/29/1997","S65E","SILICA","mg/L",1.157
"05/13/1997","S65E","SILICA","mg/L",-1
"05/19/1997","S65E","SILICA","mg/L",1.005
"05/27/1997","S65E","SILICA","mg/L",-1
"06/24/1997","S65E","SILICA","mg/L",0.3635
"07/08/1997","S65E","SILICA","mg/L",2.188
"07/22/1997","S65E","SILICA","mg/L",3.668
"08/05/1997","S65E","SILICA","mg/L",4.501
"08/19/1997","S65E","SILICA","mg/L",2.949
"08/28/1997","S65E","SILICA","mg/L",4.802
"09/02/1997","S65E","SILICA","mg/L",2.2102
"09/16/1997","S65E","SILICA","mg/L",4.764
"09/30/1997","S65E","SILICA","mg/L",5.444
"10/14/1997","S65E","SILICA","mg/L",4.98
"10/28/1997","S65E","SILICA","mg/L",5.386
"11/12/1997","S65E","SILICA","mg/L",5.283
"11/17/1997","S65E","SILICA","mg/L",3.362
"11/25/1997","S65E","SILICA","mg/L",1.931
"12/09/1997","S65E","SILICA","mg/L",2.606
"12/23/1997","S65E","SILICA","mg/L",1.312
"01/06/1998","S65E","SILICA","mg/L",1.428
"01/20/1998","S65E","SILICA","mg/L",2.077
"02/03/1998","S65E","SILICA","mg/L",1.98
"02/17/1998","S65E","SILICA","mg/L",1.541
"02/18/1998","S65E","SILICA","mg/L",1.844
"03/03/1998","S65E","SILICA","mg/L",-1
"03/17/1998","S65E","SILICA","mg/L",-1
"03/31/1998","S65E","SILICA","mg/L",-1
"04/14/1998","S65E","SILICA","mg/L",-1
"04/28/1998","S65E","SILICA","mg/L",1.626
"05/12/1998","S65E","SILICA","mg/L",1.679
"05/18/1998","S65E","SILICA","mg/L",1.816
"05/26/1998","S65E","SILICA","mg/L",1.804
"06/09/1998","S65E","SILICA","mg/L",2.257
"06/23/1998","S65E","SILICA","mg/L",2.503
"07/07/1998","S65E","SILICA","mg/L",2.616
"07/21/1998","S65E","SILICA","mg/L",4.299
"08/04/1998","S65E","SILICA","mg/L",5.26
"08/18/1998","S65E","SILICA","mg/L",6.275
"08/24/1998","S65E","SILICA","mg/L",6.833
"09/01/1998","S65E","SILICA","mg/L",6.847
"09/15/1998","S65E","SILICA","mg/L",7.597
"09/29/1998","S65E","SILICA","mg/L",6.063
"10/13/1998","S65E","SILICA","mg/L",6.16
"10/27/1998","S65E","SILICA","mg/L",6.659
"11/09/1998","S65E","SILICA","mg/L",6.237
"11/24/1998","S65E","SILICA","mg/L",6.099
"12/08/1998","S65E","SILICA","mg/L",6.361
"12/22/1998","S65E","SILICA","mg/L",6.115
"01/05/1999","S65E","SILICA","mg/L",5.942
"01/19/1999","S65E","SILICA","mg/L",6.188
"01/25/1999","S65E","SILICA","mg/L",5.535
"02/02/1999","S65E","SILICA","mg/L",5.335
"02/16/1999","S65E","SILICA","mg/L",5.054
"03/02/1999","S65E","SILICA","mg/L",2.4625
"03/16/1999","S65E","SILICA","mg/L",2.6052
"03/30/1999","S65E","SILICA","mg/L",3.61
"04/13/1999","S65E","SILICA","mg/L",0.393
"04/19/1999","S65E","SILICA","mg/L",0.792
"04/27/1999","S65E","SILICA","mg/L",0.621
"05/11/1999","S65E","SILICA","mg/L",1.076
"05/25/1999","S65E","SILICA","mg/L",0.848
"06/08/1999","S65E","SILICA","mg/L",1.002
"06/22/1999","S65E","SILICA","mg/L",1.29
"07/06/1999","S65E","SILICA","mg/L",2.62
"07/20/1999","S65E","SILICA","mg/L",2.1845
"07/26/1999","S65E","SILICA","mg/L",8.168
"08/03/1999","S65E","SILICA","mg/L",3.9815
"08/17/1999","S65E","SILICA","mg/L",8.361
"08/31/1999","S65E","SILICA","mg/L",4.647
"09/16/1999","S65E","SILICA","mg/L",2.9594
"09/28/1999","S65E","SILICA","mg/L",2.631
"10/12/1999","S65E","SILICA","mg/L",4.88
"10/18/1999","S65E","SILICA","mg/L",4.73
"10/26/1999","S65E","SILICA","mg/L",3.334
"11/09/1999","S65E","SILICA","mg/L",3.651
"11/23/1999","S65E","SILICA","mg/L",4.411
"12/07/1999","S65E","SILICA","mg/L",1.912
"12/21/1999","S65E","SILICA","mg/L",1.7825
"01/04/2000","S65E","SILICA","mg/L",1.3208
"01/18/2000","S65E","SILICA","mg/L",0.6855
"01/24/2000","S65E","SILICA","mg/L",1.435
"02/01/2000","S65E","SILICA","mg/L",1.186
"02/15/2000","S65E","SILICA","mg/L",0.881
"02/29/2000","S65E","SILICA","mg/L",0.367
"03/14/2000","S65E","SILICA","mg/L",1.205
"03/28/2000","S65E","SILICA","mg/L",1.489
"04/11/2000","S65E","SILICA","mg/L",1.216
"04/17/2000","S65E","SILICA","mg/L",1.214
"04/24/2000","S65E","SILICA","mg/L",0.6
"05/09/2000","S65E","SILICA","mg/L",1.395
"05/23/2000","S65E","SILICA","mg/L",1.154
"06/06/2000","S65E","SILICA","mg/L",0.951
"06/20/2000","S65E","SILICA","mg/L",1.05
"07/05/2000","S65E","SILICA","mg/L",0.712
"07/18/2000","S65E","SILICA","mg/L",0.76
"07/25/2000","S65E","SILICA","mg/L",1.001
"08/01/2000","S65E","SILICA","mg/L",1.1344
"08/15/2000","S65E","SILICA","mg/L",2.1978
"08/29/2000","S65E","SILICA","mg/L",5.515
"09/12/2000","S65E","SILICA","mg/L",6.351
"09/26/2000","S65E","SILICA","mg/L",8.581
"10/10/2000","S65E","SILICA","mg/L",4.2735
"10/16/2000","S65E","SILICA","mg/L",9.366
"10/24/2000","S65E","SILICA","mg/L",9.492
"11/07/2000","S65E","SILICA","mg/L",10.026
"11/21/2000","S65E","SILICA","mg/L",10.343
"12/05/2000","S65E","SILICA","mg/L",9.236
"12/19/2000","S65E","SILICA","mg/L",9.75
"01/02/2001","S65E","SILICA","mg/L",4.768
"01/16/2001","S65E","SILICA","mg/L",9.108
"01/22/2001","S65E","SILICA","mg/L",9.53
"01/30/2001","S65E","SILICA","mg/L",9.221
"02/13/2001","S65E","SILICA","mg/L",8.886
"02/27/2001","S65E","SILICA","mg/L",8.149
"03/13/2001","S65E","SILICA","mg/L",8.247
"03/27/2001","S65E","SILICA","mg/L",8.319
"04/10/2001","S65E","SILICA","mg/L",7.769
"04/16/2001","S65E","SILICA","mg/L",3.8585
"04/24/2001","S65E","SILICA","mg/L",4.2335
"05/08/2001","S65E","SILICA","mg/L",3.5195
"05/22/2001","S65E","SILICA","mg/L",1.395
"06/05/2001","S65E","SILICA","mg/L",1.19
"06/19/2001","S65E","SILICA","mg/L",0.6435
"07/03/2001","S65E","SILICA","mg/L",2.633
"07/16/2001","S65E","SILICA","mg/L",4.3055
"07/17/2001","S65E","SILICA","mg/L",5.035
"07/31/2001","S65E","SILICA","mg/L",8.072
"08/14/2001","S65E","SILICA","mg/L",7.569
"08/28/2001","S65E","SILICA","mg/L",6.712
"09/11/2001","S65E","SILICA","mg/L",3.407
"09/25/2001","S65E","SILICA","mg/L",4.12
"10/08/2001","S65E","SILICA","mg/L",3.461
"10/09/2001","S65E","SILICA","mg/L",3.573
"11/06/2001","S65E","SILICA","mg/L",2.1365
"11/20/2001","S65E","SILICA","mg/L",1.8485
"12/04/2001","S65E","SILICA","mg/L",1.6995
"12/18/2001","S65E","SILICA","mg/L",3.109
"01/02/2002","S65E","SILICA","mg/L",1.586
"01/15/2002","S65E","SILICA","mg/L",1.277
"01/29/2002","S65E","SILICA","mg/L",1.3155
"02/12/2002","S65E","SILICA","mg/L",1.352
"02/26/2002","S65E","SILICA","mg/L",2.024
"03/12/2002","S65E","SILICA","mg/L",1.54
"03/18/2002","S65E","SILICA","mg/L",0.892
"03/26/2002","S65E","SILICA","mg/L",1.77
"04/09/2002","S65E","SILICA","mg/L",0.5735
"04/23/2002","S65E","SILICA","mg/L",0.708
"05/07/2002","S65E","SILICA","mg/L",0.845
"05/21/2002","S65E","SILICA","mg/L",0.859
"06/04/2002","S65E","SILICA","mg/L",0.707
"06/18/2002","S65E","SILICA","mg/L",0.344666666666667
"06/24/2002","S65E","SILICA","mg/L",1.5645
"07/02/2002","S65E","SILICA","mg/L",6.004
"07/16/2002","S65E","SILICA","mg/L",2.386
"07/30/2002","S65E","SILICA","mg/L",2.2725
"08/13/2002","S65E","SILICA","mg/L",3.891
"08/27/2002","S65E","SILICA","mg/L",1.8865
"09/10/2002","S65E","SILICA","mg/L",1.9085
"09/16/2002","S65E","SILICA","mg/L",3.69
"09/24/2002","S65E","SILICA","mg/L",1.739
"10/08/2002","S65E","SILICA","mg/L",3.484
"10/22/2002","S65E","SILICA","mg/L",3.455
"11/05/2002","S65E","SILICA","mg/L",3.277
"11/19/2002","S65E","SILICA","mg/L",3.433
"12/03/2002","S65E","SILICA","mg/L",3.986
"12/17/2002","S65E","SILICA","mg/L",1.693
"12/30/2002","S65E","SILICA","mg/L",1.159
"12/31/2002","S65E","SILICA","mg/L",1.253
"01/14/2003","S65E","SILICA","mg/L",1.622
"01/28/2003","S65E","SILICA","mg/L",1.376
"02/11/2003","S65E","SILICA","mg/L",0.928
"02/25/2003","S65E","SILICA","mg/L",1.211
"03/11/2003","S65E","SILICA","mg/L",1.691
"03/24/2003","S65E","SILICA","mg/L",3.962
"03/25/2003","S65E","SILICA","mg/L",2.513
"04/08/2003","S65E","SILICA","mg/L",1.006
"04/22/2003","S65E","SILICA","mg/L",1.191
"05/06/2003","S65E","SILICA","mg/L",0.81
"05/20/2003","S65E","SILICA","mg/L",1.706
"06/03/2003","S65E","SILICA","mg/L",0.759
"06/16/2003","S65E","SILICA","mg/L",3.3085
"06/17/2003","S65E","SILICA","mg/L",1.059
"07/01/2003","S65E","SILICA","mg/L",4.869
"07/15/2003","S65E","SILICA","mg/L",4.42
"07/29/2003","S65E","SILICA","mg/L",3.595
"08/12/2003","S65E","SILICA","mg/L",4.55
"08/26/2003","S65E","SILICA","mg/L",4.18
"09/09/2003","S65E","SILICA","mg/L",2.055
"09/15/2003","S65E","SILICA","mg/L",4.05
"09/23/2003","S65E","SILICA","mg/L",4.76
"10/07/2003","S65E","SILICA","mg/L",2.425
"10/21/2003","S65E","SILICA","mg/L",4.38
"11/04/2003","S65E","SILICA","mg/L",3.38
"11/18/2003","S65E","SILICA","mg/L",2.85
"12/02/2003","S65E","SILICA","mg/L",2.92
"12/15/2003","S65E","SILICA","mg/L",1.09
"12/16/2003","S65E","SILICA","mg/L",1.75
"12/30/2003","S65E","SILICA","mg/L",1.09
"01/13/2004","S65E","SILICA","mg/L",0.74
"01/27/2004","S65E","SILICA","mg/L",0.71
"02/10/2004","S65E","SILICA","mg/L",0.495
"02/24/2004","S65E","SILICA","mg/L",0.97
"03/09/2004","S65E","SILICA","mg/L",1.5
"03/15/2004","S65E","SILICA","mg/L",1.36
"03/23/2004","S65E","SILICA","mg/L",1.16
"04/06/2004","S65E","SILICA","mg/L",1.3
"04/20/2004","S65E","SILICA","mg/L",1.48
"05/04/2004","S65E","SILICA","mg/L",0.775
"05/17/2004","S65E","SILICA","mg/L",1.875
"05/18/2004","S65E","SILICA","mg/L",1.76
"06/08/2004","S65E","SILICA","mg/L",1.2
"06/22/2004","S65E","SILICA","mg/L",0.87
"07/06/2004","S65E","SILICA","mg/L",0.44
"07/20/2004","S65E","SILICA","mg/L",0.97
"08/03/2004","S65E","SILICA","mg/L",3.21
"08/17/2004","S65E","SILICA","mg/L",4.34
"08/23/2004","S65E","SILICA","mg/L",2.99
"08/31/2004","S65E","SILICA","mg/L",7.19
"09/14/2004","S65E","SILICA","mg/L",4.55
"09/29/2004","S65E","SILICA","mg/L",4.66
"10/12/2004","S65E","SILICA","mg/L",5.11
"10/26/2004","S65E","SILICA","mg/L",1.53666666666667
"11/09/2004","S65E","SILICA","mg/L",4.16
"11/22/2004","S65E","SILICA","mg/L",3.79
"12/07/2004","S65E","SILICA","mg/L",3.55
"12/21/2004","S65E","SILICA","mg/L",1.905
"01/04/2005","S65E","SILICA","mg/L",3.82
"01/18/2005","S65E","SILICA","mg/L",3.7
"02/01/2005","S65E","SILICA","mg/L",3.69
"02/14/2005","S65E","SILICA","mg/L",3.08
"02/15/2005","S65E","SILICA","mg/L",3.07
"03/01/2005","S65E","SILICA","mg/L",1.145
"03/15/2005","S65E","SILICA","mg/L",2.18
"03/29/2005","S65E","SILICA","mg/L",1.51
"04/12/2005","S65E","SILICA","mg/L",0.86
"04/26/2005","S65E","SILICA","mg/L",0.74
"05/10/2005","S65E","SILICA","mg/L",1.85
"05/16/2005","S65E","SILICA","mg/L",1.27
"05/24/2005","S65E","SILICA","mg/L",2.11
"06/07/2005","S65E","SILICA","mg/L",1.26666666666667
"06/21/2005","S65E","SILICA","mg/L",4.93
"07/05/2005","S65E","SILICA","mg/L",2.495
"07/19/2005","S65E","SILICA","mg/L",2.15
"08/02/2005","S65E","SILICA","mg/L",2.275
"08/16/2005","S65E","SILICA","mg/L",4.51
"08/22/2005","S65E","SILICA","mg/L",4.3
"08/30/2005","S65E","SILICA","mg/L",4.64
"09/12/2005","S65E","SILICA","mg/L",2.075
"09/26/2005","S65E","SILICA","mg/L",3.2
"10/11/2005","S65E","SILICA","mg/L",3.51
"11/08/2005","S65E","SILICA","mg/L",0.72
"11/14/2005","S65E","SILICA","mg/L",1.39
"11/16/2005","S65E","SILICA","mg/L",1.41
"12/06/2005","S65E","SILICA","mg/L",1.88
"12/20/2005","S65E","SILICA","mg/L",1.32
"01/03/2006","S65E","SILICA","mg/L",0.96
"01/17/2006","S65E","SILICA","mg/L",0.71
"01/30/2006","S65E","SILICA","mg/L",0.72
"02/13/2006","S65E","SILICA","mg/L",1.085
"02/21/2006","S65E","SILICA","mg/L",0.835
"02/28/2006","S65E","SILICA","mg/L",1.17
"03/13/2006","S65E","SILICA","mg/L",0.505
"03/28/2006","S65E","SILICA","mg/L",1.11
"04/11/2006","S65E","SILICA","mg/L",0.595
"04/24/2006","S65E","SILICA","mg/L",1.33
"05/08/2006","S65E","SILICA","mg/L",1.39
"05/22/2006","S65E","SILICA","mg/L",1.53
"05/23/2006","S65E","SILICA","mg/L",0.765
"06/06/2006","S65E","SILICA","mg/L",0.814
"06/19/2006","S65E","SILICA","mg/L",0.675
"07/18/2006","S65E","SILICA","mg/L",2.3
"07/31/2006","S65E","SILICA","mg/L",1.82
"08/14/2006","S65E","SILICA","mg/L",4.21
"08/21/2006","S65E","SILICA","mg/L",4.35
"08/31/2006","S65E","SILICA","mg/L",4.97
"09/11/2006","S65E","SILICA","mg/L",2.15333333333333
"09/25/2006","S65E","SILICA","mg/L",7.31
"10/10/2006","S65E","SILICA","mg/L",8.1
"10/24/2006","S65E","SILICA","mg/L",8.84
"11/07/2006","S65E","SILICA","mg/L",8.83
"11/21/2006","S65E","SILICA","mg/L",8.88
"11/27/2006","S65E","SILICA","mg/L",8.96
"12/05/2006","S65E","SILICA","mg/L",4.81
"12/19/2006","S65E","SILICA","mg/L",7.0625
"01/02/2007","S65E","SILICA","mg/L",4.695
"01/16/2007","S65E","SILICA","mg/L",9.69
"01/30/2007","S65E","SILICA","mg/L",4.9
"02/13/2007","S65E","SILICA","mg/L",10.84
"02/26/2007","S65E","SILICA","mg/L",10.96
"02/27/2007","S65E","SILICA","mg/L",10.89
"03/13/2007","S65E","SILICA","mg/L",8.0725
"03/27/2007","S65E","SILICA","mg/L",10.21
"04/10/2007","S65E","SILICA","mg/L",10.1
"04/24/2007","S65E","SILICA","mg/L",10.02
"05/08/2007","S65E","SILICA","mg/L",4.63
"05/21/2007","S65E","SILICA","mg/L",8.04
"05/22/2007","S65E","SILICA","mg/L",8.4
"06/05/2007","S65E","SILICA","mg/L",4.59
"06/19/2007","S65E","SILICA","mg/L",5.98
"07/02/2007","S65E","SILICA","mg/L",3.38
"07/17/2007","S65E","SILICA","mg/L",2
"08/06/2007","S65E","SILICA","mg/L",3.97
"08/20/2007","S65E","SILICA","mg/L",6.16
"08/21/2007","S65E","SILICA","mg/L",8.36
"09/04/2007","S65E","SILICA","mg/L",3.405
"09/17/2007","S65E","SILICA","mg/L",4.98
"10/01/2007","S65E","SILICA","mg/L",5.54
"10/15/2007","S65E","SILICA","mg/L",2.635
"10/29/2007","S65E","SILICA","mg/L",6.44
"11/05/2007","S65E","SILICA","mg/L",6.49
"11/20/2007","S65E","SILICA","mg/L",5.47
"11/26/2007","S65E","SILICA","mg/L",5.06
"12/03/2007","S65E","SILICA","mg/L",2.714
"12/18/2007","S65E","SILICA","mg/L",4.56
"01/17/2008","S65E","SILICA","mg/L",2.64
"01/29/2008","S65E","SILICA","mg/L",1.065
"02/04/2008","S65E","SILICA","mg/L",1.88
"02/19/2008","S65E","SILICA","mg/L",0.93
"02/20/2008","S65E","SILICA","mg/L",0.92
"03/03/2008","S65E","SILICA","mg/L",0.348
"03/17/2008","S65E","SILICA","mg/L",0.545
"04/07/2008","S65E","SILICA","mg/L",1.82
"04/21/2008","S65E","SILICA","mg/L",2.29
"05/06/2008","S65E","SILICA","mg/L",1.06
"05/19/2008","S65E","SILICA","mg/L",0.42
"05/28/2008","S65E","SILICA","mg/L",0.92
"06/03/2008","S65E","SILICA","mg/L",0.6
"06/17/2008","S65E","SILICA","mg/L",1.3
"07/01/2008","S65E","SILICA","mg/L",1.005
"07/16/2008","S65E","SILICA","mg/L",2.695
"08/06/2008","S65E","SILICA","mg/L",7.44
"08/26/2008","S65E","SILICA","mg/L",3.6
"08/28/2008","S65E","SILICA","mg/L",3.81
"09/08/2008","S65E","SILICA","mg/L",2.96
"09/22/2008","S65E","SILICA","mg/L",5.13
"10/06/2008","S65E","SILICA","mg/L",2.95
"10/20/2008","S65E","SILICA","mg/L",3.51
"11/13/2008","S65E","SILICA","mg/L",3.475
"11/19/2008","S65E","SILICA","mg/L",6.36
"11/24/2008","S65E","SILICA","mg/L",5.57
"12/10/2008","S65E","SILICA","mg/L",1.965
"12/23/2008","S65E","SILICA","mg/L",0.805
"01/14/2009","S65E","SILICA","mg/L",0.535
"01/27/2009","S65E","SILICA","mg/L",1.49
"02/02/2009","S65E","SILICA","mg/L",1.33
"02/17/2009","S65E","SILICA","mg/L",0.8
"02/18/2009","S65E","SILICA","mg/L",0.9
"03/03/2009","S65E","SILICA","mg/L",0.234
"03/17/2009","S65E","SILICA","mg/L",0.08
"03/31/2009","S65E","SILICA","mg/L",0.14
"04/14/2009","S65E","SILICA","mg/L",0.46
"04/29/2009","S65E","SILICA","mg/L",0.96
"05/13/2009","S65E","SILICA","mg/L",0.37
"05/20/2009","S65E","SILICA","mg/L",1.04
"05/27/2009","S65E","SILICA","mg/L",1.35
"06/02/2009","S65E","SILICA","mg/L",1.515
"06/16/2009","S65E","SILICA","mg/L",0.776666666666667
"07/07/2009","S65E","SILICA","mg/L",2.705
"07/20/2009","S65E","SILICA","mg/L",5.2
"08/04/2009","S65E","SILICA","mg/L",2.235
"08/18/2009","S65E","SILICA","mg/L",2.455
"08/26/2009","S65E","SILICA","mg/L",5.13
"09/08/2009","S65E","SILICA","mg/L",3.015
"09/22/2009","S65E","SILICA","mg/L",2.512
"10/07/2009","S65E","SILICA","mg/L",2.235
"10/21/2009","S65E","SILICA","mg/L",2.695
"11/09/2009","S65E","SILICA","mg/L",2.795
"11/30/2009","S65E","SILICA","mg/L",2.615
"12/16/2009","S65E","SILICA","mg/L",1.61
"12/28/2009","S65E","SILICA","mg/L",1.755
"01/11/2010","S65E","SILICA","mg/L",4.56
"01/25/2010","S65E","SILICA","mg/L",2.65
"02/08/2010","S65E","SILICA","mg/L",0.83
"02/17/2010","S65E","SILICA","mg/L",1.11
"03/15/2010","S65E","SILICA","mg/L",0.45
"03/29/2010","S65E","SILICA","mg/L",0.87
"04/12/2010","S65E","SILICA","mg/L",0.52
"04/26/2010","S65E","SILICA","mg/L",1.28
"05/10/2010","S65E","SILICA","mg/L",0.66
"05/24/2010","S65E","SILICA","mg/L",1.51
"06/07/2010","S65E","SILICA","mg/L",1.4375
"06/21/2010","S65E","SILICA","mg/L",2.46
"07/08/2010","S65E","SILICA","mg/L",2.075
"07/19/2010","S65E","SILICA","mg/L",5.67
"08/02/2010","S65E","SILICA","mg/L",6.14
"08/16/2010","S65E","SILICA","mg/L",6.55
"09/14/2010","S65E","SILICA","mg/L",5.66333333333333
"09/27/2010","S65E","SILICA","mg/L",6.1
"10/11/2010","S65E","SILICA","mg/L",5.56
"10/26/2010","S65E","SILICA","mg/L",4.89
"11/09/2010","S65E","SILICA","mg/L",4.22
"11/29/2010","S65E","SILICA","mg/L",3.4
"12/09/2010","S65E","SILICA","mg/L",2.58
"12/22/2010","S65E","SILICA","mg/L",0.74
"01/10/2011","S65E","SILICA","mg/L",0.28
"01/24/2011","S65E","SILICA","mg/L",0.58
"02/07/2011","S65E","SILICA","mg/L",0.89
"02/23/2011","S65E","SILICA","mg/L",1.26
"03/09/2011","S65E","SILICA","mg/L",1.13333333333333
"03/23/2011","S65E","SILICA","mg/L",1.14
"04/13/2011","S65E","SILICA","mg/L",0.91
"04/27/2011","S65E","SILICA","mg/L",0.94
"05/11/2011","S65E","SILICA","mg/L",1.08
"05/25/2011","S65E","SILICA","mg/L",1.1
"06/08/2011","S65E","SILICA","mg/L",1.12
"06/20/2011","S65E","SILICA","mg/L",1.14
"07/06/2011","S65E","SILICA","mg/L",1.28
"07/20/2011","S65E","SILICA","mg/L",6.34
"08/03/2011","S65E","SILICA","mg/L",8.41
"08/17/2011","S65E","SILICA","mg/L",7.81
"08/31/2011","S65E","SILICA","mg/L",5.13
"09/14/2011","S65E","SILICA","mg/L",3.58666666666667
"09/28/2011","S65E","SILICA","mg/L",5.94
"10/12/2011","S65E","SILICA","mg/L",2.76
"10/26/2011","S65E","SILICA","mg/L",2.1
"11/07/2011","S65E","SILICA","mg/L",3.1
"11/22/2011","S65E","SILICA","mg/L",2.45
"12/07/2011","S65E","SILICA","mg/L",2.34
"12/21/2011","S65E","SILICA","mg/L",1.4
"01/04/2012","S65E","SILICA","mg/L",1.66
"01/18/2012","S65E","SILICA","mg/L",1.52
"02/01/2012","S65E","SILICA","mg/L",0.7
"02/15/2012","S65E","SILICA","mg/L",0.88
"02/29/2012","S65E","SILICA","mg/L",0.51
"03/14/2012","S65E","SILICA","mg/L",0.89
"03/28/2012","S65E","SILICA","mg/L",1.2
"04/11/2012","S65E","SILICA","mg/L",1.84
"04/25/2012","S65E","SILICA","mg/L",2.05
"05/09/2012","S65E","SILICA","mg/L",1.19
"05/23/2012","S65E","SILICA","mg/L",0.85
"06/06/2012","S65E","SILICA","mg/L",1.06
"06/20/2012","S65E","SILICA","mg/L",1.39
"07/11/2012","S65E","SILICA","mg/L",5.55
"07/25/2012","S65E","SILICA","mg/L",6.04
"08/08/2012","S65E","SILICA","mg/L",6
"08/22/2012","S65E","SILICA","mg/L",5.39
"09/05/2012","S65E","SILICA","mg/L",4.44
"09/19/2012","S65E","SILICA","mg/L",5.48
"10/03/2012","S65E","SILICA","mg/L",4.35
"10/17/2012","S65E","SILICA","mg/L",4.15
"10/31/2012","S65E","SILICA","mg/L",5.11
"11/14/2012","S65E","SILICA","mg/L",4.48
"11/28/2012","S65E","SILICA","mg/L",4.94
"12/05/2012","S65E","SILICA","mg/L",4.49
"12/19/2012","S65E","SILICA","mg/L",3.13
"01/02/2013","S65E","SILICA","mg/L",3.68
"01/16/2013","S65E","SILICA","mg/L",4.25
"01/30/2013","S65E","SILICA","mg/L",3.99
"02/13/2013","S65E","SILICA","mg/L",2.7
"02/27/2013","S65E","SILICA","mg/L",1.37
"03/13/2013","S65E","SILICA","mg/L",1.17
"03/27/2013","S65E","SILICA","mg/L",0.29
"04/10/2013","S65E","SILICA","mg/L",0.6
"04/24/2013","S65E","SILICA","mg/L",0.61
"05/08/2013","S65E","SILICA","mg/L",0.95
"05/22/2013","S65E","SILICA","mg/L",1.05
"06/05/2013","S65E","SILICA","mg/L",1.4
"06/19/2013","S65E","SILICA","mg/L",4.57
"07/02/2013","S65E","SILICA","mg/L",4.29
"07/17/2013","S65E","SILICA","mg/L",4.64
"07/31/2013","S65E","SILICA","mg/L",3.42
"08/14/2013","S65E","SILICA","mg/L",3.96
"08/28/2013","S65E","SILICA","mg/L",4.54
"09/11/2013","S65E","SILICA","mg/L",4.84
"09/25/2013","S65E","SILICA","mg/L",5.41
"10/09/2013","S65E","SILICA","mg/L",4
"10/23/2013","S65E","SILICA","mg/L",5.46
"11/06/2013","S65E","SILICA","mg/L",5.86
"11/20/2013","S65E","SILICA","mg/L",4.62
"12/04/2013","S65E","SILICA","mg/L",3.45
"12/18/2013","S65E","SILICA","mg/L",2.53
"12/30/2013","S65E","SILICA","mg/L",1.53
"01/15/2014","S65E","SILICA","mg/L",1.19
"01/29/2014","S65E","SILICA","mg/L",1.02
"02/12/2014","S65E","SILICA","mg/L",1.42
"02/26/2014","S65E","SILICA","mg/L",0.75
"03/12/2014","S65E","SILICA","mg/L",0.64
"03/26/2014","S65E","SILICA","mg/L",0.72
"04/09/2014","S65E","SILICA","mg/L",0.67
"04/23/2014","S65E","SILICA","mg/L",0.98
"05/07/2014","S65E","SILICA","mg/L",1.35
"05/21/2014","S65E","SILICA","mg/L",1.49
"06/04/2014","S65E","SILICA","mg/L",1.6
"06/18/2014","S65E","SILICA","mg/L",3.07
"07/01/2014","S65E","SILICA","mg/L",6.27
"07/16/2014","S65E","SILICA","mg/L",6.26
"07/30/2014","S65E","SILICA","mg/L",5.19
"08/13/2014","S65E","SILICA","mg/L",5.39
"08/27/2014","S65E","SILICA","mg/L",4.98
"09/10/2014","S65E","SILICA","mg/L",6.22
"09/24/2014","S65E","SILICA","mg/L",6.19
"10/08/2014","S65E","SILICA","mg/L",4.18
"10/22/2014","S65E","SILICA","mg/L",4.95
"11/05/2014","S65E","SILICA","mg/L",5.74
"11/19/2014","S65E","SILICA","mg/L",5.74
"12/03/2014","S65E","SILICA","mg/L",3.87
"12/17/2014","S65E","SILICA","mg/L",1.42
"12/30/2014","S65E","SILICA","mg/L",0.69
"01/14/2015","S65E","SILICA","mg/L",1.03
"01/28/2015","S65E","SILICA","mg/L",1.13
"02/11/2015","S65E","SILICA","mg/L",0.5
"02/25/2015","S65E","SILICA","mg/L",0.52
"03/11/2015","S65E","SILICA","mg/L",1.3
"03/25/2015","S65E","SILICA","mg/L",1.55
"04/08/2015","S65E","SILICA","mg/L",1.25
"04/22/2015","S65E","SILICA","mg/L",1.82
"05/06/2015","S65E","SILICA","mg/L",2.64
"05/20/2015","S65E","SILICA","mg/L",2.75
"06/03/2015","S65E","SILICA","mg/L",3.21
"06/17/2015","S65E","SILICA","mg/L",1.94
"07/01/2015","S65E","SILICA","mg/L",1.94
"07/15/2015","S65E","SILICA","mg/L",3.68
"07/29/2015","S65E","SILICA","mg/L",4.75
"08/12/2015","S65E","SILICA","mg/L",6.05666666666667
"08/26/2015","S65E","SILICA","mg/L",5.89
"09/09/2015","S65E","SILICA","mg/L",5.22
"09/23/2015","S65E","SILICA","mg/L",5.22
"10/07/2015","S65E","SILICA","mg/L",5.07
"10/21/2015","S65E","SILICA","mg/L",4.53
"11/04/2015","S65E","SILICA","mg/L",3.91
"11/18/2015","S65E","SILICA","mg/L",3.53
"12/02/2015","S65E","SILICA","mg/L",6.08
"01/09/2017","S65E","SILICA","mg/L",1.24
"01/23/2017","S65E","SILICA","mg/L",1.62
"02/06/2017","S65E","SILICA","mg/L",1.41
"02/20/2017","S65E","SILICA","mg/L",1.14
"03/06/2017","S65E","SILICA","mg/L",0.81
"03/20/2017","S65E","SILICA","mg/L",0.553333333333333
"04/17/2017","S65E","SILICA","mg/L",1.06
"04/24/2017","S65E","SILICA","mg/L",1
"05/01/2017","S65E","SILICA","mg/L",0.98
"05/08/2017","S65E","SILICA","mg/L",0.92
"06/05/2017","S65E","SILICA","mg/L",1.22
"06/12/2017","S65E","SILICA","mg/L",1.82
"06/19/2017","S65E","SILICA","mg/L",4.67
"07/05/2017","S65E","SILICA","mg/L",9
"07/17/2017","S65E","SILICA","mg/L",7.89
"08/01/2017","S65E","SILICA","mg/L",7.12
"08/14/2017","S65E","SILICA","mg/L",7.47
"08/28/2017","S65E","SILICA","mg/L",6.5
"09/13/2017","S65E","SILICA","mg/L",4.5
"09/25/2017","S65E","SILICA","mg/L",4.76
"10/09/2017","S65E","SILICA","mg/L",5.34
"10/23/2017","S65E","SILICA","mg/L",5.71
"11/06/2017","S65E","SILICA","mg/L",4.41
"11/20/2017","S65E","SILICA","mg/L",3.01
"12/04/2017","S65E","SILICA","mg/L",2.63
"01/16/2018","S65E","SILICA","mg/L",1.56
"02/12/2018","S65E","SILICA","mg/L",0.63
"03/12/2018","S65E","SILICA","mg/L",1.3
"03/26/2018","S65E","SILICA","mg/L",1.3
"04/23/2018","S65E","SILICA","mg/L",1.44
"05/07/2018","S65E","SILICA","mg/L",0.88
"05/21/2018","S65E","SILICA","mg/L",1.6
"06/18/2018","S65E","SILICA","mg/L",5.6
"07/02/2018","S65E","SILICA","mg/L",5.03
"07/16/2018","S65E","SILICA","mg/L",5.82
"07/30/2018","S65E","SILICA","mg/L",6.14
"08/06/2018","S65E","SILICA","mg/L",6.32
"08/20/2018","S65E","SILICA","mg/L",5.33
"09/04/2018","S65E","SILICA","mg/L",5.51
"09/17/2018","S65E","SILICA","mg/L",4.65
"10/01/2018","S65E","SILICA","mg/L",4.99
"10/04/2018","S65E","SILICA","mg/L",9.7
"10/15/2018","S65E","SILICA","mg/L",2.99
"10/29/2018","S65E","SILICA","mg/L",1.76
"11/13/2018","S65E","SILICA","mg/L",3.48
"11/26/2018","S65E","SILICA","mg/L",3.47
"12/11/2018","S65E","SILICA","mg/L",2.82
"12/26/2018","S65E","SILICA","mg/L",2.35
"01/07/2019","S65E","SILICA","mg/L",2.34
"01/22/2019","S65E","SILICA","mg/L",1.8
"02/04/2019","S65E","SILICA","mg/L",1.1
"02/18/2019","S65E","SILICA","mg/L",1.47
"03/04/2019","S65E","SILICA","mg/L",1.18666666666667
"03/06/2019","S65E","SILICA","mg/L",1.29
"03/18/2019","S65E","SILICA","mg/L",2.29
"04/08/2019","S65E","SILICA","mg/L",1.58
"04/22/2019","S65E","SILICA","mg/L",0.91
"05/06/2019","S65E","SILICA","mg/L",1.21
"05/20/2019","S65E","SILICA","mg/L",4.02
"06/03/2019","S65E","SILICA","mg/L",2.37
"06/17/2019","S65E","SILICA","mg/L",2.28
"06/20/2019","S65E","SILICA","mg/L",2.74
"07/01/2019","S65E","SILICA","mg/L",7.54
"07/15/2019","S65E","SILICA","mg/L",7.63
"07/29/2019","S65E","SILICA","mg/L",5.14
"08/12/2019","S65E","SILICA","mg/L",6.62
"08/26/2019","S65E","SILICA","mg/L",5.52
"09/09/2019","S65E","SILICA","mg/L",5.06
"09/23/2019","S65E","SILICA","mg/L",5.06
"10/08/2019","S65E","SILICA","mg/L",6.18
"10/21/2019","S65E","SILICA","mg/L",5.85
"11/04/2019","S65E","SILICA","mg/L",5.99
"11/18/2019","S65E","SILICA","mg/L",5.65
"12/02/2019","S65E","SILICA","mg/L",3.85
"12/16/2019","S65E","SILICA","mg/L",2.27
"12/30/2019","S65E","SILICA","mg/L",2.68
"01/13/2020","S65E","SILICA","mg/L",4.33
"01/27/2020","S65E","SILICA","mg/L",1.53
"02/10/2020","S65E","SILICA","mg/L",0.73
"02/24/2020","S65E","SILICA","mg/L",0.68
"03/09/2020","S65E","SILICA","mg/L",0.47
"03/23/2020","S65E","SILICA","mg/L",0.38
"04/06/2020","S65E","SILICA","mg/L",0.69
"04/20/2020","S65E","SILICA","mg/L",0.94
"05/04/2020","S65E","SILICA","mg/L",1.12
"05/18/2020","S65E","SILICA","mg/L",0.65
"06/01/2020","S65E","SILICA","mg/L",1.85
"06/15/2020","S65E","SILICA","mg/L",7.16
"06/29/2020","S65E","SILICA","mg/L",6.1
"07/13/2020","S65E","SILICA","mg/L",5.35
"07/27/2020","S65E","SILICA","mg/L",5.92
"08/10/2020","S65E","SILICA","mg/L",5.51
"08/24/2020","S65E","SILICA","mg/L",5.57
"09/08/2020","S65E","SILICA","mg/L",5.44
"09/21/2020","S65E","SILICA","mg/L",5.44
"10/05/2020","S65E","SILICA","mg/L",4.9
"10/19/2020","S65E","SILICA","mg/L",4.79
"11/02/2020","S65E","SILICA","mg/L",6.4
"11/16/2020","S65E","SILICA","mg/L",6
"11/30/2020","S65E","SILICA","mg/L",3.01
"12/14/2020","S65E","SILICA","mg/L",2.1
"12/28/2020","S65E","SILICA","mg/L",1.68
"01/11/2021","S65E","SILICA","mg/L",1.24
"01/25/2021","S65E","SILICA","mg/L",0.73
"02/08/2021","S65E","SILICA","mg/L",0.65
"02/22/2021","S65E","SILICA","mg/L",1.1
"03/08/2021","S65E","SILICA","mg/L",0.65
"03/22/2021","S65E","SILICA","mg/L",0.5
"04/05/2021","S65E","SILICA","mg/L",0.54
"04/19/2021","S65E","SILICA","mg/L",0.93
"05/03/2021","S65E","SILICA","mg/L",1.93
"05/17/2021","S65E","SILICA","mg/L",1.74
"06/01/2021","S65E","SILICA","mg/L",1.78
"06/14/2021","S65E","SILICA","mg/L",1.96
"06/28/2021","S65E","SILICA","mg/L",2.62
"07/12/2021","S65E","SILICA","mg/L",5.1
"07/26/2021","S65E","SILICA","mg/L",5.47
"08/09/2021","S65E","SILICA","mg/L",7.55
"08/23/2021","S65E","SILICA","mg/L",7.94
"09/07/2021","S65E","SILICA","mg/L",6.93
"09/20/2021","S65E","SILICA","mg/L",6.2
"10/04/2021","S65E","SILICA","mg/L",6.27
"10/18/2021","S65E","SILICA","mg/L",5.78
"11/01/2021","S65E","SILICA","mg/L",5.28
"11/15/2021","S65E","SILICA","mg/L",4.93
"11/29/2021","S65E","SILICA","mg/L",5.63
"12/13/2021","S65E","SILICA","mg/L",5.06
"12/27/2021","S65E","SILICA","mg/L",4.35
"01/10/2022","S65E","SILICA","mg/L",3.56
"01/24/2022","S65E","SILICA","mg/L",3.09
"02/07/2022","S65E","SILICA","mg/L",1.34
"02/21/2022","S65E","SILICA","mg/L",0.77
"03/07/2022","S65E","SILICA","mg/L",1.08
"03/21/2022","S65E","SILICA","mg/L",0.62
"04/04/2022","S65E","SILICA","mg/L",0.51
"04/18/2022","S65E","SILICA","mg/L",0.59
"05/02/2022","S65E","SILICA","mg/L",2.71
"05/16/2022","S65E","SILICA","mg/L",2.3
"05/31/2022","S65E","SILICA","mg/L",1.61
"06/13/2022","S65E","SILICA","mg/L",2.44
"06/27/2022","S65E","SILICA","mg/L",3.97
"07/11/2022","S65E","SILICA","mg/L",7.99
"07/25/2022","S65E","SILICA","mg/L",7.43
"08/08/2022","S65E","SILICA","mg/L",9.1
"08/22/2022","S65E","SILICA","mg/L",8.62
"09/06/2022","S65E","SILICA","mg/L",6.24
"09/19/2022","S65E","SILICA","mg/L",7.96
"10/03/2022","S65E","SILICA","mg/L",5.97
"10/17/2022","S65E","SILICA","mg/L",5.12
"10/31/2022","S65E","SILICA","mg/L",5.15
"11/14/2022","S65E","SILICA","mg/L",5.05
"11/28/2022","S65E","SILICA","mg/L",3.62
"12/12/2022","S65E","SILICA","mg/L",3.06
"12/27/2022","S65E","SILICA","mg/L",1.98
"01/09/2023","S65E","SILICA","mg/L",1.23
"01/23/2023","S65E","SILICA","mg/L",0.71
"02/06/2023","S65E","SILICA","mg/L",0.82
"02/20/2023","S65E","SILICA","mg/L",0.72
"03/06/2023","S65E","SILICA","mg/L",1.04
"03/20/2023","S65E","SILICA","mg/L",1.38
"04/03/2023","S65E","SILICA","mg/L",0.68
"04/17/2023","S65E","SILICA","mg/L",1.13
"05/01/2023","S65E","SILICA","mg/L",1.68
"04/09/1973","S65E","SODIUM","mg/L",99
"04/16/1973","S65E","SODIUM","mg/L",11
"04/23/1973","S65E","SODIUM","mg/L",14.2
"04/30/1973","S65E","SODIUM","mg/L",11.9
"05/07/1973","S65E","SODIUM","mg/L",12.6
"05/14/1973","S65E","SODIUM","mg/L",13.5
"05/21/1973","S65E","SODIUM","mg/L",11.6
"05/29/1973","S65E","SODIUM","mg/L",12.2
"06/04/1973","S65E","SODIUM","mg/L",13.2
"06/11/1973","S65E","SODIUM","mg/L",16.9
"06/13/1973","S65E","SODIUM","mg/L",15.8
"06/18/1973","S65E","SODIUM","mg/L",15
"06/25/1973","S65E","SODIUM","mg/L",14
"07/02/1973","S65E","SODIUM","mg/L",14.7
"07/09/1973","S65E","SODIUM","mg/L",13.5
"07/16/1973","S65E","SODIUM","mg/L",13.3333333333333
"07/23/1973","S65E","SODIUM","mg/L",12.5
"07/30/1973","S65E","SODIUM","mg/L",11.9
"08/06/1973","S65E","SODIUM","mg/L",44.9
"08/13/1973","S65E","SODIUM","mg/L",10.7
"08/20/1973","S65E","SODIUM","mg/L",11.2
"08/27/1973","S65E","SODIUM","mg/L",10
"08/29/1973","S65E","SODIUM","mg/L",10.2
"09/04/1973","S65E","SODIUM","mg/L",9
"09/10/1973","S65E","SODIUM","mg/L",8.7
"09/17/1973","S65E","SODIUM","mg/L",7
"09/24/1973","S65E","SODIUM","mg/L",9
"10/01/1973","S65E","SODIUM","mg/L",8
"10/02/1973","S65E","SODIUM","mg/L",8.55
"10/08/1973","S65E","SODIUM","mg/L",10
"10/15/1973","S65E","SODIUM","mg/L",11
"10/23/1973","S65E","SODIUM","mg/L",11.5
"10/29/1973","S65E","SODIUM","mg/L",11
"11/07/1973","S65E","SODIUM","mg/L",14
"11/12/1973","S65E","SODIUM","mg/L",13
"11/13/1973","S65E","SODIUM","mg/L",22
"11/26/1973","S65E","SODIUM","mg/L",16.9
"12/03/1973","S65E","SODIUM","mg/L",17
"12/05/1973","S65E","SODIUM","mg/L",17
"12/10/1973","S65E","SODIUM","mg/L",15
"12/11/1973","S65E","SODIUM","mg/L",35
"12/17/1973","S65E","SODIUM","mg/L",17
"01/02/1974","S65E","SODIUM","mg/L",11
"01/08/1974","S65E","SODIUM","mg/L",21
"01/14/1974","S65E","SODIUM","mg/L",11
"01/28/1974","S65E","SODIUM","mg/L",12
"02/11/1974","S65E","SODIUM","mg/L",12
"02/12/1974","S65E","SODIUM","mg/L",14.5
"02/25/1974","S65E","SODIUM","mg/L",13
"03/05/1974","S65E","SODIUM","mg/L",17
"03/11/1974","S65E","SODIUM","mg/L",14
"03/25/1974","S65E","SODIUM","mg/L",17
"04/02/1974","S65E","SODIUM","mg/L",13.5
"04/08/1974","S65E","SODIUM","mg/L",20
"04/22/1974","S65E","SODIUM","mg/L",13
"05/07/1974","S65E","SODIUM","mg/L",12
"05/13/1974","S65E","SODIUM","mg/L",12
"05/28/1974","S65E","SODIUM","mg/L",13
"06/10/1974","S65E","SODIUM","mg/L",19
"06/11/1974","S65E","SODIUM","mg/L",14.5
"06/24/1974","S65E","SODIUM","mg/L",13
"07/09/1974","S65E","SODIUM","mg/L",8.8
"07/22/1974","S65E","SODIUM","mg/L",10
"08/05/1974","S65E","SODIUM","mg/L",7
"08/13/1974","S65E","SODIUM","mg/L",8.5
"08/19/1974","S65E","SODIUM","mg/L",9
"09/03/1974","S65E","SODIUM","mg/L",6
"09/10/1974","S65E","SODIUM","mg/L",8.4
"09/16/1974","S65E","SODIUM","mg/L",11
"09/30/1974","S65E","SODIUM","mg/L",12
"10/08/1974","S65E","SODIUM","mg/L",9.5
"10/14/1974","S65E","SODIUM","mg/L",10
"11/12/1974","S65E","SODIUM","mg/L",12.4
"10/27/1975","S65E","SODIUM","mg/L",9.73
"06/22/1976","S65E","SODIUM","mg/L",11.14
"06/25/1976","S65E","SODIUM","mg/L",12.14
"07/20/1976","S65E","SODIUM","mg/L",9.71
"08/24/1976","S65E","SODIUM","mg/L",7.805
"09/21/1976","S65E","SODIUM","mg/L",8.16
"10/19/1976","S65E","SODIUM","mg/L",8.155
"12/06/1976","S65E","SODIUM","mg/L",11.75
"01/25/1977","S65E","SODIUM","mg/L",8.62
"03/21/1977","S65E","SODIUM","mg/L",8.62
"05/23/1977","S65E","SODIUM","mg/L",20.575
"07/25/1977","S65E","SODIUM","mg/L",32.105
"09/20/1977","S65E","SODIUM","mg/L",17.965
"12/01/1977","S65E","SODIUM","mg/L",13.82
"01/24/1978","S65E","SODIUM","mg/L",11.63
"03/21/1978","S65E","SODIUM","mg/L",13.08
"05/30/1978","S65E","SODIUM","mg/L",16.33
"06/21/1978","S65E","SODIUM","mg/L",12.63
"07/25/1978","S65E","SODIUM","mg/L",5.8
"08/22/1978","S65E","SODIUM","mg/L",11.875
"09/18/1978","S65E","SODIUM","mg/L",9.44
"02/20/1979","S65E","SODIUM","mg/L",11.165
"07/17/1979","S65E","SODIUM","mg/L",8.51
"02/19/1980","S65E","SODIUM","mg/L",11.42
"08/04/1980","S65E","SODIUM","mg/L",11.315
"08/20/1980","S65E","SODIUM","mg/L",11.75
"02/11/1981","S65E","SODIUM","mg/L",20.06
"07/28/1981","S65E","SODIUM","mg/L",18.62
"02/16/1982","S65E","SODIUM","mg/L",19.8
"02/24/1982","S65E","SODIUM","mg/L",29.9
"07/01/1982","S65E","SODIUM","mg/L",12.5
"08/02/1982","S65E","SODIUM","mg/L",10.9
"08/25/1982","S65E","SODIUM","mg/L",10.8666666666667
"10/20/1982","S65E","SODIUM","mg/L",11.1666666666667
"12/22/1982","S65E","SODIUM","mg/L",10.3
"02/15/1983","S65E","SODIUM","mg/L",11.4
"04/15/1983","S65E","SODIUM","mg/L",52
"08/03/1983","S65E","SODIUM","mg/L",10.1
"09/12/1983","S65E","SODIUM","mg/L",10.1
"01/04/1984","S65E","SODIUM","mg/L",10.9
"02/23/1984","S65E","SODIUM","mg/L",8.5
"02/29/1984","S65E","SODIUM","mg/L",11.8
"08/13/1984","S65E","SODIUM","mg/L",7.6
"08/22/1984","S65E","SODIUM","mg/L",10.9
"02/20/1985","S65E","SODIUM","mg/L",17
"02/26/1985","S65E","SODIUM","mg/L",16.4
"05/20/1985","S65E","SODIUM","mg/L",13.7
"08/27/1985","S65E","SODIUM","mg/L",11.2
"09/19/1985","S65E","SODIUM","mg/L",13.4
"02/12/1986","S65E","SODIUM","mg/L",15.7
"02/18/1986","S65E","SODIUM","mg/L",14.7
"05/20/1986","S65E","SODIUM","mg/L",17.7
"08/14/1986","S65E","SODIUM","mg/L",11.8
"09/23/1986","S65E","SODIUM","mg/L",10.3
"11/18/1986","S65E","SODIUM","mg/L",12
"02/18/1987","S65E","SODIUM","mg/L",26.7
"02/19/1987","S65E","SODIUM","mg/L",14.9
"05/26/1987","S65E","SODIUM","mg/L",16.4
"07/30/1987","S65E","SODIUM","mg/L",13.1
"08/18/1987","S65E","SODIUM","mg/L",15
"11/24/1987","S65E","SODIUM","mg/L",18.8
"02/04/1988","S65E","SODIUM","mg/L",15.01
"02/16/1988","S65E","SODIUM","mg/L",20.14
"05/24/1988","S65E","SODIUM","mg/L",13.15
"08/15/1988","S65E","SODIUM","mg/L",12.55
"11/22/1988","S65E","SODIUM","mg/L",20.36
"02/13/1989","S65E","SODIUM","mg/L",15.85
"02/28/1989","S65E","SODIUM","mg/L",16.44
"05/24/1989","S65E","SODIUM","mg/L",11.61
"08/28/1989","S65E","SODIUM","mg/L",13.78
"08/29/1989","S65E","SODIUM","mg/L",13.09
"11/20/1989","S65E","SODIUM","mg/L",11.57
"02/20/1990","S65E","SODIUM","mg/L",13.76
"02/28/1990","S65E","SODIUM","mg/L",13.38
"08/27/1990","S65E","SODIUM","mg/L",8.05
"11/20/1990","S65E","SODIUM","mg/L",12.02
"02/26/1991","S65E","SODIUM","mg/L",12.75
"08/12/1991","S65E","SODIUM","mg/L",17.18
"08/28/1991","S65E","SODIUM","mg/L",11.54
"11/20/1991","S65E","SODIUM","mg/L",24.09
"02/11/1992","S65E","SODIUM","mg/L",10.5
"05/19/1992","S65E","SODIUM","mg/L",15.1
"07/08/1992","S65E","SODIUM","mg/L",29
"08/26/1992","S65E","SODIUM","mg/L",14.2
"11/18/1992","S65E","SODIUM","mg/L",11.9
"02/23/1993","S65E","SODIUM","mg/L",19.7
"05/20/1993","S65E","SODIUM","mg/L",13.9
"08/10/1993","S65E","SODIUM","mg/L",21.7
"10/05/1993","S65E","SODIUM","mg/L",15
"11/16/1993","S65E","SODIUM","mg/L",15.3
"02/08/1994","S65E","SODIUM","mg/L",19.6
"02/15/1994","S65E","SODIUM","mg/L",19.4
"05/17/1994","S65E","SODIUM","mg/L",12
"08/23/1994","S65E","SODIUM","mg/L",9.6
"02/21/1995","S65E","SODIUM","mg/L",10
"08/08/1995","S65E","SODIUM","mg/L",9.1
"02/06/1996","S65E","SODIUM","mg/L",8.255
"05/20/1996","S65E","SODIUM","mg/L",10.25
"09/17/1996","S65E","SODIUM","mg/L",6.175
"11/04/1996","S65E","SODIUM","mg/L",11.1
"02/24/1997","S65E","SODIUM","mg/L",11.1
"03/18/1997","S65E","SODIUM","mg/L",11.4
"05/19/1997","S65E","SODIUM","mg/L",10.4
"09/16/1997","S65E","SODIUM","mg/L",12
"12/23/1997","S65E","SODIUM","mg/L",10.9
"02/18/1998","S65E","SODIUM","mg/L",10.1
"03/17/1998","S65E","SODIUM","mg/L",8.2
"05/18/1998","S65E","SODIUM","mg/L",12
"06/23/1998","S65E","SODIUM","mg/L",12.9
"08/24/1998","S65E","SODIUM","mg/L",9.8
"09/15/1998","S65E","SODIUM","mg/L",9.4
"09/29/1998","S65E","SODIUM","mg/L",7.9
"12/08/1998","S65E","SODIUM","mg/L",11.1
"01/25/1999","S65E","SODIUM","mg/L",12.4
"03/30/1999","S65E","SODIUM","mg/L",10.5
"04/19/1999","S65E","SODIUM","mg/L",12.5
"06/22/1999","S65E","SODIUM","mg/L",12.069
"07/26/1999","S65E","SODIUM","mg/L",10.918
"09/16/1999","S65E","SODIUM","mg/L",6.1298
"10/18/1999","S65E","SODIUM","mg/L",11.04
"12/07/1999","S65E","SODIUM","mg/L",6.6335
"01/24/2000","S65E","SODIUM","mg/L",11.095
"03/14/2000","S65E","SODIUM","mg/L",13.915
"04/17/2000","S65E","SODIUM","mg/L",12.197
"06/06/2000","S65E","SODIUM","mg/L",15.85
"07/25/2000","S65E","SODIUM","mg/L",16.25
"09/12/2000","S65E","SODIUM","mg/L",15.321
"10/16/2000","S65E","SODIUM","mg/L",14.096
"12/05/2000","S65E","SODIUM","mg/L",20.2
"01/22/2001","S65E","SODIUM","mg/L",17.157
"03/27/2001","S65E","SODIUM","mg/L",19.268
"04/16/2001","S65E","SODIUM","mg/L",10.3895
"06/19/2001","S65E","SODIUM","mg/L",10.985
"07/16/2001","S65E","SODIUM","mg/L",23.0385
"09/11/2001","S65E","SODIUM","mg/L",9.5124
"10/08/2001","S65E","SODIUM","mg/L",13.603
"12/04/2001","S65E","SODIUM","mg/L",6.5595
"03/12/2002","S65E","SODIUM","mg/L",14.073
"03/18/2002","S65E","SODIUM","mg/L",7.5145
"06/18/2002","S65E","SODIUM","mg/L",4.48166666666667
"06/24/2002","S65E","SODIUM","mg/L",9.2295
"08/13/2002","S65E","SODIUM","mg/L",13.316
"09/16/2002","S65E","SODIUM","mg/L",6.5445
"09/24/2002","S65E","SODIUM","mg/L",5.2875
"12/17/2002","S65E","SODIUM","mg/L",5.767
"12/30/2002","S65E","SODIUM","mg/L",10.7985
"03/11/2003","S65E","SODIUM","mg/L",13.02
"03/24/2003","S65E","SODIUM","mg/L",12.589
"06/16/2003","S65E","SODIUM","mg/L",12.108
"06/17/2003","S65E","SODIUM","mg/L",5.927
"09/09/2003","S65E","SODIUM","mg/L",3.9
"09/15/2003","S65E","SODIUM","mg/L",8
"12/02/2003","S65E","SODIUM","mg/L",9.4
"12/15/2003","S65E","SODIUM","mg/L",5.56666666666667
"03/09/2004","S65E","SODIUM","mg/L",11.6
"03/15/2004","S65E","SODIUM","mg/L",11.5
"05/17/2004","S65E","SODIUM","mg/L",12.1
"07/06/2004","S65E","SODIUM","mg/L",6.3
"08/23/2004","S65E","SODIUM","mg/L",5.8
"10/26/2004","S65E","SODIUM","mg/L",2.43333333333333
"12/21/2004","S65E","SODIUM","mg/L",3.85
"02/14/2005","S65E","SODIUM","mg/L",9
"05/16/2005","S65E","SODIUM","mg/L",5.1
"06/07/2005","S65E","SODIUM","mg/L",2.76666666666667
"08/22/2005","S65E","SODIUM","mg/L",7.9
"09/12/2005","S65E","SODIUM","mg/L",4.1
"11/14/2005","S65E","SODIUM","mg/L",6.7
"02/21/2006","S65E","SODIUM","mg/L",5.25
"03/13/2006","S65E","SODIUM","mg/L",4.55
"05/22/2006","S65E","SODIUM","mg/L",9.5
"06/06/2006","S65E","SODIUM","mg/L",5.38
"08/21/2006","S65E","SODIUM","mg/L",11.2
"09/11/2006","S65E","SODIUM","mg/L",2.23333333333333
"11/27/2006","S65E","SODIUM","mg/L",10.8
"12/19/2006","S65E","SODIUM","mg/L",8.45
"02/26/2007","S65E","SODIUM","mg/L",12.1
"03/13/2007","S65E","SODIUM","mg/L",9.95
"05/21/2007","S65E","SODIUM","mg/L",19.9
"06/05/2007","S65E","SODIUM","mg/L",12.1
"08/20/2007","S65E","SODIUM","mg/L",9.05
"09/04/2007","S65E","SODIUM","mg/L",6.3
"11/26/2007","S65E","SODIUM","mg/L",14.6
"12/03/2007","S65E","SODIUM","mg/L",8.92
"02/20/2008","S65E","SODIUM","mg/L",16.4
"03/03/2008","S65E","SODIUM","mg/L",10.06
"05/28/2008","S65E","SODIUM","mg/L",17.2
"06/03/2008","S65E","SODIUM","mg/L",10.56
"08/28/2008","S65E","SODIUM","mg/L",8.3
"09/08/2008","S65E","SODIUM","mg/L",10.32
"11/19/2008","S65E","SODIUM","mg/L",14.6
"12/10/2008","S65E","SODIUM","mg/L",7.25
"02/18/2009","S65E","SODIUM","mg/L",14.9
"03/03/2009","S65E","SODIUM","mg/L",11.1
"05/20/2009","S65E","SODIUM","mg/L",15.2
"06/16/2009","S65E","SODIUM","mg/L",5
"08/26/2009","S65E","SODIUM","mg/L",12.6
"09/22/2009","S65E","SODIUM","mg/L",6.56
"11/18/2009","S65E","SODIUM","mg/L",5.4
"12/16/2009","S65E","SODIUM","mg/L",6.1
"02/24/2010","S65E","SODIUM","mg/L",12.5
"03/15/2010","S65E","SODIUM","mg/L",8.24
"05/26/2010","S65E","SODIUM","mg/L",11.6
"06/07/2010","S65E","SODIUM","mg/L",8.925
"08/18/2010","S65E","SODIUM","mg/L",14.8
"09/14/2010","S65E","SODIUM","mg/L",12.1
"11/17/2010","S65E","SODIUM","mg/L",11.9
"12/09/2010","S65E","SODIUM","mg/L",13
"02/17/2011","S65E","SODIUM","mg/L",15.7
"03/09/2011","S65E","SODIUM","mg/L",15.5333333333333
"05/18/2011","S65E","SODIUM","mg/L",12.1
"06/08/2011","S65E","SODIUM","mg/L",12.7
"08/24/2011","S65E","SODIUM","mg/L",14.6
"09/14/2011","S65E","SODIUM","mg/L",12.3666666666667
"11/16/2011","S65E","SODIUM","mg/L",10.8
"12/07/2011","S65E","SODIUM","mg/L",12.2
"02/22/2012","S65E","SODIUM","mg/L",10.7
"03/14/2012","S65E","SODIUM","mg/L",11.3
"05/16/2012","S65E","SODIUM","mg/L",12.9
"06/06/2012","S65E","SODIUM","mg/L",13.1
"08/08/2012","S65E","SODIUM","mg/L",17.3
"09/05/2012","S65E","SODIUM","mg/L",8.9
"11/14/2012","S65E","SODIUM","mg/L",12.9
"12/05/2012","S65E","SODIUM","mg/L",14.2
"02/06/2013","S65E","SODIUM","mg/L",14.6
"02/13/2013","S65E","SODIUM","mg/L",14.8
"05/08/2013","S65E","SODIUM","mg/L",15.6
"08/07/2013","S65E","SODIUM","mg/L",12.5
"08/14/2013","S65E","SODIUM","mg/L",10.9
"11/04/2013","S65E","SODIUM","mg/L",11.7
"11/06/2013","S65E","SODIUM","mg/L",13.4
"02/03/2014","S65E","SODIUM","mg/L",13.9
"02/12/2014","S65E","SODIUM","mg/L",17.3
"04/23/2014","S65E","SODIUM","mg/L",13.1
"05/05/2014","S65E","SODIUM","mg/L",13.5
"08/13/2014","S65E","SODIUM","mg/L",11.2
"08/18/2014","S65E","SODIUM","mg/L",10.6
"11/03/2014","S65E","SODIUM","mg/L",12.6
"11/05/2014","S65E","SODIUM","mg/L",11.6
"02/02/2015","S65E","SODIUM","mg/L",11.3
"02/11/2015","S65E","SODIUM","mg/L",12
"05/04/2015","S65E","SODIUM","mg/L",11.4
"05/06/2015","S65E","SODIUM","mg/L",11.5
"08/03/2015","S65E","SODIUM","mg/L",12.4
"08/12/2015","S65E","SODIUM","mg/L",12.7333333333333
"10/26/2015","S65E","SODIUM","mg/L",10.4
"11/04/2015","S65E","SODIUM","mg/L",10.7
"01/20/2016","S65E","SODIUM","mg/L",14.6
"04/11/2016","S65E","SODIUM","mg/L",11.1
"07/06/2016","S65E","SODIUM","mg/L",10.1
"09/26/2016","S65E","SODIUM","mg/L",9.4
"12/19/2016","S65E","SODIUM","mg/L",11
"03/13/2017","S65E","SODIUM","mg/L",11.2
"03/20/2017","S65E","SODIUM","mg/L",10.7333333333333
"06/12/2017","S65E","SODIUM","mg/L",13.2
"12/18/2017","S65E","SODIUM","mg/L",11.8
"04/09/2018","S65E","SODIUM","mg/L",12.4
"06/04/2018","S65E","SODIUM","mg/L",17
"08/06/2018","S65E","SODIUM","mg/L",11.8
"11/26/2018","S65E","SODIUM","mg/L",11.8333333333333
"03/04/2019","S65E","SODIUM","mg/L",12.2666666666667
"03/06/2019","S65E","SODIUM","mg/L",12.1
"04/08/2019","S65E","SODIUM","mg/L",13.6
"07/01/2019","S65E","SODIUM","mg/L",8.2
"10/21/2019","S65E","SODIUM","mg/L",13.7
"01/13/2020","S65E","SODIUM","mg/L",20.8
"04/06/2020","S65E","SODIUM","mg/L",12.9
"07/13/2020","S65E","SODIUM","mg/L",13.6
"11/16/2020","S65E","SODIUM","mg/L",14.6
"01/11/2021","S65E","SODIUM","mg/L",13.4
"04/19/2021","S65E","SODIUM","mg/L",13.5
"07/12/2021","S65E","SODIUM","mg/L",15.9
"10/18/2021","S65E","SODIUM","mg/L",14.2
"01/10/2022","S65E","SODIUM","mg/L",16.1
"03/07/2022","S65E","SODIUM","mg/L",15.6
"05/02/2022","S65E","SODIUM","mg/L",16.7
"07/25/2022","S65E","SODIUM","mg/L",18
"10/03/2022","S65E","SODIUM","mg/L",12.6
"01/09/2023","S65E","SODIUM","mg/L",11.8
"06/13/1973","S65E","SP CONDUCTIVITY, FIELD","uS/cm",185
"07/16/1973","S65E","SP CONDUCTIVITY, FIELD","uS/cm",150
"08/29/1973","S65E","SP CONDUCTIVITY, FIELD","uS/cm",130
"10/02/1973","S65E","SP CONDUCTIVITY, FIELD","uS/cm",105
"11/07/1973","S65E","SP CONDUCTIVITY, FIELD","uS/cm",190
"12/05/1973","S65E","SP CONDUCTIVITY, FIELD","uS/cm",235
"01/08/1974","S65E","SP CONDUCTIVITY, FIELD","uS/cm",282.5
"02/12/1974","S65E","SP CONDUCTIVITY, FIELD","uS/cm",250
"03/05/1974","S65E","SP CONDUCTIVITY, FIELD","uS/cm",172.5
"03/25/1974","S65E","SP CONDUCTIVITY, FIELD","uS/cm",220
"04/02/1974","S65E","SP CONDUCTIVITY, FIELD","uS/cm",190
"04/08/1974","S65E","SP CONDUCTIVITY, FIELD","uS/cm",265
"04/22/1974","S65E","SP CONDUCTIVITY, FIELD","uS/cm",255
"05/07/1974","S65E","SP CONDUCTIVITY, FIELD","uS/cm",120
"06/11/1974","S65E","SP CONDUCTIVITY, FIELD","uS/cm",195
"07/09/1974","S65E","SP CONDUCTIVITY, FIELD","uS/cm",112.5
"08/13/1974","S65E","SP CONDUCTIVITY, FIELD","uS/cm",117.5
"09/10/1974","S65E","SP CONDUCTIVITY, FIELD","uS/cm",120
"10/08/1974","S65E","SP CONDUCTIVITY, FIELD","uS/cm",115
"11/05/1974","S65E","SP CONDUCTIVITY, FIELD","uS/cm",170
"12/10/1974","S65E","SP CONDUCTIVITY, FIELD","uS/cm",230
"01/07/1975","S65E","SP CONDUCTIVITY, FIELD","uS/cm",235
"02/04/1975","S65E","SP CONDUCTIVITY, FIELD","uS/cm",312.5
"03/05/1975","S65E","SP CONDUCTIVITY, FIELD","uS/cm",337.5
"04/08/1975","S65E","SP CONDUCTIVITY, FIELD","uS/cm",315
"05/06/1975","S65E","SP CONDUCTIVITY, FIELD","uS/cm",155
"06/03/1975","S65E","SP CONDUCTIVITY, FIELD","uS/cm",142.5
"07/15/1975","S65E","SP CONDUCTIVITY, FIELD","uS/cm",200
"08/12/1975","S65E","SP CONDUCTIVITY, FIELD","uS/cm",220
"09/12/1975","S65E","SP CONDUCTIVITY, FIELD","uS/cm",172.5
"10/27/1975","S65E","SP CONDUCTIVITY, FIELD","uS/cm",220
"10/28/1975","S65E","SP CONDUCTIVITY, FIELD","uS/cm",135
"02/12/1976","S65E","SP CONDUCTIVITY, FIELD","uS/cm",167.5
"05/11/1976","S65E","SP CONDUCTIVITY, FIELD","uS/cm",140
"06/22/1976","S65E","SP CONDUCTIVITY, FIELD","uS/cm",140
"07/20/1976","S65E","SP CONDUCTIVITY, FIELD","uS/cm",125
"08/24/1976","S65E","SP CONDUCTIVITY, FIELD","uS/cm",100
"09/21/1976","S65E","SP CONDUCTIVITY, FIELD","uS/cm",120
"10/19/1976","S65E","SP CONDUCTIVITY, FIELD","uS/cm",100
"12/06/1976","S65E","SP CONDUCTIVITY, FIELD","uS/cm",147.5
"01/25/1977","S65E","SP CONDUCTIVITY, FIELD","uS/cm",117
"03/21/1977","S65E","SP CONDUCTIVITY, FIELD","uS/cm",140
"05/23/1977","S65E","SP CONDUCTIVITY, FIELD","uS/cm",270
"07/25/1977","S65E","SP CONDUCTIVITY, FIELD","uS/cm",390
"09/20/1977","S65E","SP CONDUCTIVITY, FIELD","uS/cm",262.5
"12/01/1977","S65E","SP CONDUCTIVITY, FIELD","uS/cm",217.5
"01/24/1978","S65E","SP CONDUCTIVITY, FIELD","uS/cm",164.5
"03/21/1978","S65E","SP CONDUCTIVITY, FIELD","uS/cm",169
"05/30/1978","S65E","SP CONDUCTIVITY, FIELD","uS/cm",180
"06/21/1978","S65E","SP CONDUCTIVITY, FIELD","uS/cm",174
"07/25/1978","S65E","SP CONDUCTIVITY, FIELD","uS/cm",155.5
"08/22/1978","S65E","SP CONDUCTIVITY, FIELD","uS/cm",120
"09/18/1978","S65E","SP CONDUCTIVITY, FIELD","uS/cm",135
"10/17/1978","S65E","SP CONDUCTIVITY, FIELD","uS/cm",165
"10/23/1978","S65E","SP CONDUCTIVITY, FIELD","uS/cm",140
"11/14/1978","S65E","SP CONDUCTIVITY, FIELD","uS/cm",175
"11/20/1978","S65E","SP CONDUCTIVITY, FIELD","uS/cm",162
"12/04/1978","S65E","SP CONDUCTIVITY, FIELD","uS/cm",180
"12/12/1978","S65E","SP CONDUCTIVITY, FIELD","uS/cm",191
"12/19/1978","S65E","SP CONDUCTIVITY, FIELD","uS/cm",180
"01/08/1979","S65E","SP CONDUCTIVITY, FIELD","uS/cm",165
"01/22/1979","S65E","SP CONDUCTIVITY, FIELD","uS/cm",96
"01/23/1979","S65E","SP CONDUCTIVITY, FIELD","uS/cm",115
"02/05/1979","S65E","SP CONDUCTIVITY, FIELD","uS/cm",130
"02/20/1979","S65E","SP CONDUCTIVITY, FIELD","uS/cm",153.333333333333
"03/05/1979","S65E","SP CONDUCTIVITY, FIELD","uS/cm",188
"03/19/1979","S65E","SP CONDUCTIVITY, FIELD","uS/cm",153.333333333333
"04/02/1979","S65E","SP CONDUCTIVITY, FIELD","uS/cm",146
"04/16/1979","S65E","SP CONDUCTIVITY, FIELD","uS/cm",200
"04/24/1979","S65E","SP CONDUCTIVITY, FIELD","uS/cm",200
"04/30/1979","S65E","SP CONDUCTIVITY, FIELD","uS/cm",195
"05/14/1979","S65E","SP CONDUCTIVITY, FIELD","uS/cm",220
"05/22/1979","S65E","SP CONDUCTIVITY, FIELD","uS/cm",195
"05/29/1979","S65E","SP CONDUCTIVITY, FIELD","uS/cm",190
"06/11/1979","S65E","SP CONDUCTIVITY, FIELD","uS/cm",190
"06/18/1979","S65E","SP CONDUCTIVITY, FIELD","uS/cm",230
"06/25/1979","S65E","SP CONDUCTIVITY, FIELD","uS/cm",210
"07/09/1979","S65E","SP CONDUCTIVITY, FIELD","uS/cm",195
"07/17/1979","S65E","SP CONDUCTIVITY, FIELD","uS/cm",156.5
"07/23/1979","S65E","SP CONDUCTIVITY, FIELD","uS/cm",170
"08/06/1979","S65E","SP CONDUCTIVITY, FIELD","uS/cm",165
"08/20/1979","S65E","SP CONDUCTIVITY, FIELD","uS/cm",105
"08/21/1979","S65E","SP CONDUCTIVITY, FIELD","uS/cm",133.5
"09/05/1979","S65E","SP CONDUCTIVITY, FIELD","uS/cm",120
"09/18/1979","S65E","SP CONDUCTIVITY, FIELD","uS/cm",80.3333333333333
"10/01/1979","S65E","SP CONDUCTIVITY, FIELD","uS/cm",142
"10/02/1979","S65E","SP CONDUCTIVITY, FIELD","uS/cm",123
"10/15/1979","S65E","SP CONDUCTIVITY, FIELD","uS/cm",122
"10/29/1979","S65E","SP CONDUCTIVITY, FIELD","uS/cm",110
"11/13/1979","S65E","SP CONDUCTIVITY, FIELD","uS/cm",145
"12/11/1979","S65E","SP CONDUCTIVITY, FIELD","uS/cm",164
"01/08/1980","S65E","SP CONDUCTIVITY, FIELD","uS/cm",140
"01/22/1980","S65E","SP CONDUCTIVITY, FIELD","uS/cm",140
"02/19/1980","S65E","SP CONDUCTIVITY, FIELD","uS/cm",150
"03/04/1980","S65E","SP CONDUCTIVITY, FIELD","uS/cm",140
"03/18/1980","S65E","SP CONDUCTIVITY, FIELD","uS/cm",120
"04/02/1980","S65E","SP CONDUCTIVITY, FIELD","uS/cm",130
"04/16/1980","S65E","SP CONDUCTIVITY, FIELD","uS/cm",140
"04/30/1980","S65E","SP CONDUCTIVITY, FIELD","uS/cm",150
"05/13/1980","S65E","SP CONDUCTIVITY, FIELD","uS/cm",146
"05/28/1980","S65E","SP CONDUCTIVITY, FIELD","uS/cm",170
"06/09/1980","S65E","SP CONDUCTIVITY, FIELD","uS/cm",160
"06/25/1980","S65E","SP CONDUCTIVITY, FIELD","uS/cm",160
"07/08/1980","S65E","SP CONDUCTIVITY, FIELD","uS/cm",177
"07/24/1980","S65E","SP CONDUCTIVITY, FIELD","uS/cm",178
"08/04/1980","S65E","SP CONDUCTIVITY, FIELD","uS/cm",182.5
"08/20/1980","S65E","SP CONDUCTIVITY, FIELD","uS/cm",170
"09/02/1980","S65E","SP CONDUCTIVITY, FIELD","uS/cm",181
"09/03/1980","S65E","SP CONDUCTIVITY, FIELD","uS/cm",170
"09/17/1980","S65E","SP CONDUCTIVITY, FIELD","uS/cm",140
"09/30/1980","S65E","SP CONDUCTIVITY, FIELD","uS/cm",160
"10/01/1980","S65E","SP CONDUCTIVITY, FIELD","uS/cm",130
"10/14/1980","S65E","SP CONDUCTIVITY, FIELD","uS/cm",140
"10/28/1980","S65E","SP CONDUCTIVITY, FIELD","uS/cm",160
"10/29/1980","S65E","SP CONDUCTIVITY, FIELD","uS/cm",140
"11/12/1980","S65E","SP CONDUCTIVITY, FIELD","uS/cm",160
"11/25/1980","S65E","SP CONDUCTIVITY, FIELD","uS/cm",205
"12/02/1980","S65E","SP CONDUCTIVITY, FIELD","uS/cm",190
"12/23/1980","S65E","SP CONDUCTIVITY, FIELD","uS/cm",205
"12/31/1980","S65E","SP CONDUCTIVITY, FIELD","uS/cm",180
"01/14/1981","S65E","SP CONDUCTIVITY, FIELD","uS/cm",179
"01/20/1981","S65E","SP CONDUCTIVITY, FIELD","uS/cm",205
"01/27/1981","S65E","SP CONDUCTIVITY, FIELD","uS/cm",229
"02/11/1981","S65E","SP CONDUCTIVITY, FIELD","uS/cm",294
"02/24/1981","S65E","SP CONDUCTIVITY, FIELD","uS/cm",249
"03/11/1981","S65E","SP CONDUCTIVITY, FIELD","uS/cm",244
"03/24/1981","S65E","SP CONDUCTIVITY, FIELD","uS/cm",279
"04/08/1981","S65E","SP CONDUCTIVITY, FIELD","uS/cm",282
"04/21/1981","S65E","SP CONDUCTIVITY, FIELD","uS/cm",286
"05/06/1981","S65E","SP CONDUCTIVITY, FIELD","uS/cm",293
"05/11/1981","S65E","SP CONDUCTIVITY, FIELD","uS/cm",300
"05/19/1981","S65E","SP CONDUCTIVITY, FIELD","uS/cm",281
"06/02/1981","S65E","SP CONDUCTIVITY, FIELD","uS/cm",293
"06/08/1981","S65E","SP CONDUCTIVITY, FIELD","uS/cm",249
"06/17/1981","S65E","SP CONDUCTIVITY, FIELD","uS/cm",295
"06/30/1981","S65E","SP CONDUCTIVITY, FIELD","uS/cm",356
"07/16/1981","S65E","SP CONDUCTIVITY, FIELD","uS/cm",301
"07/28/1981","S65E","SP CONDUCTIVITY, FIELD","uS/cm",327
"08/03/1981","S65E","SP CONDUCTIVITY, FIELD","uS/cm",264
"08/12/1981","S65E","SP CONDUCTIVITY, FIELD","uS/cm",315
"08/25/1981","S65E","SP CONDUCTIVITY, FIELD","uS/cm",250
"09/10/1981","S65E","SP CONDUCTIVITY, FIELD","uS/cm",283
"09/23/1981","S65E","SP CONDUCTIVITY, FIELD","uS/cm",181
"10/06/1981","S65E","SP CONDUCTIVITY, FIELD","uS/cm",172
"10/20/1981","S65E","SP CONDUCTIVITY, FIELD","uS/cm",175
"11/04/1981","S65E","SP CONDUCTIVITY, FIELD","uS/cm",212
"11/23/1981","S65E","SP CONDUCTIVITY, FIELD","uS/cm",353
"12/02/1981","S65E","SP CONDUCTIVITY, FIELD","uS/cm",230
"02/24/1982","S65E","SP CONDUCTIVITY, FIELD","uS/cm",406
"03/09/1982","S65E","SP CONDUCTIVITY, FIELD","uS/cm",400
"04/05/1982","S65E","SP CONDUCTIVITY, FIELD","uS/cm",272
"04/19/1982","S65E","SP CONDUCTIVITY, FIELD","uS/cm",247
"05/04/1982","S65E","SP CONDUCTIVITY, FIELD","uS/cm",204
"05/18/1982","S65E","SP CONDUCTIVITY, FIELD","uS/cm",219
"06/01/1982","S65E","SP CONDUCTIVITY, FIELD","uS/cm",260
"06/14/1982","S65E","SP CONDUCTIVITY, FIELD","uS/cm",193
"07/01/1982","S65E","SP CONDUCTIVITY, FIELD","uS/cm",163
"07/12/1982","S65E","SP CONDUCTIVITY, FIELD","uS/cm",255
"07/27/1982","S65E","SP CONDUCTIVITY, FIELD","uS/cm",255
"08/09/1982","S65E","SP CONDUCTIVITY, FIELD","uS/cm",154
"08/25/1982","S65E","SP CONDUCTIVITY, FIELD","uS/cm",155
"09/09/1982","S65E","SP CONDUCTIVITY, FIELD","uS/cm",163
"09/21/1982","S65E","SP CONDUCTIVITY, FIELD","uS/cm",135
"10/05/1982","S65E","SP CONDUCTIVITY, FIELD","uS/cm",147
"10/20/1982","S65E","SP CONDUCTIVITY, FIELD","uS/cm",158
"11/01/1982","S65E","SP CONDUCTIVITY, FIELD","uS/cm",172
"11/22/1982","S65E","SP CONDUCTIVITY, FIELD","uS/cm",180
"12/06/1982","S65E","SP CONDUCTIVITY, FIELD","uS/cm",187
"12/22/1982","S65E","SP CONDUCTIVITY, FIELD","uS/cm",177
"01/04/1983","S65E","SP CONDUCTIVITY, FIELD","uS/cm",179
"01/18/1983","S65E","SP CONDUCTIVITY, FIELD","uS/cm",197
"02/01/1983","S65E","SP CONDUCTIVITY, FIELD","uS/cm",271
"02/17/1983","S65E","SP CONDUCTIVITY, FIELD","uS/cm",191
"03/02/1983","S65E","SP CONDUCTIVITY, FIELD","uS/cm",180
"03/15/1983","S65E","SP CONDUCTIVITY, FIELD","uS/cm",155
"03/29/1983","S65E","SP CONDUCTIVITY, FIELD","uS/cm",170
"04/15/1983","S65E","SP CONDUCTIVITY, FIELD","uS/cm",152
"04/26/1983","S65E","SP CONDUCTIVITY, FIELD","uS/cm",157
"05/12/1983","S65E","SP CONDUCTIVITY, FIELD","uS/cm",157
"05/24/1983","S65E","SP CONDUCTIVITY, FIELD","uS/cm",164
"06/07/1983","S65E","SP CONDUCTIVITY, FIELD","uS/cm",176
"06/21/1983","S65E","SP CONDUCTIVITY, FIELD","uS/cm",180
"07/06/1983","S65E","SP CONDUCTIVITY, FIELD","uS/cm",186
"07/19/1983","S65E","SP CONDUCTIVITY, FIELD","uS/cm",152
"08/02/1983","S65E","SP CONDUCTIVITY, FIELD","uS/cm",137
"08/16/1983","S65E","SP CONDUCTIVITY, FIELD","uS/cm",257
"08/30/1983","S65E","SP CONDUCTIVITY, FIELD","uS/cm",90
"09/12/1983","S65E","SP CONDUCTIVITY, FIELD","uS/cm",98
"09/27/1983","S65E","SP CONDUCTIVITY, FIELD","uS/cm",110
"10/10/1983","S65E","SP CONDUCTIVITY, FIELD","uS/cm",146
"11/21/1983","S65E","SP CONDUCTIVITY, FIELD","uS/cm",202
"12/20/1983","S65E","SP CONDUCTIVITY, FIELD","uS/cm",164
"01/04/1984","S65E","SP CONDUCTIVITY, FIELD","uS/cm",153
"01/17/1984","S65E","SP CONDUCTIVITY, FIELD","uS/cm",161
"01/31/1984","S65E","SP CONDUCTIVITY, FIELD","uS/cm",151
"02/14/1984","S65E","SP CONDUCTIVITY, FIELD","uS/cm",182
"02/29/1984","S65E","SP CONDUCTIVITY, FIELD","uS/cm",172
"03/13/1984","S65E","SP CONDUCTIVITY, FIELD","uS/cm",178
"03/27/1984","S65E","SP CONDUCTIVITY, FIELD","uS/cm",179
"04/09/1984","S65E","SP CONDUCTIVITY, FIELD","uS/cm",145
"04/25/1984","S65E","SP CONDUCTIVITY, FIELD","uS/cm",148
"06/04/1984","S65E","SP CONDUCTIVITY, FIELD","uS/cm",159
"06/19/1984","S65E","SP CONDUCTIVITY, FIELD","uS/cm",162
"07/31/1984","S65E","SP CONDUCTIVITY, FIELD","uS/cm",119
"08/13/1984","S65E","SP CONDUCTIVITY, FIELD","uS/cm",139
"08/27/1984","S65E","SP CONDUCTIVITY, FIELD","uS/cm",149
"09/10/1984","S65E","SP CONDUCTIVITY, FIELD","uS/cm",138
"09/25/1984","S65E","SP CONDUCTIVITY, FIELD","uS/cm",157
"10/09/1984","S65E","SP CONDUCTIVITY, FIELD","uS/cm",165
"10/23/1984","S65E","SP CONDUCTIVITY, FIELD","uS/cm",162
"11/06/1984","S65E","SP CONDUCTIVITY, FIELD","uS/cm",170
"11/14/1984","S65E","SP CONDUCTIVITY, FIELD","uS/cm",158
"12/04/1984","S65E","SP CONDUCTIVITY, FIELD","uS/cm",250
"12/18/1984","S65E","SP CONDUCTIVITY, FIELD","uS/cm",171
"01/15/1985","S65E","SP CONDUCTIVITY, FIELD","uS/cm",188
"02/26/1985","S65E","SP CONDUCTIVITY, FIELD","uS/cm",238
"03/26/1985","S65E","SP CONDUCTIVITY, FIELD","uS/cm",340
"04/23/1985","S65E","SP CONDUCTIVITY, FIELD","uS/cm",316
"05/06/1985","S65E","SP CONDUCTIVITY, FIELD","uS/cm",237
"05/20/1985","S65E","SP CONDUCTIVITY, FIELD","uS/cm",180
"06/19/1985","S65E","SP CONDUCTIVITY, FIELD","uS/cm",198
"07/02/1985","S65E","SP CONDUCTIVITY, FIELD","uS/cm",200
"07/30/1985","S65E","SP CONDUCTIVITY, FIELD","uS/cm",189
"08/27/1985","S65E","SP CONDUCTIVITY, FIELD","uS/cm",160
"09/09/1985","S65E","SP CONDUCTIVITY, FIELD","uS/cm",149
"09/24/1985","S65E","SP CONDUCTIVITY, FIELD","uS/cm",161
"10/08/1985","S65E","SP CONDUCTIVITY, FIELD","uS/cm",137
"10/22/1985","S65E","SP CONDUCTIVITY, FIELD","uS/cm",165
"11/05/1985","S65E","SP CONDUCTIVITY, FIELD","uS/cm",173
"12/03/1985","S65E","SP CONDUCTIVITY, FIELD","uS/cm",187
"12/12/1985","S65E","SP CONDUCTIVITY, FIELD","uS/cm",198
"01/14/1986","S65E","SP CONDUCTIVITY, FIELD","uS/cm",184
"01/16/1986","S65E","SP CONDUCTIVITY, FIELD","uS/cm",139
"01/28/1986","S65E","SP CONDUCTIVITY, FIELD","uS/cm",185
"02/12/1986","S65E","SP CONDUCTIVITY, FIELD","uS/cm",183
"02/18/1986","S65E","SP CONDUCTIVITY, FIELD","uS/cm",187
"02/25/1986","S65E","SP CONDUCTIVITY, FIELD","uS/cm",175
"03/25/1986","S65E","SP CONDUCTIVITY, FIELD","uS/cm",185
"04/08/1986","S65E","SP CONDUCTIVITY, FIELD","uS/cm",182
"04/15/1986","S65E","SP CONDUCTIVITY, FIELD","uS/cm",190
"04/22/1986","S65E","SP CONDUCTIVITY, FIELD","uS/cm",189
"05/06/1986","S65E","SP CONDUCTIVITY, FIELD","uS/cm",193
"05/20/1986","S65E","SP CONDUCTIVITY, FIELD","uS/cm",188
"06/04/1986","S65E","SP CONDUCTIVITY, FIELD","uS/cm",190
"06/19/1986","S65E","SP CONDUCTIVITY, FIELD","uS/cm",205
"07/01/1986","S65E","SP CONDUCTIVITY, FIELD","uS/cm",164
"07/15/1986","S65E","SP CONDUCTIVITY, FIELD","uS/cm",155
"07/29/1986","S65E","SP CONDUCTIVITY, FIELD","uS/cm",162
"08/14/1986","S65E","SP CONDUCTIVITY, FIELD","uS/cm",165
"08/26/1986","S65E","SP CONDUCTIVITY, FIELD","uS/cm",125
"09/09/1986","S65E","SP CONDUCTIVITY, FIELD","uS/cm",147
"09/23/1986","S65E","SP CONDUCTIVITY, FIELD","uS/cm",139
"10/07/1986","S65E","SP CONDUCTIVITY, FIELD","uS/cm",163
"10/09/1986","S65E","SP CONDUCTIVITY, FIELD","uS/cm",159
"10/21/1986","S65E","SP CONDUCTIVITY, FIELD","uS/cm",188
"11/04/1986","S65E","SP CONDUCTIVITY, FIELD","uS/cm",166
"11/06/1986","S65E","SP CONDUCTIVITY, FIELD","uS/cm",173
"11/18/1986","S65E","SP CONDUCTIVITY, FIELD","uS/cm",184
"12/03/1986","S65E","SP CONDUCTIVITY, FIELD","uS/cm",194
"12/04/1986","S65E","SP CONDUCTIVITY, FIELD","uS/cm",194
"12/18/1986","S65E","SP CONDUCTIVITY, FIELD","uS/cm",185
"01/07/1987","S65E","SP CONDUCTIVITY, FIELD","uS/cm",185
"01/08/1987","S65E","SP CONDUCTIVITY, FIELD","uS/cm",183
"01/15/1987","S65E","SP CONDUCTIVITY, FIELD","uS/cm",179
"01/22/1987","S65E","SP CONDUCTIVITY, FIELD","uS/cm",196
"01/29/1987","S65E","SP CONDUCTIVITY, FIELD","uS/cm",192
"02/03/1987","S65E","SP CONDUCTIVITY, FIELD","uS/cm",203
"02/05/1987","S65E","SP CONDUCTIVITY, FIELD","uS/cm",206
"02/12/1987","S65E","SP CONDUCTIVITY, FIELD","uS/cm",198
"02/18/1987","S65E","SP CONDUCTIVITY, FIELD","uS/cm",213
"02/19/1987","S65E","SP CONDUCTIVITY, FIELD","uS/cm",205
"02/26/1987","S65E","SP CONDUCTIVITY, FIELD","uS/cm",201
"03/03/1987","S65E","SP CONDUCTIVITY, FIELD","uS/cm",208
"03/05/1987","S65E","SP CONDUCTIVITY, FIELD","uS/cm",200
"03/12/1987","S65E","SP CONDUCTIVITY, FIELD","uS/cm",207
"03/17/1987","S65E","SP CONDUCTIVITY, FIELD","uS/cm",253
"03/19/1987","S65E","SP CONDUCTIVITY, FIELD","uS/cm",208
"03/26/1987","S65E","SP CONDUCTIVITY, FIELD","uS/cm",219
"03/31/1987","S65E","SP CONDUCTIVITY, FIELD","uS/cm",233
"04/14/1987","S65E","SP CONDUCTIVITY, FIELD","uS/cm",194
"04/22/1987","S65E","SP CONDUCTIVITY, FIELD","uS/cm",184
"04/28/1987","S65E","SP CONDUCTIVITY, FIELD","uS/cm",180
"05/11/1987","S65E","SP CONDUCTIVITY, FIELD","uS/cm",186
"05/13/1987","S65E","SP CONDUCTIVITY, FIELD","uS/cm",184
"05/26/1987","S65E","SP CONDUCTIVITY, FIELD","uS/cm",184
"06/01/1987","S65E","SP CONDUCTIVITY, FIELD","uS/cm",192
"06/24/1987","S65E","SP CONDUCTIVITY, FIELD","uS/cm",198
"07/01/1987","S65E","SP CONDUCTIVITY, FIELD","uS/cm",207
"07/08/1987","S65E","SP CONDUCTIVITY, FIELD","uS/cm",210
"07/21/1987","S65E","SP CONDUCTIVITY, FIELD","uS/cm",204
"07/30/1987","S65E","SP CONDUCTIVITY, FIELD","uS/cm",179
"08/04/1987","S65E","SP CONDUCTIVITY, FIELD","uS/cm",185
"08/18/1987","S65E","SP CONDUCTIVITY, FIELD","uS/cm",195
"08/28/1987","S65E","SP CONDUCTIVITY, FIELD","uS/cm",227
"09/09/1987","S65E","SP CONDUCTIVITY, FIELD","uS/cm",221
"09/24/1987","S65E","SP CONDUCTIVITY, FIELD","uS/cm",229
"09/29/1987","S65E","SP CONDUCTIVITY, FIELD","uS/cm",203
"10/07/1987","S65E","SP CONDUCTIVITY, FIELD","uS/cm",235
"10/13/1987","S65E","SP CONDUCTIVITY, FIELD","uS/cm",218
"10/28/1987","S65E","SP CONDUCTIVITY, FIELD","uS/cm",122
"11/10/1987","S65E","SP CONDUCTIVITY, FIELD","uS/cm",136
"11/24/1987","S65E","SP CONDUCTIVITY, FIELD","uS/cm",156
"12/08/1987","S65E","SP CONDUCTIVITY, FIELD","uS/cm",144
"12/17/1987","S65E","SP CONDUCTIVITY, FIELD","uS/cm",150
"12/22/1987","S65E","SP CONDUCTIVITY, FIELD","uS/cm",149
"01/05/1988","S65E","SP CONDUCTIVITY, FIELD","uS/cm",164
"01/19/1988","S65E","SP CONDUCTIVITY, FIELD","uS/cm",189
"01/21/1988","S65E","SP CONDUCTIVITY, FIELD","uS/cm",179
"02/02/1988","S65E","SP CONDUCTIVITY, FIELD","uS/cm",177
"02/04/1988","S65E","SP CONDUCTIVITY, FIELD","uS/cm",157
"02/16/1988","S65E","SP CONDUCTIVITY, FIELD","uS/cm",164
"02/25/1988","S65E","SP CONDUCTIVITY, FIELD","uS/cm",173
"03/01/1988","S65E","SP CONDUCTIVITY, FIELD","uS/cm",155
"03/07/1988","S65E","SP CONDUCTIVITY, FIELD","uS/cm",150
"03/14/1988","S65E","SP CONDUCTIVITY, FIELD","uS/cm",161
"03/21/1988","S65E","SP CONDUCTIVITY, FIELD","uS/cm",181
"03/28/1988","S65E","SP CONDUCTIVITY, FIELD","uS/cm",139
"03/29/1988","S65E","SP CONDUCTIVITY, FIELD","uS/cm",145.5
"04/04/1988","S65E","SP CONDUCTIVITY, FIELD","uS/cm",126
"04/11/1988","S65E","SP CONDUCTIVITY, FIELD","uS/cm",145.5
"04/12/1988","S65E","SP CONDUCTIVITY, FIELD","uS/cm",143
"04/18/1988","S65E","SP CONDUCTIVITY, FIELD","uS/cm",160
"04/25/1988","S65E","SP CONDUCTIVITY, FIELD","uS/cm",151.5
"04/26/1988","S65E","SP CONDUCTIVITY, FIELD","uS/cm",149
"05/02/1988","S65E","SP CONDUCTIVITY, FIELD","uS/cm",144
"05/09/1988","S65E","SP CONDUCTIVITY, FIELD","uS/cm",148
"05/10/1988","S65E","SP CONDUCTIVITY, FIELD","uS/cm",156
"05/23/1988","S65E","SP CONDUCTIVITY, FIELD","uS/cm",162
"05/24/1988","S65E","SP CONDUCTIVITY, FIELD","uS/cm",163
"06/07/1988","S65E","SP CONDUCTIVITY, FIELD","uS/cm",166
"06/20/1988","S65E","SP CONDUCTIVITY, FIELD","uS/cm",185
"07/05/1988","S65E","SP CONDUCTIVITY, FIELD","uS/cm",193
"07/12/1988","S65E","SP CONDUCTIVITY, FIELD","uS/cm",182
"07/18/1988","S65E","SP CONDUCTIVITY, FIELD","uS/cm",194
"07/19/1988","S65E","SP CONDUCTIVITY, FIELD","uS/cm",188.5
"07/25/1988","S65E","SP CONDUCTIVITY, FIELD","uS/cm",164
"08/02/1988","S65E","SP CONDUCTIVITY, FIELD","uS/cm",194
"08/03/1988","S65E","SP CONDUCTIVITY, FIELD","uS/cm",184
"08/09/1988","S65E","SP CONDUCTIVITY, FIELD","uS/cm",174
"08/15/1988","S65E","SP CONDUCTIVITY, FIELD","uS/cm",186
"08/16/1988","S65E","SP CONDUCTIVITY, FIELD","uS/cm",188
"08/17/1988","S65E","SP CONDUCTIVITY, FIELD","uS/cm",192
"08/29/1988","S65E","SP CONDUCTIVITY, FIELD","uS/cm",181
"09/12/1988","S65E","SP CONDUCTIVITY, FIELD","uS/cm",117
"09/13/1988","S65E","SP CONDUCTIVITY, FIELD","uS/cm",135
"09/26/1988","S65E","SP CONDUCTIVITY, FIELD","uS/cm",145
"09/27/1988","S65E","SP CONDUCTIVITY, FIELD","uS/cm",147
"10/03/1988","S65E","SP CONDUCTIVITY, FIELD","uS/cm",163
"10/10/1988","S65E","SP CONDUCTIVITY, FIELD","uS/cm",163
"10/11/1988","S65E","SP CONDUCTIVITY, FIELD","uS/cm",165
"10/17/1988","S65E","SP CONDUCTIVITY, FIELD","uS/cm",161
"10/25/1988","S65E","SP CONDUCTIVITY, FIELD","uS/cm",169.5
"10/31/1988","S65E","SP CONDUCTIVITY, FIELD","uS/cm",166
"11/07/1988","S65E","SP CONDUCTIVITY, FIELD","uS/cm",201
"11/21/1988","S65E","SP CONDUCTIVITY, FIELD","uS/cm",184
"11/22/1988","S65E","SP CONDUCTIVITY, FIELD","uS/cm",238
"12/05/1988","S65E","SP CONDUCTIVITY, FIELD","uS/cm",232
"12/19/1988","S65E","SP CONDUCTIVITY, FIELD","uS/cm",278
"01/03/1989","S65E","SP CONDUCTIVITY, FIELD","uS/cm",228
"01/17/1989","S65E","SP CONDUCTIVITY, FIELD","uS/cm",232.5
"01/30/1989","S65E","SP CONDUCTIVITY, FIELD","uS/cm",195.5
"01/31/1989","S65E","SP CONDUCTIVITY, FIELD","uS/cm",195
"02/13/1989","S65E","SP CONDUCTIVITY, FIELD","uS/cm",183.5
"02/14/1989","S65E","SP CONDUCTIVITY, FIELD","uS/cm",178
"02/22/1989","S65E","SP CONDUCTIVITY, FIELD","uS/cm",168
"02/27/1989","S65E","SP CONDUCTIVITY, FIELD","uS/cm",172
"02/28/1989","S65E","SP CONDUCTIVITY, FIELD","uS/cm",189
"03/13/1989","S65E","SP CONDUCTIVITY, FIELD","uS/cm",162
"03/15/1989","S65E","SP CONDUCTIVITY, FIELD","uS/cm",176
"03/27/1989","S65E","SP CONDUCTIVITY, FIELD","uS/cm",166.5
"03/28/1989","S65E","SP CONDUCTIVITY, FIELD","uS/cm",162
"04/10/1989","S65E","SP CONDUCTIVITY, FIELD","uS/cm",171
"04/11/1989","S65E","SP CONDUCTIVITY, FIELD","uS/cm",181
"04/24/1989","S65E","SP CONDUCTIVITY, FIELD","uS/cm",166
"05/08/1989","S65E","SP CONDUCTIVITY, FIELD","uS/cm",165
"05/10/1989","S65E","SP CONDUCTIVITY, FIELD","uS/cm",162
"05/22/1989","S65E","SP CONDUCTIVITY, FIELD","uS/cm",171
"05/24/1989","S65E","SP CONDUCTIVITY, FIELD","uS/cm",172
"06/05/1989","S65E","SP CONDUCTIVITY, FIELD","uS/cm",164
"06/12/1989","S65E","SP CONDUCTIVITY, FIELD","uS/cm",188
"06/19/1989","S65E","SP CONDUCTIVITY, FIELD","uS/cm",169
"06/21/1989","S65E","SP CONDUCTIVITY, FIELD","uS/cm",196
"07/03/1989","S65E","SP CONDUCTIVITY, FIELD","uS/cm",210
"07/17/1989","S65E","SP CONDUCTIVITY, FIELD","uS/cm",192
"07/18/1989","S65E","SP CONDUCTIVITY, FIELD","uS/cm",270
"07/19/1989","S65E","SP CONDUCTIVITY, FIELD","uS/cm",197
"07/31/1989","S65E","SP CONDUCTIVITY, FIELD","uS/cm",213
"08/02/1989","S65E","SP CONDUCTIVITY, FIELD","uS/cm",213
"08/14/1989","S65E","SP CONDUCTIVITY, FIELD","uS/cm",214
"08/15/1989","S65E","SP CONDUCTIVITY, FIELD","uS/cm",202
"08/22/1989","S65E","SP CONDUCTIVITY, FIELD","uS/cm",222
"08/28/1989","S65E","SP CONDUCTIVITY, FIELD","uS/cm",188
"08/29/1989","S65E","SP CONDUCTIVITY, FIELD","uS/cm",192.5
"09/12/1989","S65E","SP CONDUCTIVITY, FIELD","uS/cm",203
"09/13/1989","S65E","SP CONDUCTIVITY, FIELD","uS/cm",194
"09/19/1989","S65E","SP CONDUCTIVITY, FIELD","uS/cm",209
"09/25/1989","S65E","SP CONDUCTIVITY, FIELD","uS/cm",190
"09/27/1989","S65E","SP CONDUCTIVITY, FIELD","uS/cm",199.5
"10/03/1989","S65E","SP CONDUCTIVITY, FIELD","uS/cm",182
"10/09/1989","S65E","SP CONDUCTIVITY, FIELD","uS/cm",175
"10/11/1989","S65E","SP CONDUCTIVITY, FIELD","uS/cm",174
"10/23/1989","S65E","SP CONDUCTIVITY, FIELD","uS/cm",150
"10/24/1989","S65E","SP CONDUCTIVITY, FIELD","uS/cm",151
"11/06/1989","S65E","SP CONDUCTIVITY, FIELD","uS/cm",160
"11/08/1989","S65E","SP CONDUCTIVITY, FIELD","uS/cm",153
"11/20/1989","S65E","SP CONDUCTIVITY, FIELD","uS/cm",165
"12/04/1989","S65E","SP CONDUCTIVITY, FIELD","uS/cm",177
"12/18/1989","S65E","SP CONDUCTIVITY, FIELD","uS/cm",180
"12/26/1989","S65E","SP CONDUCTIVITY, FIELD","uS/cm",192
"01/02/1990","S65E","SP CONDUCTIVITY, FIELD","uS/cm",190
"01/03/1990","S65E","SP CONDUCTIVITY, FIELD","uS/cm",183
"01/09/1990","S65E","SP CONDUCTIVITY, FIELD","uS/cm",189
"01/16/1990","S65E","SP CONDUCTIVITY, FIELD","uS/cm",184.5
"01/23/1990","S65E","SP CONDUCTIVITY, FIELD","uS/cm",166
"01/30/1990","S65E","SP CONDUCTIVITY, FIELD","uS/cm",176
"02/06/1990","S65E","SP CONDUCTIVITY, FIELD","uS/cm",180
"02/13/1990","S65E","SP CONDUCTIVITY, FIELD","uS/cm",171.5
"02/20/1990","S65E","SP CONDUCTIVITY, FIELD","uS/cm",186
"02/27/1990","S65E","SP CONDUCTIVITY, FIELD","uS/cm",192
"02/28/1990","S65E","SP CONDUCTIVITY, FIELD","uS/cm",194
"03/16/1990","S65E","SP CONDUCTIVITY, FIELD","uS/cm",172
"03/26/1990","S65E","SP CONDUCTIVITY, FIELD","uS/cm",181
"03/27/1990","S65E","SP CONDUCTIVITY, FIELD","uS/cm",185
"04/03/1990","S65E","SP CONDUCTIVITY, FIELD","uS/cm",195
"04/10/1990","S65E","SP CONDUCTIVITY, FIELD","uS/cm",183
"04/11/1990","S65E","SP CONDUCTIVITY, FIELD","uS/cm",178
"04/17/1990","S65E","SP CONDUCTIVITY, FIELD","uS/cm",190
"04/23/1990","S65E","SP CONDUCTIVITY, FIELD","uS/cm",192
"04/24/1990","S65E","SP CONDUCTIVITY, FIELD","uS/cm",182
"04/30/1990","S65E","SP CONDUCTIVITY, FIELD","uS/cm",182
"05/07/1990","S65E","SP CONDUCTIVITY, FIELD","uS/cm",184.5
"05/14/1990","S65E","SP CONDUCTIVITY, FIELD","uS/cm",201
"05/21/1990","S65E","SP CONDUCTIVITY, FIELD","uS/cm",182.5
"05/29/1990","S65E","SP CONDUCTIVITY, FIELD","uS/cm",189
"06/04/1990","S65E","SP CONDUCTIVITY, FIELD","uS/cm",179
"06/05/1990","S65E","SP CONDUCTIVITY, FIELD","uS/cm",187
"06/12/1990","S65E","SP CONDUCTIVITY, FIELD","uS/cm",186
"06/18/1990","S65E","SP CONDUCTIVITY, FIELD","uS/cm",199.5
"06/25/1990","S65E","SP CONDUCTIVITY, FIELD","uS/cm",200
"07/02/1990","S65E","SP CONDUCTIVITY, FIELD","uS/cm",188.5
"07/03/1990","S65E","SP CONDUCTIVITY, FIELD","uS/cm",201
"07/09/1990","S65E","SP CONDUCTIVITY, FIELD","uS/cm",207
"07/16/1990","S65E","SP CONDUCTIVITY, FIELD","uS/cm",187.5
"07/23/1990","S65E","SP CONDUCTIVITY, FIELD","uS/cm",157
"07/30/1990","S65E","SP CONDUCTIVITY, FIELD","uS/cm",148.5
"08/06/1990","S65E","SP CONDUCTIVITY, FIELD","uS/cm",141
"08/13/1990","S65E","SP CONDUCTIVITY, FIELD","uS/cm",143
"08/20/1990","S65E","SP CONDUCTIVITY, FIELD","uS/cm",135
"08/27/1990","S65E","SP CONDUCTIVITY, FIELD","uS/cm",141.5
"09/04/1990","S65E","SP CONDUCTIVITY, FIELD","uS/cm",153
"09/10/1990","S65E","SP CONDUCTIVITY, FIELD","uS/cm",1150
"09/17/1990","S65E","SP CONDUCTIVITY, FIELD","uS/cm",147
"09/24/1990","S65E","SP CONDUCTIVITY, FIELD","uS/cm",145.5
"10/01/1990","S65E","SP CONDUCTIVITY, FIELD","uS/cm",148
"10/08/1990","S65E","SP CONDUCTIVITY, FIELD","uS/cm",165
"10/09/1990","S65E","SP CONDUCTIVITY, FIELD","uS/cm",147
"10/16/1990","S65E","SP CONDUCTIVITY, FIELD","uS/cm",127
"10/22/1990","S65E","SP CONDUCTIVITY, FIELD","uS/cm",125
"10/31/1990","S65E","SP CONDUCTIVITY, FIELD","uS/cm",148
"11/05/1990","S65E","SP CONDUCTIVITY, FIELD","uS/cm",134
"11/06/1990","S65E","SP CONDUCTIVITY, FIELD","uS/cm",135
"11/19/1990","S65E","SP CONDUCTIVITY, FIELD","uS/cm",168
"11/20/1990","S65E","SP CONDUCTIVITY, FIELD","uS/cm",169
"12/03/1990","S65E","SP CONDUCTIVITY, FIELD","uS/cm",152.5
"12/10/1990","S65E","SP CONDUCTIVITY, FIELD","uS/cm",155
"12/17/1990","S65E","SP CONDUCTIVITY, FIELD","uS/cm",155
"12/18/1990","S65E","SP CONDUCTIVITY, FIELD","uS/cm",159
"12/26/1990","S65E","SP CONDUCTIVITY, FIELD","uS/cm",152
"12/31/1990","S65E","SP CONDUCTIVITY, FIELD","uS/cm",152
"01/07/1991","S65E","SP CONDUCTIVITY, FIELD","uS/cm",157
"01/14/1991","S65E","SP CONDUCTIVITY, FIELD","uS/cm",171
"01/17/1991","S65E","SP CONDUCTIVITY, FIELD","uS/cm",169
"01/22/1991","S65E","SP CONDUCTIVITY, FIELD","uS/cm",193
"01/28/1991","S65E","SP CONDUCTIVITY, FIELD","uS/cm",176.5
"02/04/1991","S65E","SP CONDUCTIVITY, FIELD","uS/cm",175
"02/11/1991","S65E","SP CONDUCTIVITY, FIELD","uS/cm",189
"02/19/1991","S65E","SP CONDUCTIVITY, FIELD","uS/cm",207
"02/25/1991","S65E","SP CONDUCTIVITY, FIELD","uS/cm",193
"02/26/1991","S65E","SP CONDUCTIVITY, FIELD","uS/cm",212
"03/04/1991","S65E","SP CONDUCTIVITY, FIELD","uS/cm",191
"03/11/1991","S65E","SP CONDUCTIVITY, FIELD","uS/cm",230
"03/18/1991","S65E","SP CONDUCTIVITY, FIELD","uS/cm",203
"03/25/1991","S65E","SP CONDUCTIVITY, FIELD","uS/cm",195
"04/01/1991","S65E","SP CONDUCTIVITY, FIELD","uS/cm",196
"04/08/1991","S65E","SP CONDUCTIVITY, FIELD","uS/cm",223
"04/15/1991","S65E","SP CONDUCTIVITY, FIELD","uS/cm",214
"04/22/1991","S65E","SP CONDUCTIVITY, FIELD","uS/cm",186.5
"04/29/1991","S65E","SP CONDUCTIVITY, FIELD","uS/cm",195
"05/06/1991","S65E","SP CONDUCTIVITY, FIELD","uS/cm",187
"05/13/1991","S65E","SP CONDUCTIVITY, FIELD","uS/cm",196
"05/20/1991","S65E","SP CONDUCTIVITY, FIELD","uS/cm",192.5
"05/28/1991","S65E","SP CONDUCTIVITY, FIELD","uS/cm",194
"06/03/1991","S65E","SP CONDUCTIVITY, FIELD","uS/cm",165
"06/10/1991","S65E","SP CONDUCTIVITY, FIELD","uS/cm",176
"06/17/1991","S65E","SP CONDUCTIVITY, FIELD","uS/cm",177
"06/18/1991","S65E","SP CONDUCTIVITY, FIELD","uS/cm",171
"07/15/1991","S65E","SP CONDUCTIVITY, FIELD","uS/cm",118.5
"07/22/1991","S65E","SP CONDUCTIVITY, FIELD","uS/cm",126
"08/05/1991","S65E","SP CONDUCTIVITY, FIELD","uS/cm",161
"08/12/1991","S65E","SP CONDUCTIVITY, FIELD","uS/cm",164
"08/19/1991","S65E","SP CONDUCTIVITY, FIELD","uS/cm",147
"08/26/1991","S65E","SP CONDUCTIVITY, FIELD","uS/cm",162
"08/28/1991","S65E","SP CONDUCTIVITY, FIELD","uS/cm",160
"09/03/1991","S65E","SP CONDUCTIVITY, FIELD","uS/cm",137
"09/09/1991","S65E","SP CONDUCTIVITY, FIELD","uS/cm",141
"09/17/1991","S65E","SP CONDUCTIVITY, FIELD","uS/cm",139
"09/23/1991","S65E","SP CONDUCTIVITY, FIELD","uS/cm",142.5
"09/30/1991","S65E","SP CONDUCTIVITY, FIELD","uS/cm",141
"10/07/1991","S65E","SP CONDUCTIVITY, FIELD","uS/cm",158
"10/14/1991","S65E","SP CONDUCTIVITY, FIELD","uS/cm",147
"10/21/1991","S65E","SP CONDUCTIVITY, FIELD","uS/cm",134
"10/28/1991","S65E","SP CONDUCTIVITY, FIELD","uS/cm",124
"11/04/1991","S65E","SP CONDUCTIVITY, FIELD","uS/cm",132
"11/18/1991","S65E","SP CONDUCTIVITY, FIELD","uS/cm",131
"11/20/1991","S65E","SP CONDUCTIVITY, FIELD","uS/cm",145
"11/25/1991","S65E","SP CONDUCTIVITY, FIELD","uS/cm",141
"12/02/1991","S65E","SP CONDUCTIVITY, FIELD","uS/cm",150
"12/09/1991","S65E","SP CONDUCTIVITY, FIELD","uS/cm",163
"12/16/1991","S65E","SP CONDUCTIVITY, FIELD","uS/cm",157.5
"12/23/1991","S65E","SP CONDUCTIVITY, FIELD","uS/cm",151
"12/30/1991","S65E","SP CONDUCTIVITY, FIELD","uS/cm",174.5
"01/06/1992","S65E","SP CONDUCTIVITY, FIELD","uS/cm",163
"01/13/1992","S65E","SP CONDUCTIVITY, FIELD","uS/cm",178.5
"01/21/1992","S65E","SP CONDUCTIVITY, FIELD","uS/cm",214
"01/27/1992","S65E","SP CONDUCTIVITY, FIELD","uS/cm",169
"02/03/1992","S65E","SP CONDUCTIVITY, FIELD","uS/cm",177
"02/10/1992","S65E","SP CONDUCTIVITY, FIELD","uS/cm",193
"02/11/1992","S65E","SP CONDUCTIVITY, FIELD","uS/cm",226
"02/19/1992","S65E","SP CONDUCTIVITY, FIELD","uS/cm",177
"02/24/1992","S65E","SP CONDUCTIVITY, FIELD","uS/cm",166
"02/27/1992","S65E","SP CONDUCTIVITY, FIELD","uS/cm",225
"03/02/1992","S65E","SP CONDUCTIVITY, FIELD","uS/cm",149
"03/09/1992","S65E","SP CONDUCTIVITY, FIELD","uS/cm",166
"03/11/1992","S65E","SP CONDUCTIVITY, FIELD","uS/cm",205
"03/16/1992","S65E","SP CONDUCTIVITY, FIELD","uS/cm",202
"03/23/1992","S65E","SP CONDUCTIVITY, FIELD","uS/cm",184
"03/26/1992","S65E","SP CONDUCTIVITY, FIELD","uS/cm",192
"03/30/1992","S65E","SP CONDUCTIVITY, FIELD","uS/cm",172
"04/06/1992","S65E","SP CONDUCTIVITY, FIELD","uS/cm",167
"04/07/1992","S65E","SP CONDUCTIVITY, FIELD","uS/cm",189
"04/13/1992","S65E","SP CONDUCTIVITY, FIELD","uS/cm",173
"04/20/1992","S65E","SP CONDUCTIVITY, FIELD","uS/cm",146
"04/21/1992","S65E","SP CONDUCTIVITY, FIELD","uS/cm",183
"04/27/1992","S65E","SP CONDUCTIVITY, FIELD","uS/cm",154
"05/04/1992","S65E","SP CONDUCTIVITY, FIELD","uS/cm",153
"05/05/1992","S65E","SP CONDUCTIVITY, FIELD","uS/cm",194
"05/11/1992","S65E","SP CONDUCTIVITY, FIELD","uS/cm",154
"05/18/1992","S65E","SP CONDUCTIVITY, FIELD","uS/cm",159
"05/19/1992","S65E","SP CONDUCTIVITY, FIELD","uS/cm",187
"05/26/1992","S65E","SP CONDUCTIVITY, FIELD","uS/cm",154
"06/01/1992","S65E","SP CONDUCTIVITY, FIELD","uS/cm",164
"06/02/1992","S65E","SP CONDUCTIVITY, FIELD","uS/cm",154
"06/08/1992","S65E","SP CONDUCTIVITY, FIELD","uS/cm",165
"06/15/1992","S65E","SP CONDUCTIVITY, FIELD","uS/cm",182
"06/16/1992","S65E","SP CONDUCTIVITY, FIELD","uS/cm",247
"06/22/1992","S65E","SP CONDUCTIVITY, FIELD","uS/cm",68
"06/29/1992","S65E","SP CONDUCTIVITY, FIELD","uS/cm",198
"06/30/1992","S65E","SP CONDUCTIVITY, FIELD","uS/cm",158
"07/06/1992","S65E","SP CONDUCTIVITY, FIELD","uS/cm",133
"07/08/1992","S65E","SP CONDUCTIVITY, FIELD","uS/cm",428
"07/13/1992","S65E","SP CONDUCTIVITY, FIELD","uS/cm",142
"07/14/1992","S65E","SP CONDUCTIVITY, FIELD","uS/cm",148
"07/21/1992","S65E","SP CONDUCTIVITY, FIELD","uS/cm",127
"07/27/1992","S65E","SP CONDUCTIVITY, FIELD","uS/cm",140
"08/03/1992","S65E","SP CONDUCTIVITY, FIELD","uS/cm",134
"08/11/1992","S65E","SP CONDUCTIVITY, FIELD","uS/cm",128.5
"08/17/1992","S65E","SP CONDUCTIVITY, FIELD","uS/cm",119
"08/25/1992","S65E","SP CONDUCTIVITY, FIELD","uS/cm",173
"08/26/1992","S65E","SP CONDUCTIVITY, FIELD","uS/cm",177
"09/10/1992","S65E","SP CONDUCTIVITY, FIELD","uS/cm",169
"09/15/1992","S65E","SP CONDUCTIVITY, FIELD","uS/cm",77
"09/21/1992","S65E","SP CONDUCTIVITY, FIELD","uS/cm",152
"09/22/1992","S65E","SP CONDUCTIVITY, FIELD","uS/cm",150
"09/28/1992","S65E","SP CONDUCTIVITY, FIELD","uS/cm",151
"10/06/1992","S65E","SP CONDUCTIVITY, FIELD","uS/cm",167
"10/13/1992","S65E","SP CONDUCTIVITY, FIELD","uS/cm",153
"10/20/1992","S65E","SP CONDUCTIVITY, FIELD","uS/cm",168.666666666667
"10/27/1992","S65E","SP CONDUCTIVITY, FIELD","uS/cm",154
"11/03/1992","S65E","SP CONDUCTIVITY, FIELD","uS/cm",168
"11/10/1992","S65E","SP CONDUCTIVITY, FIELD","uS/cm",163
"11/17/1992","S65E","SP CONDUCTIVITY, FIELD","uS/cm",189
"11/18/1992","S65E","SP CONDUCTIVITY, FIELD","uS/cm",167.5
"11/23/1992","S65E","SP CONDUCTIVITY, FIELD","uS/cm",187
"12/02/1992","S65E","SP CONDUCTIVITY, FIELD","uS/cm",169
"12/03/1992","S65E","SP CONDUCTIVITY, FIELD","uS/cm",181
"12/08/1992","S65E","SP CONDUCTIVITY, FIELD","uS/cm",184
"12/15/1992","S65E","SP CONDUCTIVITY, FIELD","uS/cm",198.5
"12/29/1992","S65E","SP CONDUCTIVITY, FIELD","uS/cm",168
"01/06/1993","S65E","SP CONDUCTIVITY, FIELD","uS/cm",181
"01/11/1993","S65E","SP CONDUCTIVITY, FIELD","uS/cm",180
"01/13/1993","S65E","SP CONDUCTIVITY, FIELD","uS/cm",222
"01/21/1993","S65E","SP CONDUCTIVITY, FIELD","uS/cm",156
"01/27/1993","S65E","SP CONDUCTIVITY, FIELD","uS/cm",159.5
"02/03/1993","S65E","SP CONDUCTIVITY, FIELD","uS/cm",152
"02/08/1993","S65E","SP CONDUCTIVITY, FIELD","uS/cm",156
"02/10/1993","S65E","SP CONDUCTIVITY, FIELD","uS/cm",149
"02/18/1993","S65E","SP CONDUCTIVITY, FIELD","uS/cm",177
"02/23/1993","S65E","SP CONDUCTIVITY, FIELD","uS/cm",188
"02/24/1993","S65E","SP CONDUCTIVITY, FIELD","uS/cm",199
"03/03/1993","S65E","SP CONDUCTIVITY, FIELD","uS/cm",213
"03/08/1993","S65E","SP CONDUCTIVITY, FIELD","uS/cm",202.25
"03/10/1993","S65E","SP CONDUCTIVITY, FIELD","uS/cm",217
"03/17/1993","S65E","SP CONDUCTIVITY, FIELD","uS/cm",215
"03/23/1993","S65E","SP CONDUCTIVITY, FIELD","uS/cm",233
"03/25/1993","S65E","SP CONDUCTIVITY, FIELD","uS/cm",200
"03/30/1993","S65E","SP CONDUCTIVITY, FIELD","uS/cm",154
"04/06/1993","S65E","SP CONDUCTIVITY, FIELD","uS/cm",147.5
"04/20/1993","S65E","SP CONDUCTIVITY, FIELD","uS/cm",141
"05/04/1993","S65E","SP CONDUCTIVITY, FIELD","uS/cm",111.75
"05/18/1993","S65E","SP CONDUCTIVITY, FIELD","uS/cm",148
"05/20/1993","S65E","SP CONDUCTIVITY, FIELD","uS/cm",164
"06/01/1993","S65E","SP CONDUCTIVITY, FIELD","uS/cm",173
"06/02/1993","S65E","SP CONDUCTIVITY, FIELD","uS/cm",167
"06/15/1993","S65E","SP CONDUCTIVITY, FIELD","uS/cm",171
"06/26/1993","S65E","SP CONDUCTIVITY, FIELD","uS/cm",284
"06/29/1993","S65E","SP CONDUCTIVITY, FIELD","uS/cm",176
"07/13/1993","S65E","SP CONDUCTIVITY, FIELD","uS/cm",190
"07/27/1993","S65E","SP CONDUCTIVITY, FIELD","uS/cm",200
"08/10/1993","S65E","SP CONDUCTIVITY, FIELD","uS/cm",212.5
"08/17/1993","S65E","SP CONDUCTIVITY, FIELD","uS/cm",219
"08/24/1993","S65E","SP CONDUCTIVITY, FIELD","uS/cm",222
"09/07/1993","S65E","SP CONDUCTIVITY, FIELD","uS/cm",169
"09/21/1993","S65E","SP CONDUCTIVITY, FIELD","uS/cm",167
"10/05/1993","S65E","SP CONDUCTIVITY, FIELD","uS/cm",212
"10/19/1993","S65E","SP CONDUCTIVITY, FIELD","uS/cm",181
"11/02/1993","S65E","SP CONDUCTIVITY, FIELD","uS/cm",230
"11/16/1993","S65E","SP CONDUCTIVITY, FIELD","uS/cm",203
"12/01/1993","S65E","SP CONDUCTIVITY, FIELD","uS/cm",242
"12/14/1993","S65E","SP CONDUCTIVITY, FIELD","uS/cm",236
"12/28/1993","S65E","SP CONDUCTIVITY, FIELD","uS/cm",228
"01/11/1994","S65E","SP CONDUCTIVITY, FIELD","uS/cm",227
"01/19/1994","S65E","SP CONDUCTIVITY, FIELD","uS/cm",241
"01/25/1994","S65E","SP CONDUCTIVITY, FIELD","uS/cm",239
"02/08/1994","S65E","SP CONDUCTIVITY, FIELD","uS/cm",251
"02/15/1994","S65E","SP CONDUCTIVITY, FIELD","uS/cm",245
"02/22/1994","S65E","SP CONDUCTIVITY, FIELD","uS/cm",247
"03/08/1994","S65E","SP CONDUCTIVITY, FIELD","uS/cm",212
"03/15/1994","S65E","SP CONDUCTIVITY, FIELD","uS/cm",213
"03/22/1994","S65E","SP CONDUCTIVITY, FIELD","uS/cm",190
"04/05/1994","S65E","SP CONDUCTIVITY, FIELD","uS/cm",195
"04/12/1994","S65E","SP CONDUCTIVITY, FIELD","uS/cm",187
"04/19/1994","S65E","SP CONDUCTIVITY, FIELD","uS/cm",207
"05/03/1994","S65E","SP CONDUCTIVITY, FIELD","uS/cm",218
"05/17/1994","S65E","SP CONDUCTIVITY, FIELD","uS/cm",216.5
"05/31/1994","S65E","SP CONDUCTIVITY, FIELD","uS/cm",224
"06/14/1994","S65E","SP CONDUCTIVITY, FIELD","uS/cm",211.5
"06/28/1994","S65E","SP CONDUCTIVITY, FIELD","uS/cm",178
"07/12/1994","S65E","SP CONDUCTIVITY, FIELD","uS/cm",139
"07/19/1994","S65E","SP CONDUCTIVITY, FIELD","uS/cm",139
"07/26/1994","S65E","SP CONDUCTIVITY, FIELD","uS/cm",156
"08/03/1994","S65E","SP CONDUCTIVITY, FIELD","uS/cm",150
"08/09/1994","S65E","SP CONDUCTIVITY, FIELD","uS/cm",136
"08/23/1994","S65E","SP CONDUCTIVITY, FIELD","uS/cm",128
"09/06/1994","S65E","SP CONDUCTIVITY, FIELD","uS/cm",145
"10/04/1994","S65E","SP CONDUCTIVITY, FIELD","uS/cm",127
"10/18/1994","S65E","SP CONDUCTIVITY, FIELD","uS/cm",142
"11/01/1994","S65E","SP CONDUCTIVITY, FIELD","uS/cm",125
"11/15/1994","S65E","SP CONDUCTIVITY, FIELD","uS/cm",156
"11/29/1994","S65E","SP CONDUCTIVITY, FIELD","uS/cm",135
"12/13/1994","S65E","SP CONDUCTIVITY, FIELD","uS/cm",130
"12/27/1994","S65E","SP CONDUCTIVITY, FIELD","uS/cm",130
"01/10/1995","S65E","SP CONDUCTIVITY, FIELD","uS/cm",129
"01/24/1995","S65E","SP CONDUCTIVITY, FIELD","uS/cm",129
"02/21/1995","S65E","SP CONDUCTIVITY, FIELD","uS/cm",144
"03/07/1995","S65E","SP CONDUCTIVITY, FIELD","uS/cm",140
"03/21/1995","S65E","SP CONDUCTIVITY, FIELD","uS/cm",149
"04/04/1995","S65E","SP CONDUCTIVITY, FIELD","uS/cm",140
"04/18/1995","S65E","SP CONDUCTIVITY, FIELD","uS/cm",121
"05/02/1995","S65E","SP CONDUCTIVITY, FIELD","uS/cm",139
"05/16/1995","S65E","SP CONDUCTIVITY, FIELD","uS/cm",148
"05/30/1995","S65E","SP CONDUCTIVITY, FIELD","uS/cm",151
"06/13/1995","S65E","SP CONDUCTIVITY, FIELD","uS/cm",171
"06/27/1995","S65E","SP CONDUCTIVITY, FIELD","uS/cm",167
"07/11/1995","S65E","SP CONDUCTIVITY, FIELD","uS/cm",153
"07/25/1995","S65E","SP CONDUCTIVITY, FIELD","uS/cm",148
"08/08/1995","S65E","SP CONDUCTIVITY, FIELD","uS/cm",122
"08/22/1995","S65E","SP CONDUCTIVITY, FIELD","uS/cm",122
"09/05/1995","S65E","SP CONDUCTIVITY, FIELD","uS/cm",113
"09/19/1995","S65E","SP CONDUCTIVITY, FIELD","uS/cm",113
"10/03/1995","S65E","SP CONDUCTIVITY, FIELD","uS/cm",122
"10/17/1995","S65E","SP CONDUCTIVITY, FIELD","uS/cm",144
"10/31/1995","S65E","SP CONDUCTIVITY, FIELD","uS/cm",123
"11/14/1995","S65E","SP CONDUCTIVITY, FIELD","uS/cm",122
"11/28/1995","S65E","SP CONDUCTIVITY, FIELD","uS/cm",133
"12/12/1995","S65E","SP CONDUCTIVITY, FIELD","uS/cm",120
"12/26/1995","S65E","SP CONDUCTIVITY, FIELD","uS/cm",1183
"01/09/1996","S65E","SP CONDUCTIVITY, FIELD","uS/cm",1200
"01/23/1996","S65E","SP CONDUCTIVITY, FIELD","uS/cm",1092
"02/06/1996","S65E","SP CONDUCTIVITY, FIELD","uS/cm",1385
"02/20/1996","S65E","SP CONDUCTIVITY, FIELD","uS/cm",146
"03/05/1996","S65E","SP CONDUCTIVITY, FIELD","uS/cm",154
"03/19/1996","S65E","SP CONDUCTIVITY, FIELD","uS/cm",153
"04/02/1996","S65E","SP CONDUCTIVITY, FIELD","uS/cm",159
"04/16/1996","S65E","SP CONDUCTIVITY, FIELD","uS/cm",150
"04/30/1996","S65E","SP CONDUCTIVITY, FIELD","uS/cm",147
"05/14/1996","S65E","SP CONDUCTIVITY, FIELD","uS/cm",150
"05/20/1996","S65E","SP CONDUCTIVITY, FIELD","uS/cm",163
"05/28/1996","S65E","SP CONDUCTIVITY, FIELD","uS/cm",163
"06/11/1996","S65E","SP CONDUCTIVITY, FIELD","uS/cm",167
"06/25/1996","S65E","SP CONDUCTIVITY, FIELD","uS/cm",140
"07/09/1996","S65E","SP CONDUCTIVITY, FIELD","uS/cm",136
"07/23/1996","S65E","SP CONDUCTIVITY, FIELD","uS/cm",142
"08/06/1996","S65E","SP CONDUCTIVITY, FIELD","uS/cm",144
"08/20/1996","S65E","SP CONDUCTIVITY, FIELD","uS/cm",117
"09/03/1996","S65E","SP CONDUCTIVITY, FIELD","uS/cm",130
"09/17/1996","S65E","SP CONDUCTIVITY, FIELD","uS/cm",146
"10/01/1996","S65E","SP CONDUCTIVITY, FIELD","uS/cm",171
"10/15/1996","S65E","SP CONDUCTIVITY, FIELD","uS/cm",154
"10/29/1996","S65E","SP CONDUCTIVITY, FIELD","uS/cm",163
"11/04/1996","S65E","SP CONDUCTIVITY, FIELD","uS/cm",173
"11/12/1996","S65E","SP CONDUCTIVITY, FIELD","uS/cm",182
"11/26/1996","S65E","SP CONDUCTIVITY, FIELD","uS/cm",214
"12/10/1996","S65E","SP CONDUCTIVITY, FIELD","uS/cm",226
"12/26/1996","S65E","SP CONDUCTIVITY, FIELD","uS/cm",217
"01/07/1997","S65E","SP CONDUCTIVITY, FIELD","uS/cm",204
"01/21/1997","S65E","SP CONDUCTIVITY, FIELD","uS/cm",194
"02/05/1997","S65E","SP CONDUCTIVITY, FIELD","uS/cm",136
"02/18/1997","S65E","SP CONDUCTIVITY, FIELD","uS/cm",145
"02/24/1997","S65E","SP CONDUCTIVITY, FIELD","uS/cm",153
"03/04/1997","S65E","SP CONDUCTIVITY, FIELD","uS/cm",161
"03/18/1997","S65E","SP CONDUCTIVITY, FIELD","uS/cm",173
"04/01/1997","S65E","SP CONDUCTIVITY, FIELD","uS/cm",181
"04/15/1997","S65E","SP CONDUCTIVITY, FIELD","uS/cm",179
"04/29/1997","S65E","SP CONDUCTIVITY, FIELD","uS/cm",164
"05/13/1997","S65E","SP CONDUCTIVITY, FIELD","uS/cm",143
"05/19/1997","S65E","SP CONDUCTIVITY, FIELD","uS/cm",171
"05/27/1997","S65E","SP CONDUCTIVITY, FIELD","uS/cm",157
"06/10/1997","S65E","SP CONDUCTIVITY, FIELD","uS/cm",154
"06/24/1997","S65E","SP CONDUCTIVITY, FIELD","uS/cm",166
"07/08/1997","S65E","SP CONDUCTIVITY, FIELD","uS/cm",129
"07/22/1997","S65E","SP CONDUCTIVITY, FIELD","uS/cm",195
"08/05/1997","S65E","SP CONDUCTIVITY, FIELD","uS/cm",122
"08/19/1997","S65E","SP CONDUCTIVITY, FIELD","uS/cm",133
"08/28/1997","S65E","SP CONDUCTIVITY, FIELD","uS/cm",139
"09/02/1997","S65E","SP CONDUCTIVITY, FIELD","uS/cm",141
"09/16/1997","S65E","SP CONDUCTIVITY, FIELD","uS/cm",154
"09/30/1997","S65E","SP CONDUCTIVITY, FIELD","uS/cm",155
"10/14/1997","S65E","SP CONDUCTIVITY, FIELD","uS/cm",137
"10/28/1997","S65E","SP CONDUCTIVITY, FIELD","uS/cm",163
"11/12/1997","S65E","SP CONDUCTIVITY, FIELD","uS/cm",151
"11/17/1997","S65E","SP CONDUCTIVITY, FIELD","uS/cm",80
"11/25/1997","S65E","SP CONDUCTIVITY, FIELD","uS/cm",63
"12/09/1997","S65E","SP CONDUCTIVITY, FIELD","uS/cm",95
"12/23/1997","S65E","SP CONDUCTIVITY, FIELD","uS/cm",123
"01/06/1998","S65E","SP CONDUCTIVITY, FIELD","uS/cm",129
"01/20/1998","S65E","SP CONDUCTIVITY, FIELD","uS/cm",129
"02/03/1998","S65E","SP CONDUCTIVITY, FIELD","uS/cm",118
"02/17/1998","S65E","SP CONDUCTIVITY, FIELD","uS/cm",118
"02/18/1998","S65E","SP CONDUCTIVITY, FIELD","uS/cm",129
"03/03/1998","S65E","SP CONDUCTIVITY, FIELD","uS/cm",108
"03/17/1998","S65E","SP CONDUCTIVITY, FIELD","uS/cm",106
"03/31/1998","S65E","SP CONDUCTIVITY, FIELD","uS/cm",96
"04/14/1998","S65E","SP CONDUCTIVITY, FIELD","uS/cm",104
"04/28/1998","S65E","SP CONDUCTIVITY, FIELD","uS/cm",119
"05/12/1998","S65E","SP CONDUCTIVITY, FIELD","uS/cm",128
"05/18/1998","S65E","SP CONDUCTIVITY, FIELD","uS/cm",130
"05/26/1998","S65E","SP CONDUCTIVITY, FIELD","uS/cm",132
"06/09/1998","S65E","SP CONDUCTIVITY, FIELD","uS/cm",161
"06/23/1998","S65E","SP CONDUCTIVITY, FIELD","uS/cm",170
"07/07/1998","S65E","SP CONDUCTIVITY, FIELD","uS/cm",180
"07/21/1998","S65E","SP CONDUCTIVITY, FIELD","uS/cm",165
"08/04/1998","S65E","SP CONDUCTIVITY, FIELD","uS/cm",176
"08/18/1998","S65E","SP CONDUCTIVITY, FIELD","uS/cm",163
"08/24/1998","S65E","SP CONDUCTIVITY, FIELD","uS/cm",146
"09/15/1998","S65E","SP CONDUCTIVITY, FIELD","uS/cm",144
"09/29/1998","S65E","SP CONDUCTIVITY, FIELD","uS/cm",101
"10/13/1998","S65E","SP CONDUCTIVITY, FIELD","uS/cm",114
"10/27/1998","S65E","SP CONDUCTIVITY, FIELD","uS/cm",126
"11/24/1998","S65E","SP CONDUCTIVITY, FIELD","uS/cm",142
"12/08/1998","S65E","SP CONDUCTIVITY, FIELD","uS/cm",157
"12/22/1998","S65E","SP CONDUCTIVITY, FIELD","uS/cm",149
"01/05/1999","S65E","SP CONDUCTIVITY, FIELD","uS/cm",169
"01/19/1999","S65E","SP CONDUCTIVITY, FIELD","uS/cm",161
"01/25/1999","S65E","SP CONDUCTIVITY, FIELD","uS/cm",169
"02/02/1999","S65E","SP CONDUCTIVITY, FIELD","uS/cm",177
"02/16/1999","S65E","SP CONDUCTIVITY, FIELD","uS/cm",203
"03/16/1999","S65E","SP CONDUCTIVITY, FIELD","uS/cm",237
"03/30/1999","S65E","SP CONDUCTIVITY, FIELD","uS/cm",173
"04/13/1999","S65E","SP CONDUCTIVITY, FIELD","uS/cm",151
"04/19/1999","S65E","SP CONDUCTIVITY, FIELD","uS/cm",153
"04/27/1999","S65E","SP CONDUCTIVITY, FIELD","uS/cm",153
"05/11/1999","S65E","SP CONDUCTIVITY, FIELD","uS/cm",155
"05/25/1999","S65E","SP CONDUCTIVITY, FIELD","uS/cm",157
"06/08/1999","S65E","SP CONDUCTIVITY, FIELD","uS/cm",180
"06/22/1999","S65E","SP CONDUCTIVITY, FIELD","uS/cm",166
"07/06/1999","S65E","SP CONDUCTIVITY, FIELD","uS/cm",218
"07/20/1999","S65E","SP CONDUCTIVITY, FIELD","uS/cm",161
"07/26/1999","S65E","SP CONDUCTIVITY, FIELD","uS/cm",163
"08/03/1999","S65E","SP CONDUCTIVITY, FIELD","uS/cm",174
"08/17/1999","S65E","SP CONDUCTIVITY, FIELD","uS/cm",172
"08/31/1999","S65E","SP CONDUCTIVITY, FIELD","uS/cm",119
"09/16/1999","S65E","SP CONDUCTIVITY, FIELD","uS/cm",180
"09/28/1999","S65E","SP CONDUCTIVITY, FIELD","uS/cm",163
"10/12/1999","S65E","SP CONDUCTIVITY, FIELD","uS/cm",138
"10/18/1999","S65E","SP CONDUCTIVITY, FIELD","uS/cm",144
"11/09/1999","S65E","SP CONDUCTIVITY, FIELD","uS/cm",165
"11/23/1999","S65E","SP CONDUCTIVITY, FIELD","uS/cm",177
"12/07/1999","S65E","SP CONDUCTIVITY, FIELD","uS/cm",190
"12/21/1999","S65E","SP CONDUCTIVITY, FIELD","uS/cm",184
"01/04/2000","S65E","SP CONDUCTIVITY, FIELD","uS/cm",176
"01/18/2000","S65E","SP CONDUCTIVITY, FIELD","uS/cm",170
"01/24/2000","S65E","SP CONDUCTIVITY, FIELD","uS/cm",172
"02/01/2000","S65E","SP CONDUCTIVITY, FIELD","uS/cm",170
"02/15/2000","S65E","SP CONDUCTIVITY, FIELD","uS/cm",168
"02/29/2000","S65E","SP CONDUCTIVITY, FIELD","uS/cm",177
"03/14/2000","S65E","SP CONDUCTIVITY, FIELD","uS/cm",184
"03/28/2000","S65E","SP CONDUCTIVITY, FIELD","uS/cm",190
"04/11/2000","S65E","SP CONDUCTIVITY, FIELD","uS/cm",192
"04/17/2000","S65E","SP CONDUCTIVITY, FIELD","uS/cm",195
"04/24/2000","S65E","SP CONDUCTIVITY, FIELD","uS/cm",193
"05/09/2000","S65E","SP CONDUCTIVITY, FIELD","uS/cm",175
"05/23/2000","S65E","SP CONDUCTIVITY, FIELD","uS/cm",196
"06/06/2000","S65E","SP CONDUCTIVITY, FIELD","uS/cm",224
"06/20/2000","S65E","SP CONDUCTIVITY, FIELD","uS/cm",206
"07/25/2000","S65E","SP CONDUCTIVITY, FIELD","uS/cm",239
"08/01/2000","S65E","SP CONDUCTIVITY, FIELD","uS/cm",222
"08/15/2000","S65E","SP CONDUCTIVITY, FIELD","uS/cm",139
"08/29/2000","S65E","SP CONDUCTIVITY, FIELD","uS/cm",263
"09/12/2000","S65E","SP CONDUCTIVITY, FIELD","uS/cm",268
"10/10/2000","S65E","SP CONDUCTIVITY, FIELD","uS/cm",230
"10/16/2000","S65E","SP CONDUCTIVITY, FIELD","uS/cm",232
"10/24/2000","S65E","SP CONDUCTIVITY, FIELD","uS/cm",228
"11/21/2000","S65E","SP CONDUCTIVITY, FIELD","uS/cm",244
"12/19/2000","S65E","SP CONDUCTIVITY, FIELD","uS/cm",258
"01/16/2001","S65E","SP CONDUCTIVITY, FIELD","uS/cm",277
"01/22/2001","S65E","SP CONDUCTIVITY, FIELD","uS/cm",270
"01/30/2001","S65E","SP CONDUCTIVITY, FIELD","uS/cm",275
"02/13/2001","S65E","SP CONDUCTIVITY, FIELD","uS/cm",267
"03/13/2001","S65E","SP CONDUCTIVITY, FIELD","uS/cm",282
"03/27/2001","S65E","SP CONDUCTIVITY, FIELD","uS/cm",297
"04/10/2001","S65E","SP CONDUCTIVITY, FIELD","uS/cm",322
"04/16/2001","S65E","SP CONDUCTIVITY, FIELD","uS/cm",329
"04/24/2001","S65E","SP CONDUCTIVITY, FIELD","uS/cm",345
"05/08/2001","S65E","SP CONDUCTIVITY, FIELD","uS/cm",338
"05/22/2001","S65E","SP CONDUCTIVITY, FIELD","uS/cm",337
"06/05/2001","S65E","SP CONDUCTIVITY, FIELD","uS/cm",352
"06/19/2001","S65E","SP CONDUCTIVITY, FIELD","uS/cm",330
"07/03/2001","S65E","SP CONDUCTIVITY, FIELD","uS/cm",339
"07/16/2001","S65E","SP CONDUCTIVITY, FIELD","uS/cm",351
"07/17/2001","S65E","SP CONDUCTIVITY, FIELD","uS/cm",363
"07/31/2001","S65E","SP CONDUCTIVITY, FIELD","uS/cm",250
"08/14/2001","S65E","SP CONDUCTIVITY, FIELD","uS/cm",175
"09/11/2001","S65E","SP CONDUCTIVITY, FIELD","uS/cm",223
"09/25/2001","S65E","SP CONDUCTIVITY, FIELD","uS/cm",182
"10/08/2001","S65E","SP CONDUCTIVITY, FIELD","uS/cm",192
"10/09/2001","S65E","SP CONDUCTIVITY, FIELD","uS/cm",194
"11/06/2001","S65E","SP CONDUCTIVITY, FIELD","uS/cm",187
"11/20/2001","S65E","SP CONDUCTIVITY, FIELD","uS/cm",194
"12/04/2001","S65E","SP CONDUCTIVITY, FIELD","uS/cm",200
"12/18/2001","S65E","SP CONDUCTIVITY, FIELD","uS/cm",205
"01/02/2002","S65E","SP CONDUCTIVITY, FIELD","uS/cm",211
"01/15/2002","S65E","SP CONDUCTIVITY, FIELD","uS/cm",203
"01/29/2002","S65E","SP CONDUCTIVITY, FIELD","uS/cm",214
"02/12/2002","S65E","SP CONDUCTIVITY, FIELD","uS/cm",222
"02/26/2002","S65E","SP CONDUCTIVITY, FIELD","uS/cm",215
"03/12/2002","S65E","SP CONDUCTIVITY, FIELD","uS/cm",360
"03/18/2002","S65E","SP CONDUCTIVITY, FIELD","uS/cm",218
"03/26/2002","S65E","SP CONDUCTIVITY, FIELD","uS/cm",217
"04/09/2002","S65E","SP CONDUCTIVITY, FIELD","uS/cm",211
"05/07/2002","S65E","SP CONDUCTIVITY, FIELD","uS/cm",207
"05/21/2002","S65E","SP CONDUCTIVITY, FIELD","uS/cm",212
"06/04/2002","S65E","SP CONDUCTIVITY, FIELD","uS/cm",216
"06/18/2002","S65E","SP CONDUCTIVITY, FIELD","uS/cm",221
"06/24/2002","S65E","SP CONDUCTIVITY, FIELD","uS/cm",232
"07/02/2002","S65E","SP CONDUCTIVITY, FIELD","uS/cm",154
"07/16/2002","S65E","SP CONDUCTIVITY, FIELD","uS/cm",151
"07/30/2002","S65E","SP CONDUCTIVITY, FIELD","uS/cm",154
"08/27/2002","S65E","SP CONDUCTIVITY, FIELD","uS/cm",244
"09/10/2002","S65E","SP CONDUCTIVITY, FIELD","uS/cm",141
"09/16/2002","S65E","SP CONDUCTIVITY, FIELD","uS/cm",153
"09/24/2002","S65E","SP CONDUCTIVITY, FIELD","uS/cm",152
"10/08/2002","S65E","SP CONDUCTIVITY, FIELD","uS/cm",154
"10/22/2002","S65E","SP CONDUCTIVITY, FIELD","uS/cm",168
"11/05/2002","S65E","SP CONDUCTIVITY, FIELD","uS/cm",168
"11/19/2002","S65E","SP CONDUCTIVITY, FIELD","uS/cm",146
"12/03/2002","S65E","SP CONDUCTIVITY, FIELD","uS/cm",183
"12/17/2002","S65E","SP CONDUCTIVITY, FIELD","uS/cm",132
"12/30/2002","S65E","SP CONDUCTIVITY, FIELD","uS/cm",234
"12/31/2002","S65E","SP CONDUCTIVITY, FIELD","uS/cm",136
"01/14/2003","S65E","SP CONDUCTIVITY, FIELD","uS/cm",141
"01/28/2003","S65E","SP CONDUCTIVITY, FIELD","uS/cm",133
"02/11/2003","S65E","SP CONDUCTIVITY, FIELD","uS/cm",146.2
"02/25/2003","S65E","SP CONDUCTIVITY, FIELD","uS/cm",169
"03/11/2003","S65E","SP CONDUCTIVITY, FIELD","uS/cm",183
"03/24/2003","S65E","SP CONDUCTIVITY, FIELD","uS/cm",184.7
"03/25/2003","S65E","SP CONDUCTIVITY, FIELD","uS/cm",187.1
"04/08/2003","S65E","SP CONDUCTIVITY, FIELD","uS/cm",138
"04/22/2003","S65E","SP CONDUCTIVITY, FIELD","uS/cm",136.1
"05/06/2003","S65E","SP CONDUCTIVITY, FIELD","uS/cm",139
"05/20/2003","S65E","SP CONDUCTIVITY, FIELD","uS/cm",143
"06/03/2003","S65E","SP CONDUCTIVITY, FIELD","uS/cm",163
"06/16/2003","S65E","SP CONDUCTIVITY, FIELD","uS/cm",164
"06/17/2003","S65E","SP CONDUCTIVITY, FIELD","uS/cm",163.5
"07/01/2003","S65E","SP CONDUCTIVITY, FIELD","uS/cm",203
"07/15/2003","S65E","SP CONDUCTIVITY, FIELD","uS/cm",153.2
"07/29/2003","S65E","SP CONDUCTIVITY, FIELD","uS/cm",158.2
"08/12/2003","S65E","SP CONDUCTIVITY, FIELD","uS/cm",140
"08/26/2003","S65E","SP CONDUCTIVITY, FIELD","uS/cm",133.4
"09/09/2003","S65E","SP CONDUCTIVITY, FIELD","uS/cm",120.1
"09/15/2003","S65E","SP CONDUCTIVITY, FIELD","uS/cm",116.8
"09/23/2003","S65E","SP CONDUCTIVITY, FIELD","uS/cm",123.4
"10/07/2003","S65E","SP CONDUCTIVITY, FIELD","uS/cm",138.5
"10/21/2003","S65E","SP CONDUCTIVITY, FIELD","uS/cm",131.5
"11/04/2003","S65E","SP CONDUCTIVITY, FIELD","uS/cm",139
"11/18/2003","S65E","SP CONDUCTIVITY, FIELD","uS/cm",144.2
"12/02/2003","S65E","SP CONDUCTIVITY, FIELD","uS/cm",150
"12/15/2003","S65E","SP CONDUCTIVITY, FIELD","uS/cm",134
"12/16/2003","S65E","SP CONDUCTIVITY, FIELD","uS/cm",135
"12/30/2003","S65E","SP CONDUCTIVITY, FIELD","uS/cm",170
"01/13/2004","S65E","SP CONDUCTIVITY, FIELD","uS/cm",128
"01/27/2004","S65E","SP CONDUCTIVITY, FIELD","uS/cm",130
"02/10/2004","S65E","SP CONDUCTIVITY, FIELD","uS/cm",140.1
"02/24/2004","S65E","SP CONDUCTIVITY, FIELD","uS/cm",145.9
"03/09/2004","S65E","SP CONDUCTIVITY, FIELD","uS/cm",157.6
"03/15/2004","S65E","SP CONDUCTIVITY, FIELD","uS/cm",172
"03/23/2004","S65E","SP CONDUCTIVITY, FIELD","uS/cm",152.1
"04/06/2004","S65E","SP CONDUCTIVITY, FIELD","uS/cm",149
"04/20/2004","S65E","SP CONDUCTIVITY, FIELD","uS/cm",162
"05/04/2004","S65E","SP CONDUCTIVITY, FIELD","uS/cm",167
"05/17/2004","S65E","SP CONDUCTIVITY, FIELD","uS/cm",180.4
"05/18/2004","S65E","SP CONDUCTIVITY, FIELD","uS/cm",184.9
"06/08/2004","S65E","SP CONDUCTIVITY, FIELD","uS/cm",183.9
"06/22/2004","S65E","SP CONDUCTIVITY, FIELD","uS/cm",172
"07/06/2004","S65E","SP CONDUCTIVITY, FIELD","uS/cm",186
"07/20/2004","S65E","SP CONDUCTIVITY, FIELD","uS/cm",177
"08/03/2004","S65E","SP CONDUCTIVITY, FIELD","uS/cm",183
"08/17/2004","S65E","SP CONDUCTIVITY, FIELD","uS/cm",195.2
"08/23/2004","S65E","SP CONDUCTIVITY, FIELD","uS/cm",169.6
"08/31/2004","S65E","SP CONDUCTIVITY, FIELD","uS/cm",152
"09/14/2004","S65E","SP CONDUCTIVITY, FIELD","uS/cm",149
"09/29/2004","S65E","SP CONDUCTIVITY, FIELD","uS/cm",116.2
"10/12/2004","S65E","SP CONDUCTIVITY, FIELD","uS/cm",108
"10/26/2004","S65E","SP CONDUCTIVITY, FIELD","uS/cm",113.4
"11/09/2004","S65E","SP CONDUCTIVITY, FIELD","uS/cm",117
"11/22/2004","S65E","SP CONDUCTIVITY, FIELD","uS/cm",119.5
"12/07/2004","S65E","SP CONDUCTIVITY, FIELD","uS/cm",123.2
"12/21/2004","S65E","SP CONDUCTIVITY, FIELD","uS/cm",120
"01/04/2005","S65E","SP CONDUCTIVITY, FIELD","uS/cm",128.7
"01/18/2005","S65E","SP CONDUCTIVITY, FIELD","uS/cm",134
"02/01/2005","S65E","SP CONDUCTIVITY, FIELD","uS/cm",136.4
"02/14/2005","S65E","SP CONDUCTIVITY, FIELD","uS/cm",130
"02/15/2005","S65E","SP CONDUCTIVITY, FIELD","uS/cm",133.8
"03/01/2005","S65E","SP CONDUCTIVITY, FIELD","uS/cm",131.8
"03/15/2005","S65E","SP CONDUCTIVITY, FIELD","uS/cm",157
"03/29/2005","S65E","SP CONDUCTIVITY, FIELD","uS/cm",128.3
"04/12/2005","S65E","SP CONDUCTIVITY, FIELD","uS/cm",121
"04/26/2005","S65E","SP CONDUCTIVITY, FIELD","uS/cm",128
"05/10/2005","S65E","SP CONDUCTIVITY, FIELD","uS/cm",144.8
"05/16/2005","S65E","SP CONDUCTIVITY, FIELD","uS/cm",135.1
"05/24/2005","S65E","SP CONDUCTIVITY, FIELD","uS/cm",134
"06/07/2005","S65E","SP CONDUCTIVITY, FIELD","uS/cm",123.3
"07/05/2005","S65E","SP CONDUCTIVITY, FIELD","uS/cm",119.2
"07/19/2005","S65E","SP CONDUCTIVITY, FIELD","uS/cm",117
"08/02/2005","S65E","SP CONDUCTIVITY, FIELD","uS/cm",99
"08/16/2005","S65E","SP CONDUCTIVITY, FIELD","uS/cm",117
"08/22/2005","S65E","SP CONDUCTIVITY, FIELD","uS/cm",111.2
"08/30/2005","S65E","SP CONDUCTIVITY, FIELD","uS/cm",111.9
"09/12/2005","S65E","SP CONDUCTIVITY, FIELD","uS/cm",106
"09/26/2005","S65E","SP CONDUCTIVITY, FIELD","uS/cm",119
"10/11/2005","S65E","SP CONDUCTIVITY, FIELD","uS/cm",134
"11/08/2005","S65E","SP CONDUCTIVITY, FIELD","uS/cm",93.8
"11/14/2005","S65E","SP CONDUCTIVITY, FIELD","uS/cm",97.8
"11/16/2005","S65E","SP CONDUCTIVITY, FIELD","uS/cm",105
"12/06/2005","S65E","SP CONDUCTIVITY, FIELD","uS/cm",120.8
"12/20/2005","S65E","SP CONDUCTIVITY, FIELD","uS/cm",113.6
"01/03/2006","S65E","SP CONDUCTIVITY, FIELD","uS/cm",113
"01/17/2006","S65E","SP CONDUCTIVITY, FIELD","uS/cm",110.4
"01/30/2006","S65E","SP CONDUCTIVITY, FIELD","uS/cm",115.2
"02/13/2006","S65E","SP CONDUCTIVITY, FIELD","uS/cm",156.2
"02/21/2006","S65E","SP CONDUCTIVITY, FIELD","uS/cm",133.1
"02/28/2006","S65E","SP CONDUCTIVITY, FIELD","uS/cm",136
"03/13/2006","S65E","SP CONDUCTIVITY, FIELD","uS/cm",138
"03/28/2006","S65E","SP CONDUCTIVITY, FIELD","uS/cm",134
"04/11/2006","S65E","SP CONDUCTIVITY, FIELD","uS/cm",138
"04/24/2006","S65E","SP CONDUCTIVITY, FIELD","uS/cm",146
"05/08/2006","S65E","SP CONDUCTIVITY, FIELD","uS/cm",143.5
"05/22/2006","S65E","SP CONDUCTIVITY, FIELD","uS/cm",139.5
"05/23/2006","S65E","SP CONDUCTIVITY, FIELD","uS/cm",142.4
"06/06/2006","S65E","SP CONDUCTIVITY, FIELD","uS/cm",142
"06/19/2006","S65E","SP CONDUCTIVITY, FIELD","uS/cm",147.65
"07/18/2006","S65E","SP CONDUCTIVITY, FIELD","uS/cm",159
"07/31/2006","S65E","SP CONDUCTIVITY, FIELD","uS/cm",124
"08/14/2006","S65E","SP CONDUCTIVITY, FIELD","uS/cm",173
"08/21/2006","S65E","SP CONDUCTIVITY, FIELD","uS/cm",179.2
"08/31/2006","S65E","SP CONDUCTIVITY, FIELD","uS/cm",184
"09/11/2006","S65E","SP CONDUCTIVITY, FIELD","uS/cm",126.2
"09/25/2006","S65E","SP CONDUCTIVITY, FIELD","uS/cm",127
"10/10/2006","S65E","SP CONDUCTIVITY, FIELD","uS/cm",152
"10/24/2006","S65E","SP CONDUCTIVITY, FIELD","uS/cm",291.5
"11/07/2006","S65E","SP CONDUCTIVITY, FIELD","uS/cm",169
"11/21/2006","S65E","SP CONDUCTIVITY, FIELD","uS/cm",173
"11/27/2006","S65E","SP CONDUCTIVITY, FIELD","uS/cm",170
"12/05/2006","S65E","SP CONDUCTIVITY, FIELD","uS/cm",178.5
"12/19/2006","S65E","SP CONDUCTIVITY, FIELD","uS/cm",179
"01/02/2007","S65E","SP CONDUCTIVITY, FIELD","uS/cm",186.5
"01/16/2007","S65E","SP CONDUCTIVITY, FIELD","uS/cm",179
"01/30/2007","S65E","SP CONDUCTIVITY, FIELD","uS/cm",195
"02/13/2007","S65E","SP CONDUCTIVITY, FIELD","uS/cm",201
"02/26/2007","S65E","SP CONDUCTIVITY, FIELD","uS/cm",208
"02/27/2007","S65E","SP CONDUCTIVITY, FIELD","uS/cm",208
"03/13/2007","S65E","SP CONDUCTIVITY, FIELD","uS/cm",226
"03/27/2007","S65E","SP CONDUCTIVITY, FIELD","uS/cm",236
"04/10/2007","S65E","SP CONDUCTIVITY, FIELD","uS/cm",249
"04/24/2007","S65E","SP CONDUCTIVITY, FIELD","uS/cm",261
"05/08/2007","S65E","SP CONDUCTIVITY, FIELD","uS/cm",254
"05/21/2007","S65E","SP CONDUCTIVITY, FIELD","uS/cm",295
"05/22/2007","S65E","SP CONDUCTIVITY, FIELD","uS/cm",302
"06/05/2007","S65E","SP CONDUCTIVITY, FIELD","uS/cm",304
"06/19/2007","S65E","SP CONDUCTIVITY, FIELD","uS/cm",307
"07/02/2007","S65E","SP CONDUCTIVITY, FIELD","uS/cm",303
"07/17/2007","S65E","SP CONDUCTIVITY, FIELD","uS/cm",423
"08/06/2007","S65E","SP CONDUCTIVITY, FIELD","uS/cm",202
"08/20/2007","S65E","SP CONDUCTIVITY, FIELD","uS/cm",183.666666666667
"08/21/2007","S65E","SP CONDUCTIVITY, FIELD","uS/cm",199
"09/04/2007","S65E","SP CONDUCTIVITY, FIELD","uS/cm",201
"09/17/2007","S65E","SP CONDUCTIVITY, FIELD","uS/cm",215
"10/01/2007","S65E","SP CONDUCTIVITY, FIELD","uS/cm",198
"10/15/2007","S65E","SP CONDUCTIVITY, FIELD","uS/cm",210
"10/29/2007","S65E","SP CONDUCTIVITY, FIELD","uS/cm",188
"11/05/2007","S65E","SP CONDUCTIVITY, FIELD","uS/cm",198
"11/20/2007","S65E","SP CONDUCTIVITY, FIELD","uS/cm",198
"11/26/2007","S65E","SP CONDUCTIVITY, FIELD","uS/cm",202
"12/03/2007","S65E","SP CONDUCTIVITY, FIELD","uS/cm",204.666666666667
"12/18/2007","S65E","SP CONDUCTIVITY, FIELD","uS/cm",187
"01/17/2008","S65E","SP CONDUCTIVITY, FIELD","uS/cm",218
"01/29/2008","S65E","SP CONDUCTIVITY, FIELD","uS/cm",226
"02/04/2008","S65E","SP CONDUCTIVITY, FIELD","uS/cm",226
"02/19/2008","S65E","SP CONDUCTIVITY, FIELD","uS/cm",233
"02/20/2008","S65E","SP CONDUCTIVITY, FIELD","uS/cm",233
"03/03/2008","S65E","SP CONDUCTIVITY, FIELD","uS/cm",231
"03/17/2008","S65E","SP CONDUCTIVITY, FIELD","uS/cm",236
"04/07/2008","S65E","SP CONDUCTIVITY, FIELD","uS/cm",216
"04/21/2008","S65E","SP CONDUCTIVITY, FIELD","uS/cm",211
"05/06/2008","S65E","SP CONDUCTIVITY, FIELD","uS/cm",216
"05/19/2008","S65E","SP CONDUCTIVITY, FIELD","uS/cm",230
"05/28/2008","S65E","SP CONDUCTIVITY, FIELD","uS/cm",227
"06/03/2008","S65E","SP CONDUCTIVITY, FIELD","uS/cm",239.666666666667
"06/17/2008","S65E","SP CONDUCTIVITY, FIELD","uS/cm",241
"07/01/2008","S65E","SP CONDUCTIVITY, FIELD","uS/cm",254
"07/16/2008","S65E","SP CONDUCTIVITY, FIELD","uS/cm",193
"08/06/2008","S65E","SP CONDUCTIVITY, FIELD","uS/cm",140
"08/26/2008","S65E","SP CONDUCTIVITY, FIELD","uS/cm",109
"08/28/2008","S65E","SP CONDUCTIVITY, FIELD","uS/cm",117
"09/08/2008","S65E","SP CONDUCTIVITY, FIELD","uS/cm",160
"09/22/2008","S65E","SP CONDUCTIVITY, FIELD","uS/cm",180
"10/06/2008","S65E","SP CONDUCTIVITY, FIELD","uS/cm",202
"10/20/2008","S65E","SP CONDUCTIVITY, FIELD","uS/cm",239
"11/13/2008","S65E","SP CONDUCTIVITY, FIELD","uS/cm",262
"11/19/2008","S65E","SP CONDUCTIVITY, FIELD","uS/cm",241
"11/24/2008","S65E","SP CONDUCTIVITY, FIELD","uS/cm",241
"12/10/2008","S65E","SP CONDUCTIVITY, FIELD","uS/cm",245
"12/23/2008","S65E","SP CONDUCTIVITY, FIELD","uS/cm",233
"01/14/2009","S65E","SP CONDUCTIVITY, FIELD","uS/cm",224
"01/27/2009","S65E","SP CONDUCTIVITY, FIELD","uS/cm",232
"02/02/2009","S65E","SP CONDUCTIVITY, FIELD","uS/cm",251
"02/18/2009","S65E","SP CONDUCTIVITY, FIELD","uS/cm",223
"03/03/2009","S65E","SP CONDUCTIVITY, FIELD","uS/cm",259.333333333333
"03/17/2009","S65E","SP CONDUCTIVITY, FIELD","uS/cm",235
"03/31/2009","S65E","SP CONDUCTIVITY, FIELD","uS/cm",239
"04/14/2009","S65E","SP CONDUCTIVITY, FIELD","uS/cm",259
"04/29/2009","S65E","SP CONDUCTIVITY, FIELD","uS/cm",276
"05/13/2009","S65E","SP CONDUCTIVITY, FIELD","uS/cm",265
"05/20/2009","S65E","SP CONDUCTIVITY, FIELD","uS/cm",263
"05/27/2009","S65E","SP CONDUCTIVITY, FIELD","uS/cm",254
"06/02/2009","S65E","SP CONDUCTIVITY, FIELD","uS/cm",240
"06/16/2009","S65E","SP CONDUCTIVITY, FIELD","uS/cm",236
"07/07/2009","S65E","SP CONDUCTIVITY, FIELD","uS/cm",230
"07/20/2009","S65E","SP CONDUCTIVITY, FIELD","uS/cm",204
"08/04/2009","S65E","SP CONDUCTIVITY, FIELD","uS/cm",186
"08/18/2009","S65E","SP CONDUCTIVITY, FIELD","uS/cm",173
"08/26/2009","S65E","SP CONDUCTIVITY, FIELD","uS/cm",193
"09/08/2009","S65E","SP CONDUCTIVITY, FIELD","uS/cm",184
"09/22/2009","S65E","SP CONDUCTIVITY, FIELD","uS/cm",160
"10/07/2009","S65E","SP CONDUCTIVITY, FIELD","uS/cm",167
"10/21/2009","S65E","SP CONDUCTIVITY, FIELD","uS/cm",160
"11/09/2009","S65E","SP CONDUCTIVITY, FIELD","uS/cm",176
"11/18/2009","S65E","SP CONDUCTIVITY, FIELD","uS/cm",182
"11/30/2009","S65E","SP CONDUCTIVITY, FIELD","uS/cm",189
"12/16/2009","S65E","SP CONDUCTIVITY, FIELD","uS/cm",197
"12/28/2009","S65E","SP CONDUCTIVITY, FIELD","uS/cm",224
"01/11/2010","S65E","SP CONDUCTIVITY, FIELD","uS/cm",232
"01/25/2010","S65E","SP CONDUCTIVITY, FIELD","uS/cm",225
"02/08/2010","S65E","SP CONDUCTIVITY, FIELD","uS/cm",185
"02/17/2010","S65E","SP CONDUCTIVITY, FIELD","uS/cm",192
"02/24/2010","S65E","SP CONDUCTIVITY, FIELD","uS/cm",177
"03/15/2010","S65E","SP CONDUCTIVITY, FIELD","uS/cm",192
"03/29/2010","S65E","SP CONDUCTIVITY, FIELD","uS/cm",191
"04/12/2010","S65E","SP CONDUCTIVITY, FIELD","uS/cm",172
"04/26/2010","S65E","SP CONDUCTIVITY, FIELD","uS/cm",177
"05/10/2010","S65E","SP CONDUCTIVITY, FIELD","uS/cm",169
"05/24/2010","S65E","SP CONDUCTIVITY, FIELD","uS/cm",168
"05/26/2010","S65E","SP CONDUCTIVITY, FIELD","uS/cm",160
"06/07/2010","S65E","SP CONDUCTIVITY, FIELD","uS/cm",171
"06/21/2010","S65E","SP CONDUCTIVITY, FIELD","uS/cm",152.9
"07/08/2010","S65E","SP CONDUCTIVITY, FIELD","uS/cm",189
"07/19/2010","S65E","SP CONDUCTIVITY, FIELD","uS/cm",156
"08/02/2010","S65E","SP CONDUCTIVITY, FIELD","uS/cm",176
"08/16/2010","S65E","SP CONDUCTIVITY, FIELD","uS/cm",214
"08/18/2010","S65E","SP CONDUCTIVITY, FIELD","uS/cm",214
"09/14/2010","S65E","SP CONDUCTIVITY, FIELD","uS/cm",178.666666666667
"09/27/2010","S65E","SP CONDUCTIVITY, FIELD","uS/cm",175
"10/11/2010","S65E","SP CONDUCTIVITY, FIELD","uS/cm",171
"10/26/2010","S65E","SP CONDUCTIVITY, FIELD","uS/cm",190
"11/09/2010","S65E","SP CONDUCTIVITY, FIELD","uS/cm",206
"11/17/2010","S65E","SP CONDUCTIVITY, FIELD","uS/cm",180
"11/29/2010","S65E","SP CONDUCTIVITY, FIELD","uS/cm",189
"12/09/2010","S65E","SP CONDUCTIVITY, FIELD","uS/cm",189
"12/22/2010","S65E","SP CONDUCTIVITY, FIELD","uS/cm",197
"01/10/2011","S65E","SP CONDUCTIVITY, FIELD","uS/cm",197
"01/24/2011","S65E","SP CONDUCTIVITY, FIELD","uS/cm",208
"02/07/2011","S65E","SP CONDUCTIVITY, FIELD","uS/cm",215.9
"02/17/2011","S65E","SP CONDUCTIVITY, FIELD","uS/cm",230
"02/23/2011","S65E","SP CONDUCTIVITY, FIELD","uS/cm",231
"03/09/2011","S65E","SP CONDUCTIVITY, FIELD","uS/cm",224
"03/23/2011","S65E","SP CONDUCTIVITY, FIELD","uS/cm",210
"04/13/2011","S65E","SP CONDUCTIVITY, FIELD","uS/cm",182
"04/27/2011","S65E","SP CONDUCTIVITY, FIELD","uS/cm",172
"05/11/2011","S65E","SP CONDUCTIVITY, FIELD","uS/cm",175
"05/18/2011","S65E","SP CONDUCTIVITY, FIELD","uS/cm",179
"05/25/2011","S65E","SP CONDUCTIVITY, FIELD","uS/cm",184
"06/08/2011","S65E","SP CONDUCTIVITY, FIELD","uS/cm",191
"06/20/2011","S65E","SP CONDUCTIVITY, FIELD","uS/cm",194
"07/06/2011","S65E","SP CONDUCTIVITY, FIELD","uS/cm",198
"07/20/2011","S65E","SP CONDUCTIVITY, FIELD","uS/cm",221
"08/03/2011","S65E","SP CONDUCTIVITY, FIELD","uS/cm",185
"08/17/2011","S65E","SP CONDUCTIVITY, FIELD","uS/cm",231
"08/24/2011","S65E","SP CONDUCTIVITY, FIELD","uS/cm",216
"08/31/2011","S65E","SP CONDUCTIVITY, FIELD","uS/cm",189
"09/14/2011","S65E","SP CONDUCTIVITY, FIELD","uS/cm",179.666666666667
"09/28/2011","S65E","SP CONDUCTIVITY, FIELD","uS/cm",200
"10/12/2011","S65E","SP CONDUCTIVITY, FIELD","uS/cm",105
"10/26/2011","S65E","SP CONDUCTIVITY, FIELD","uS/cm",140
"11/07/2011","S65E","SP CONDUCTIVITY, FIELD","uS/cm",144
"11/16/2011","S65E","SP CONDUCTIVITY, FIELD","uS/cm",143
"11/22/2011","S65E","SP CONDUCTIVITY, FIELD","uS/cm",158
"12/07/2011","S65E","SP CONDUCTIVITY, FIELD","uS/cm",165
"12/21/2011","S65E","SP CONDUCTIVITY, FIELD","uS/cm",165
"01/04/2012","S65E","SP CONDUCTIVITY, FIELD","uS/cm",167
"01/18/2012","S65E","SP CONDUCTIVITY, FIELD","uS/cm",163
"02/01/2012","S65E","SP CONDUCTIVITY, FIELD","uS/cm",153
"02/15/2012","S65E","SP CONDUCTIVITY, FIELD","uS/cm",155
"02/22/2012","S65E","SP CONDUCTIVITY, FIELD","uS/cm",154
"02/29/2012","S65E","SP CONDUCTIVITY, FIELD","uS/cm",154
"03/14/2012","S65E","SP CONDUCTIVITY, FIELD","uS/cm",165
"03/28/2012","S65E","SP CONDUCTIVITY, FIELD","uS/cm",191
"04/11/2012","S65E","SP CONDUCTIVITY, FIELD","uS/cm",203
"04/25/2012","S65E","SP CONDUCTIVITY, FIELD","uS/cm",208
"05/09/2012","S65E","SP CONDUCTIVITY, FIELD","uS/cm",197
"05/16/2012","S65E","SP CONDUCTIVITY, FIELD","uS/cm",192
"05/23/2012","S65E","SP CONDUCTIVITY, FIELD","uS/cm",183
"06/06/2012","S65E","SP CONDUCTIVITY, FIELD","uS/cm",183
"06/20/2012","S65E","SP CONDUCTIVITY, FIELD","uS/cm",200
"07/11/2012","S65E","SP CONDUCTIVITY, FIELD","uS/cm",179
"07/25/2012","S65E","SP CONDUCTIVITY, FIELD","uS/cm",213
"08/08/2012","S65E","SP CONDUCTIVITY, FIELD","uS/cm",241
"08/22/2012","S65E","SP CONDUCTIVITY, FIELD","uS/cm",233
"09/05/2012","S65E","SP CONDUCTIVITY, FIELD","uS/cm",139
"09/19/2012","S65E","SP CONDUCTIVITY, FIELD","uS/cm",147
"10/03/2012","S65E","SP CONDUCTIVITY, FIELD","uS/cm",138
"10/17/2012","S65E","SP CONDUCTIVITY, FIELD","uS/cm",137
"10/31/2012","S65E","SP CONDUCTIVITY, FIELD","uS/cm",184
"11/14/2012","S65E","SP CONDUCTIVITY, FIELD","uS/cm",396.5
"11/28/2012","S65E","SP CONDUCTIVITY, FIELD","uS/cm",203
"12/05/2012","S65E","SP CONDUCTIVITY, FIELD","uS/cm",202
"12/19/2012","S65E","SP CONDUCTIVITY, FIELD","uS/cm",200
"01/02/2013","S65E","SP CONDUCTIVITY, FIELD","uS/cm",177
"01/16/2013","S65E","SP CONDUCTIVITY, FIELD","uS/cm",202
"01/30/2013","S65E","SP CONDUCTIVITY, FIELD","uS/cm",216
"02/06/2013","S65E","SP CONDUCTIVITY, FIELD","uS/cm",220
"02/13/2013","S65E","SP CONDUCTIVITY, FIELD","uS/cm",220
"02/27/2013","S65E","SP CONDUCTIVITY, FIELD","uS/cm",214
"03/13/2013","S65E","SP CONDUCTIVITY, FIELD","uS/cm",217
"03/27/2013","S65E","SP CONDUCTIVITY, FIELD","uS/cm",220
"04/10/2013","S65E","SP CONDUCTIVITY, FIELD","uS/cm",227
"04/24/2013","S65E","SP CONDUCTIVITY, FIELD","uS/cm",234
"05/08/2013","S65E","SP CONDUCTIVITY, FIELD","uS/cm",216
"05/22/2013","S65E","SP CONDUCTIVITY, FIELD","uS/cm",202
"06/05/2013","S65E","SP CONDUCTIVITY, FIELD","uS/cm",217
"06/19/2013","S65E","SP CONDUCTIVITY, FIELD","uS/cm",202
"07/02/2013","S65E","SP CONDUCTIVITY, FIELD","uS/cm",218
"07/17/2013","S65E","SP CONDUCTIVITY, FIELD","uS/cm",178
"07/31/2013","S65E","SP CONDUCTIVITY, FIELD","uS/cm",150
"08/07/2013","S65E","SP CONDUCTIVITY, FIELD","uS/cm",168
"08/14/2013","S65E","SP CONDUCTIVITY, FIELD","uS/cm",156
"08/28/2013","S65E","SP CONDUCTIVITY, FIELD","uS/cm",166
"09/11/2013","S65E","SP CONDUCTIVITY, FIELD","uS/cm",165
"09/25/2013","S65E","SP CONDUCTIVITY, FIELD","uS/cm",163
"10/09/2013","S65E","SP CONDUCTIVITY, FIELD","uS/cm",143
"10/23/2013","S65E","SP CONDUCTIVITY, FIELD","uS/cm",169
"11/04/2013","S65E","SP CONDUCTIVITY, FIELD","uS/cm",188
"11/06/2013","S65E","SP CONDUCTIVITY, FIELD","uS/cm",191
"11/20/2013","S65E","SP CONDUCTIVITY, FIELD","uS/cm",196
"12/04/2013","S65E","SP CONDUCTIVITY, FIELD","uS/cm",200
"12/18/2013","S65E","SP CONDUCTIVITY, FIELD","uS/cm",205
"12/30/2013","S65E","SP CONDUCTIVITY, FIELD","uS/cm",210
"01/15/2014","S65E","SP CONDUCTIVITY, FIELD","uS/cm",200
"01/29/2014","S65E","SP CONDUCTIVITY, FIELD","uS/cm",196
"02/03/2014","S65E","SP CONDUCTIVITY, FIELD","uS/cm",192
"02/12/2014","S65E","SP CONDUCTIVITY, FIELD","uS/cm",235
"02/26/2014","S65E","SP CONDUCTIVITY, FIELD","uS/cm",203
"03/12/2014","S65E","SP CONDUCTIVITY, FIELD","uS/cm",189
"03/26/2014","S65E","SP CONDUCTIVITY, FIELD","uS/cm",186
"04/09/2014","S65E","SP CONDUCTIVITY, FIELD","uS/cm",180
"04/23/2014","S65E","SP CONDUCTIVITY, FIELD","uS/cm",183
"05/05/2014","S65E","SP CONDUCTIVITY, FIELD","uS/cm",192
"05/07/2014","S65E","SP CONDUCTIVITY, FIELD","uS/cm",193
"05/21/2014","S65E","SP CONDUCTIVITY, FIELD","uS/cm",200
"06/04/2014","S65E","SP CONDUCTIVITY, FIELD","uS/cm",200
"06/18/2014","S65E","SP CONDUCTIVITY, FIELD","uS/cm",234
"07/01/2014","S65E","SP CONDUCTIVITY, FIELD","uS/cm",244
"07/16/2014","S65E","SP CONDUCTIVITY, FIELD","uS/cm",178
"07/30/2014","S65E","SP CONDUCTIVITY, FIELD","uS/cm",168
"08/13/2014","S65E","SP CONDUCTIVITY, FIELD","uS/cm",152
"08/18/2014","S65E","SP CONDUCTIVITY, FIELD","uS/cm",159
"08/27/2014","S65E","SP CONDUCTIVITY, FIELD","uS/cm",142
"09/10/2014","S65E","SP CONDUCTIVITY, FIELD","uS/cm",163
"09/24/2014","S65E","SP CONDUCTIVITY, FIELD","uS/cm",164
"10/08/2014","S65E","SP CONDUCTIVITY, FIELD","uS/cm",126
"10/22/2014","S65E","SP CONDUCTIVITY, FIELD","uS/cm",155
"11/03/2014","S65E","SP CONDUCTIVITY, FIELD","uS/cm",168
"11/05/2014","S65E","SP CONDUCTIVITY, FIELD","uS/cm",173
"11/19/2014","S65E","SP CONDUCTIVITY, FIELD","uS/cm",189
"12/03/2014","S65E","SP CONDUCTIVITY, FIELD","uS/cm",217
"12/17/2014","S65E","SP CONDUCTIVITY, FIELD","uS/cm",166
"12/30/2014","S65E","SP CONDUCTIVITY, FIELD","uS/cm",166
"01/14/2015","S65E","SP CONDUCTIVITY, FIELD","uS/cm",170
"01/28/2015","S65E","SP CONDUCTIVITY, FIELD","uS/cm",154
"02/02/2015","S65E","SP CONDUCTIVITY, FIELD","uS/cm",151
"02/25/2015","S65E","SP CONDUCTIVITY, FIELD","uS/cm",139
"03/11/2015","S65E","SP CONDUCTIVITY, FIELD","uS/cm",140
"03/25/2015","S65E","SP CONDUCTIVITY, FIELD","uS/cm",155
"04/08/2015","S65E","SP CONDUCTIVITY, FIELD","uS/cm",164
"04/22/2015","S65E","SP CONDUCTIVITY, FIELD","uS/cm",169
"05/04/2015","S65E","SP CONDUCTIVITY, FIELD","uS/cm",165
"05/06/2015","S65E","SP CONDUCTIVITY, FIELD","uS/cm",170
"05/20/2015","S65E","SP CONDUCTIVITY, FIELD","uS/cm",182
"06/03/2015","S65E","SP CONDUCTIVITY, FIELD","uS/cm",192
"06/17/2015","S65E","SP CONDUCTIVITY, FIELD","uS/cm",195
"07/01/2015","S65E","SP CONDUCTIVITY, FIELD","uS/cm",205
"07/15/2015","S65E","SP CONDUCTIVITY, FIELD","uS/cm",211
"07/29/2015","S65E","SP CONDUCTIVITY, FIELD","uS/cm",187
"08/03/2015","S65E","SP CONDUCTIVITY, FIELD","uS/cm",178
"08/12/2015","S65E","SP CONDUCTIVITY, FIELD","uS/cm",174.666666666667
"08/26/2015","S65E","SP CONDUCTIVITY, FIELD","uS/cm",157
"09/09/2015","S65E","SP CONDUCTIVITY, FIELD","uS/cm",140
"09/23/2015","S65E","SP CONDUCTIVITY, FIELD","uS/cm",144
"10/07/2015","S65E","SP CONDUCTIVITY, FIELD","uS/cm",140
"10/21/2015","S65E","SP CONDUCTIVITY, FIELD","uS/cm",140
"10/26/2015","S65E","SP CONDUCTIVITY, FIELD","uS/cm",142
"11/04/2015","S65E","SP CONDUCTIVITY, FIELD","uS/cm",154
"11/18/2015","S65E","SP CONDUCTIVITY, FIELD","uS/cm",159
"12/02/2015","S65E","SP CONDUCTIVITY, FIELD","uS/cm",211
"12/21/2015","S65E","SP CONDUCTIVITY, FIELD","uS/cm",226
"01/04/2016","S65E","SP CONDUCTIVITY, FIELD","uS/cm",213
"01/20/2016","S65E","SP CONDUCTIVITY, FIELD","uS/cm",197
"02/01/2016","S65E","SP CONDUCTIVITY, FIELD","uS/cm",195
"02/15/2016","S65E","SP CONDUCTIVITY, FIELD","uS/cm",139
"02/29/2016","S65E","SP CONDUCTIVITY, FIELD","uS/cm",147
"03/14/2016","S65E","SP CONDUCTIVITY, FIELD","uS/cm",150
"03/28/2016","S65E","SP CONDUCTIVITY, FIELD","uS/cm",181
"04/11/2016","S65E","SP CONDUCTIVITY, FIELD","uS/cm",153
"04/25/2016","S65E","SP CONDUCTIVITY, FIELD","uS/cm",155
"05/09/2016","S65E","SP CONDUCTIVITY, FIELD","uS/cm",166
"05/23/2016","S65E","SP CONDUCTIVITY, FIELD","uS/cm",108
"06/06/2016","S65E","SP CONDUCTIVITY, FIELD","uS/cm",136
"06/20/2016","S65E","SP CONDUCTIVITY, FIELD","uS/cm",119
"07/06/2016","S65E","SP CONDUCTIVITY, FIELD","uS/cm",142
"07/18/2016","S65E","SP CONDUCTIVITY, FIELD","uS/cm",154
"08/01/2016","S65E","SP CONDUCTIVITY, FIELD","uS/cm",139
"08/15/2016","S65E","SP CONDUCTIVITY, FIELD","uS/cm",158
"08/29/2016","S65E","SP CONDUCTIVITY, FIELD","uS/cm",145
"09/12/2016","S65E","SP CONDUCTIVITY, FIELD","uS/cm",119
"09/26/2016","S65E","SP CONDUCTIVITY, FIELD","uS/cm",131
"10/10/2016","S65E","SP CONDUCTIVITY, FIELD","uS/cm",133
"10/24/2016","S65E","SP CONDUCTIVITY, FIELD","uS/cm",127
"11/07/2016","S65E","SP CONDUCTIVITY, FIELD","uS/cm",134
"11/21/2016","S65E","SP CONDUCTIVITY, FIELD","uS/cm",137
"12/19/2016","S65E","SP CONDUCTIVITY, FIELD","uS/cm",142
"01/09/2017","S65E","SP CONDUCTIVITY, FIELD","uS/cm",151
"01/23/2017","S65E","SP CONDUCTIVITY, FIELD","uS/cm",163
"02/06/2017","S65E","SP CONDUCTIVITY, FIELD","uS/cm",178
"02/20/2017","S65E","SP CONDUCTIVITY, FIELD","uS/cm",194
"03/06/2017","S65E","SP CONDUCTIVITY, FIELD","uS/cm",191
"03/13/2017","S65E","SP CONDUCTIVITY, FIELD","uS/cm",190
"03/20/2017","S65E","SP CONDUCTIVITY, FIELD","uS/cm",237.333333333333
"04/17/2017","S65E","SP CONDUCTIVITY, FIELD","uS/cm",144
"04/24/2017","S65E","SP CONDUCTIVITY, FIELD","uS/cm",386
"05/01/2017","S65E","SP CONDUCTIVITY, FIELD","uS/cm",195
"05/08/2017","S65E","SP CONDUCTIVITY, FIELD","uS/cm",201
"06/05/2017","S65E","SP CONDUCTIVITY, FIELD","uS/cm",205
"06/12/2017","S65E","SP CONDUCTIVITY, FIELD","uS/cm",215
"06/19/2017","S65E","SP CONDUCTIVITY, FIELD","uS/cm",272
"07/05/2017","S65E","SP CONDUCTIVITY, FIELD","uS/cm",190
"07/17/2017","S65E","SP CONDUCTIVITY, FIELD","uS/cm",206
"08/01/2017","S65E","SP CONDUCTIVITY, FIELD","uS/cm",156
"08/14/2017","S65E","SP CONDUCTIVITY, FIELD","uS/cm",178
"08/28/2017","S65E","SP CONDUCTIVITY, FIELD","uS/cm",156
"09/13/2017","S65E","SP CONDUCTIVITY, FIELD","uS/cm",116
"09/25/2017","S65E","SP CONDUCTIVITY, FIELD","uS/cm",133
"10/09/2017","S65E","SP CONDUCTIVITY, FIELD","uS/cm",147
"10/23/2017","S65E","SP CONDUCTIVITY, FIELD","uS/cm",142
"11/06/2017","S65E","SP CONDUCTIVITY, FIELD","uS/cm",136
"11/20/2017","S65E","SP CONDUCTIVITY, FIELD","uS/cm",158
"12/04/2017","S65E","SP CONDUCTIVITY, FIELD","uS/cm",172
"12/18/2017","S65E","SP CONDUCTIVITY, FIELD","uS/cm",194
"01/16/2018","S65E","SP CONDUCTIVITY, FIELD","uS/cm",168
"02/12/2018","S65E","SP CONDUCTIVITY, FIELD","uS/cm",165
"03/12/2018","S65E","SP CONDUCTIVITY, FIELD","uS/cm",172
"03/26/2018","S65E","SP CONDUCTIVITY, FIELD","uS/cm",184
"04/09/2018","S65E","SP CONDUCTIVITY, FIELD","uS/cm",188
"04/23/2018","S65E","SP CONDUCTIVITY, FIELD","uS/cm",190
"05/07/2018","S65E","SP CONDUCTIVITY, FIELD","uS/cm",155
"05/21/2018","S65E","SP CONDUCTIVITY, FIELD","uS/cm",223
"06/04/2018","S65E","SP CONDUCTIVITY, FIELD","uS/cm",249
"06/18/2018","S65E","SP CONDUCTIVITY, FIELD","uS/cm",190
"07/02/2018","S65E","SP CONDUCTIVITY, FIELD","uS/cm",191
"07/16/2018","S65E","SP CONDUCTIVITY, FIELD","uS/cm",184
"07/30/2018","S65E","SP CONDUCTIVITY, FIELD","uS/cm",179
"08/06/2018","S65E","SP CONDUCTIVITY, FIELD","uS/cm",172
"08/20/2018","S65E","SP CONDUCTIVITY, FIELD","uS/cm",163
"09/04/2018","S65E","SP CONDUCTIVITY, FIELD","uS/cm",161
"09/17/2018","S65E","SP CONDUCTIVITY, FIELD","uS/cm",153
"10/01/2018","S65E","SP CONDUCTIVITY, FIELD","uS/cm",128
"10/04/2018","S65E","SP CONDUCTIVITY, FIELD","uS/cm",154
"10/15/2018","S65E","SP CONDUCTIVITY, FIELD","uS/cm",158
"10/29/2018","S65E","SP CONDUCTIVITY, FIELD","uS/cm",153
"11/13/2018","S65E","SP CONDUCTIVITY, FIELD","uS/cm",174
"11/26/2018","S65E","SP CONDUCTIVITY, FIELD","uS/cm",182.333333333333
"12/11/2018","S65E","SP CONDUCTIVITY, FIELD","uS/cm",181
"12/26/2018","S65E","SP CONDUCTIVITY, FIELD","uS/cm",187
"01/07/2019","S65E","SP CONDUCTIVITY, FIELD","uS/cm",187
"01/22/2019","S65E","SP CONDUCTIVITY, FIELD","uS/cm",181
"02/04/2019","S65E","SP CONDUCTIVITY, FIELD","uS/cm",196
"02/18/2019","S65E","SP CONDUCTIVITY, FIELD","uS/cm",201
"03/04/2019","S65E","SP CONDUCTIVITY, FIELD","uS/cm",172
"03/06/2019","S65E","SP CONDUCTIVITY, FIELD","uS/cm",171
"03/18/2019","S65E","SP CONDUCTIVITY, FIELD","uS/cm",164
"04/08/2019","S65E","SP CONDUCTIVITY, FIELD","uS/cm",198
"04/22/2019","S65E","SP CONDUCTIVITY, FIELD","uS/cm",188
"05/06/2019","S65E","SP CONDUCTIVITY, FIELD","uS/cm",185
"05/20/2019","S65E","SP CONDUCTIVITY, FIELD","uS/cm",178
"06/03/2019","S65E","SP CONDUCTIVITY, FIELD","uS/cm",176
"06/17/2019","S65E","SP CONDUCTIVITY, FIELD","uS/cm",244
"07/01/2019","S65E","SP CONDUCTIVITY, FIELD","uS/cm",145
"07/15/2019","S65E","SP CONDUCTIVITY, FIELD","uS/cm",169
"07/29/2019","S65E","SP CONDUCTIVITY, FIELD","uS/cm",168
"08/12/2019","S65E","SP CONDUCTIVITY, FIELD","uS/cm",139
"08/26/2019","S65E","SP CONDUCTIVITY, FIELD","uS/cm",130
"09/09/2019","S65E","SP CONDUCTIVITY, FIELD","uS/cm",155
"09/23/2019","S65E","SP CONDUCTIVITY, FIELD","uS/cm",164
"10/08/2019","S65E","SP CONDUCTIVITY, FIELD","uS/cm",187
"10/21/2019","S65E","SP CONDUCTIVITY, FIELD","uS/cm",196
"11/04/2019","S65E","SP CONDUCTIVITY, FIELD","uS/cm",214
"11/18/2019","S65E","SP CONDUCTIVITY, FIELD","uS/cm",217
"12/02/2019","S65E","SP CONDUCTIVITY, FIELD","uS/cm",195
"12/16/2019","S65E","SP CONDUCTIVITY, FIELD","uS/cm",182
"12/30/2019","S65E","SP CONDUCTIVITY, FIELD","uS/cm",219
"01/13/2020","S65E","SP CONDUCTIVITY, FIELD","uS/cm",268
"01/27/2020","S65E","SP CONDUCTIVITY, FIELD","uS/cm",412
"02/10/2020","S65E","SP CONDUCTIVITY, FIELD","uS/cm",180
"02/24/2020","S65E","SP CONDUCTIVITY, FIELD","uS/cm",178
"03/09/2020","S65E","SP CONDUCTIVITY, FIELD","uS/cm",155
"03/23/2020","S65E","SP CONDUCTIVITY, FIELD","uS/cm",166
"04/06/2020","S65E","SP CONDUCTIVITY, FIELD","uS/cm",236
"04/20/2020","S65E","SP CONDUCTIVITY, FIELD","uS/cm",189
"05/04/2020","S65E","SP CONDUCTIVITY, FIELD","uS/cm",189
"05/18/2020","S65E","SP CONDUCTIVITY, FIELD","uS/cm",186
"06/01/2020","S65E","SP CONDUCTIVITY, FIELD","uS/cm",204
"06/15/2020","S65E","SP CONDUCTIVITY, FIELD","uS/cm",193
"06/29/2020","S65E","SP CONDUCTIVITY, FIELD","uS/cm",176
"07/13/2020","S65E","SP CONDUCTIVITY, FIELD","uS/cm",194
"07/27/2020","S65E","SP CONDUCTIVITY, FIELD","uS/cm",163
"08/10/2020","S65E","SP CONDUCTIVITY, FIELD","uS/cm",161
"08/24/2020","S65E","SP CONDUCTIVITY, FIELD","uS/cm",156
"09/08/2020","S65E","SP CONDUCTIVITY, FIELD","uS/cm",156
"09/21/2020","S65E","SP CONDUCTIVITY, FIELD","uS/cm",150
"10/05/2020","S65E","SP CONDUCTIVITY, FIELD","uS/cm",140
"10/19/2020","S65E","SP CONDUCTIVITY, FIELD","uS/cm",142
"11/02/2020","S65E","SP CONDUCTIVITY, FIELD","uS/cm",175
"11/16/2020","S65E","SP CONDUCTIVITY, FIELD","uS/cm",200
"11/30/2020","S65E","SP CONDUCTIVITY, FIELD","uS/cm",161
"12/14/2020","S65E","SP CONDUCTIVITY, FIELD","uS/cm",185
"12/28/2020","S65E","SP CONDUCTIVITY, FIELD","uS/cm",166
"01/11/2021","S65E","SP CONDUCTIVITY, FIELD","uS/cm",174
"01/25/2021","S65E","SP CONDUCTIVITY, FIELD","uS/cm",166
"02/08/2021","S65E","SP CONDUCTIVITY, FIELD","uS/cm",168
"02/22/2021","S65E","SP CONDUCTIVITY, FIELD","uS/cm",191
"03/08/2021","S65E","SP CONDUCTIVITY, FIELD","uS/cm",157
"03/22/2021","S65E","SP CONDUCTIVITY, FIELD","uS/cm",171
"04/05/2021","S65E","SP CONDUCTIVITY, FIELD","uS/cm",175
"04/19/2021","S65E","SP CONDUCTIVITY, FIELD","uS/cm",176
"05/03/2021","S65E","SP CONDUCTIVITY, FIELD","uS/cm",178
"05/17/2021","S65E","SP CONDUCTIVITY, FIELD","uS/cm",165
"06/01/2021","S65E","SP CONDUCTIVITY, FIELD","uS/cm",192
"06/14/2021","S65E","SP CONDUCTIVITY, FIELD","uS/cm",203
"06/28/2021","S65E","SP CONDUCTIVITY, FIELD","uS/cm",202
"07/12/2021","S65E","SP CONDUCTIVITY, FIELD","uS/cm",230
"07/26/2021","S65E","SP CONDUCTIVITY, FIELD","uS/cm",252
"08/09/2021","S65E","SP CONDUCTIVITY, FIELD","uS/cm",220
"08/23/2021","S65E","SP CONDUCTIVITY, FIELD","uS/cm",200
"09/07/2021","S65E","SP CONDUCTIVITY, FIELD","uS/cm",192
"09/20/2021","S65E","SP CONDUCTIVITY, FIELD","uS/cm",159
"10/04/2021","S65E","SP CONDUCTIVITY, FIELD","uS/cm",158
"10/18/2021","S65E","SP CONDUCTIVITY, FIELD","uS/cm",182
"11/01/2021","S65E","SP CONDUCTIVITY, FIELD","uS/cm",184
"11/15/2021","S65E","SP CONDUCTIVITY, FIELD","uS/cm",175
"11/29/2021","S65E","SP CONDUCTIVITY, FIELD","uS/cm",202
"12/13/2021","S65E","SP CONDUCTIVITY, FIELD","uS/cm",202
"12/27/2021","S65E","SP CONDUCTIVITY, FIELD","uS/cm",213
"01/10/2022","S65E","SP CONDUCTIVITY, FIELD","uS/cm",208
"01/24/2022","S65E","SP CONDUCTIVITY, FIELD","uS/cm",209
"02/21/2022","S65E","SP CONDUCTIVITY, FIELD","uS/cm",192
"03/07/2022","S65E","SP CONDUCTIVITY, FIELD","uS/cm",207
"03/21/2022","S65E","SP CONDUCTIVITY, FIELD","uS/cm",201
"04/04/2022","S65E","SP CONDUCTIVITY, FIELD","uS/cm",188
"04/18/2022","S65E","SP CONDUCTIVITY, FIELD","uS/cm",197
"05/02/2022","S65E","SP CONDUCTIVITY, FIELD","uS/cm",215
"05/16/2022","S65E","SP CONDUCTIVITY, FIELD","uS/cm",200
"05/31/2022","S65E","SP CONDUCTIVITY, FIELD","uS/cm",209
"06/13/2022","S65E","SP CONDUCTIVITY, FIELD","uS/cm",225
"06/27/2022","S65E","SP CONDUCTIVITY, FIELD","uS/cm",260
"07/11/2022","S65E","SP CONDUCTIVITY, FIELD","uS/cm",275
"07/25/2022","S65E","SP CONDUCTIVITY, FIELD","uS/cm",266
"08/08/2022","S65E","SP CONDUCTIVITY, FIELD","uS/cm",266
"08/22/2022","S65E","SP CONDUCTIVITY, FIELD","uS/cm",231
"09/06/2022","S65E","SP CONDUCTIVITY, FIELD","uS/cm",130
"09/19/2022","S65E","SP CONDUCTIVITY, FIELD","uS/cm",173
"10/03/2022","S65E","SP CONDUCTIVITY, FIELD","uS/cm",162
"10/17/2022","S65E","SP CONDUCTIVITY, FIELD","uS/cm",142
"10/31/2022","S65E","SP CONDUCTIVITY, FIELD","uS/cm",142
"11/14/2022","S65E","SP CONDUCTIVITY, FIELD","uS/cm",457
"11/28/2022","S65E","SP CONDUCTIVITY, FIELD","uS/cm",154
"12/12/2022","S65E","SP CONDUCTIVITY, FIELD","uS/cm",154
"12/27/2022","S65E","SP CONDUCTIVITY, FIELD","uS/cm",282
"01/09/2023","S65E","SP CONDUCTIVITY, FIELD","uS/cm",153
"01/23/2023","S65E","SP CONDUCTIVITY, FIELD","uS/cm",149
"02/06/2023","S65E","SP CONDUCTIVITY, FIELD","uS/cm",150
"02/20/2023","S65E","SP CONDUCTIVITY, FIELD","uS/cm",154
"03/06/2023","S65E","SP CONDUCTIVITY, FIELD","uS/cm",159
"03/20/2023","S65E","SP CONDUCTIVITY, FIELD","uS/cm",158
"04/03/2023","S65E","SP CONDUCTIVITY, FIELD","uS/cm",162
"04/17/2023","S65E","SP CONDUCTIVITY, FIELD","uS/cm",176
"05/01/2023","S65E","SP CONDUCTIVITY, FIELD","uS/cm",281
"05/13/1974","S65E","SP CONDUCTIVITY, LAB","uS/cm",232
"05/28/1974","S65E","SP CONDUCTIVITY, LAB","uS/cm",165
"06/24/1974","S65E","SP CONDUCTIVITY, LAB","uS/cm",315
"07/08/1974","S65E","SP CONDUCTIVITY, LAB","uS/cm",145
"07/22/1974","S65E","SP CONDUCTIVITY, LAB","uS/cm",185
"08/05/1974","S65E","SP CONDUCTIVITY, LAB","uS/cm",148
"09/03/1974","S65E","SP CONDUCTIVITY, LAB","uS/cm",80
"09/16/1974","S65E","SP CONDUCTIVITY, LAB","uS/cm",110
"09/30/1974","S65E","SP CONDUCTIVITY, LAB","uS/cm",110
"10/28/1974","S65E","SP CONDUCTIVITY, LAB","uS/cm",160
"11/12/1974","S65E","SP CONDUCTIVITY, LAB","uS/cm",150
"03/21/1978","S65E","SP CONDUCTIVITY, LAB","uS/cm",146.5
"07/25/1978","S65E","SP CONDUCTIVITY, LAB","uS/cm",101.5
"10/09/1978","S65E","SP CONDUCTIVITY, LAB","uS/cm",182.5
"03/05/1979","S65E","SP CONDUCTIVITY, LAB","uS/cm",150
"12/23/1980","S65E","SP CONDUCTIVITY, LAB","uS/cm",175
"02/17/1981","S65E","SP CONDUCTIVITY, LAB","uS/cm",125
"04/13/1981","S65E","SP CONDUCTIVITY, LAB","uS/cm",216
"05/11/1981","S65E","SP CONDUCTIVITY, LAB","uS/cm",260
"06/08/1981","S65E","SP CONDUCTIVITY, LAB","uS/cm",230
"08/25/1981","S65E","SP CONDUCTIVITY, LAB","uS/cm",308
"08/31/1981","S65E","SP CONDUCTIVITY, LAB","uS/cm",300
"09/28/1981","S65E","SP CONDUCTIVITY, LAB","uS/cm",150.333333333333
"10/26/1981","S65E","SP CONDUCTIVITY, LAB","uS/cm",165
"12/29/1981","S65E","SP CONDUCTIVITY, LAB","uS/cm",224
"03/09/1982","S65E","SP CONDUCTIVITY, LAB","uS/cm",380
"08/02/1982","S65E","SP CONDUCTIVITY, LAB","uS/cm",154
"08/09/1982","S65E","SP CONDUCTIVITY, LAB","uS/cm",133
"09/01/1982","S65E","SP CONDUCTIVITY, LAB","uS/cm",135
"10/26/1982","S65E","SP CONDUCTIVITY, LAB","uS/cm",137.666666666667
"11/22/1982","S65E","SP CONDUCTIVITY, LAB","uS/cm",146
"12/20/1982","S65E","SP CONDUCTIVITY, LAB","uS/cm",135
"01/19/1983","S65E","SP CONDUCTIVITY, LAB","uS/cm",170
"02/15/1983","S65E","SP CONDUCTIVITY, LAB","uS/cm",130
"03/17/1983","S65E","SP CONDUCTIVITY, LAB","uS/cm",124
"04/14/1983","S65E","SP CONDUCTIVITY, LAB","uS/cm",111.666666666667
"05/11/1983","S65E","SP CONDUCTIVITY, LAB","uS/cm",141
"06/09/1983","S65E","SP CONDUCTIVITY, LAB","uS/cm",156
"07/07/1983","S65E","SP CONDUCTIVITY, LAB","uS/cm",152
"08/03/1983","S65E","SP CONDUCTIVITY, LAB","uS/cm",130
"09/01/1983","S65E","SP CONDUCTIVITY, LAB","uS/cm",138
"09/28/1983","S65E","SP CONDUCTIVITY, LAB","uS/cm",116.666666666667
"10/25/1983","S65E","SP CONDUCTIVITY, LAB","uS/cm",175
"10/28/1983","S65E","SP CONDUCTIVITY, LAB","uS/cm",165
"11/08/1983","S65E","SP CONDUCTIVITY, LAB","uS/cm",500
"11/16/1983","S65E","SP CONDUCTIVITY, LAB","uS/cm",185
"12/29/1983","S65E","SP CONDUCTIVITY, LAB","uS/cm",124
"01/25/1984","S65E","SP CONDUCTIVITY, LAB","uS/cm",144
"02/23/1984","S65E","SP CONDUCTIVITY, LAB","uS/cm",145
"03/21/1984","S65E","SP CONDUCTIVITY, LAB","uS/cm",161
"04/09/1984","S65E","SP CONDUCTIVITY, LAB","uS/cm",135
"04/18/1984","S65E","SP CONDUCTIVITY, LAB","uS/cm",140
"05/31/1984","S65E","SP CONDUCTIVITY, LAB","uS/cm",154
"06/27/1984","S65E","SP CONDUCTIVITY, LAB","uS/cm",158
"08/22/1984","S65E","SP CONDUCTIVITY, LAB","uS/cm",129
"09/21/1984","S65E","SP CONDUCTIVITY, LAB","uS/cm",155
"10/30/1984","S65E","SP CONDUCTIVITY, LAB","uS/cm",161
"12/27/1984","S65E","SP CONDUCTIVITY, LAB","uS/cm",148
"01/24/1985","S65E","SP CONDUCTIVITY, LAB","uS/cm",230
"02/20/1985","S65E","SP CONDUCTIVITY, LAB","uS/cm",222
"03/20/1985","S65E","SP CONDUCTIVITY, LAB","uS/cm",361
"04/17/1985","S65E","SP CONDUCTIVITY, LAB","uS/cm",315
"05/16/1985","S65E","SP CONDUCTIVITY, LAB","uS/cm",203
"06/26/1985","S65E","SP CONDUCTIVITY, LAB","uS/cm",279
"07/23/1985","S65E","SP CONDUCTIVITY, LAB","uS/cm",210
"08/21/1985","S65E","SP CONDUCTIVITY, LAB","uS/cm",198
"09/19/1985","S65E","SP CONDUCTIVITY, LAB","uS/cm",157
"10/17/1985","S65E","SP CONDUCTIVITY, LAB","uS/cm",152.666666666667
"11/14/1985","S65E","SP CONDUCTIVITY, LAB","uS/cm",180
"12/12/1985","S65E","SP CONDUCTIVITY, LAB","uS/cm",193
"01/16/1986","S65E","SP CONDUCTIVITY, LAB","uS/cm",180
"02/18/1986","S65E","SP CONDUCTIVITY, LAB","uS/cm",190
"03/18/1986","S65E","SP CONDUCTIVITY, LAB","uS/cm",196
"04/15/1986","S65E","SP CONDUCTIVITY, LAB","uS/cm",175
"05/14/1986","S65E","SP CONDUCTIVITY, LAB","uS/cm",193
"06/19/1986","S65E","SP CONDUCTIVITY, LAB","uS/cm",183
"07/17/1986","S65E","SP CONDUCTIVITY, LAB","uS/cm",142
"08/14/1986","S65E","SP CONDUCTIVITY, LAB","uS/cm",168
"09/10/1986","S65E","SP CONDUCTIVITY, LAB","uS/cm",151
"10/09/1986","S65E","SP CONDUCTIVITY, LAB","uS/cm",147
"11/06/1986","S65E","SP CONDUCTIVITY, LAB","uS/cm",165
"12/04/1986","S65E","SP CONDUCTIVITY, LAB","uS/cm",200
"01/08/1987","S65E","SP CONDUCTIVITY, LAB","uS/cm",165
"01/15/1987","S65E","SP CONDUCTIVITY, LAB","uS/cm",184
"01/22/1987","S65E","SP CONDUCTIVITY, LAB","uS/cm",175
"01/29/1987","S65E","SP CONDUCTIVITY, LAB","uS/cm",177
"02/05/1987","S65E","SP CONDUCTIVITY, LAB","uS/cm",181
"02/12/1987","S65E","SP CONDUCTIVITY, LAB","uS/cm",187
"02/19/1987","S65E","SP CONDUCTIVITY, LAB","uS/cm",188
"02/26/1987","S65E","SP CONDUCTIVITY, LAB","uS/cm",131
"03/05/1987","S65E","SP CONDUCTIVITY, LAB","uS/cm",184
"03/12/1987","S65E","SP CONDUCTIVITY, LAB","uS/cm",190
"03/19/1987","S65E","SP CONDUCTIVITY, LAB","uS/cm",198
"03/26/1987","S65E","SP CONDUCTIVITY, LAB","uS/cm",194
"04/22/1987","S65E","SP CONDUCTIVITY, LAB","uS/cm",196
"05/20/1987","S65E","SP CONDUCTIVITY, LAB","uS/cm",168
"06/17/1987","S65E","SP CONDUCTIVITY, LAB","uS/cm",196
"07/16/1987","S65E","SP CONDUCTIVITY, LAB","uS/cm",191
"07/30/1987","S65E","SP CONDUCTIVITY, LAB","uS/cm",151
"08/12/1987","S65E","SP CONDUCTIVITY, LAB","uS/cm",167
"08/28/1987","S65E","SP CONDUCTIVITY, LAB","uS/cm",181
"09/09/1987","S65E","SP CONDUCTIVITY, LAB","uS/cm",174
"09/24/1987","S65E","SP CONDUCTIVITY, LAB","uS/cm",182
"10/07/1987","S65E","SP CONDUCTIVITY, LAB","uS/cm",115
"10/21/1987","S65E","SP CONDUCTIVITY, LAB","uS/cm",98
"11/04/1987","S65E","SP CONDUCTIVITY, LAB","uS/cm",113
"11/18/1987","S65E","SP CONDUCTIVITY, LAB","uS/cm",124
"12/03/1987","S65E","SP CONDUCTIVITY, LAB","uS/cm",121
"12/17/1987","S65E","SP CONDUCTIVITY, LAB","uS/cm",125
"01/05/1988","S65E","SP CONDUCTIVITY, LAB","uS/cm",142
"01/06/1988","S65E","SP CONDUCTIVITY, LAB","uS/cm",140
"01/12/1988","S65E","SP CONDUCTIVITY, LAB","uS/cm",152
"01/19/1988","S65E","SP CONDUCTIVITY, LAB","uS/cm",167
"01/21/1988","S65E","SP CONDUCTIVITY, LAB","uS/cm",155
"01/25/1988","S65E","SP CONDUCTIVITY, LAB","uS/cm",154
"02/01/1988","S65E","SP CONDUCTIVITY, LAB","uS/cm",147
"02/04/1988","S65E","SP CONDUCTIVITY, LAB","uS/cm",145
"02/08/1988","S65E","SP CONDUCTIVITY, LAB","uS/cm",154
"02/17/1988","S65E","SP CONDUCTIVITY, LAB","uS/cm",152
"02/18/1988","S65E","SP CONDUCTIVITY, LAB","uS/cm",154
"02/22/1988","S65E","SP CONDUCTIVITY, LAB","uS/cm",171
"02/25/1988","S65E","SP CONDUCTIVITY, LAB","uS/cm",132
"02/29/1988","S65E","SP CONDUCTIVITY, LAB","uS/cm",140
"03/03/1988","S65E","SP CONDUCTIVITY, LAB","uS/cm",148
"03/07/1988","S65E","SP CONDUCTIVITY, LAB","uS/cm",129
"03/14/1988","S65E","SP CONDUCTIVITY, LAB","uS/cm",147
"03/15/1988","S65E","SP CONDUCTIVITY, LAB","uS/cm",133
"03/21/1988","S65E","SP CONDUCTIVITY, LAB","uS/cm",156
"03/28/1988","S65E","SP CONDUCTIVITY, LAB","uS/cm",131
"04/04/1988","S65E","SP CONDUCTIVITY, LAB","uS/cm",203
"04/11/1988","S65E","SP CONDUCTIVITY, LAB","uS/cm",140
"04/18/1988","S65E","SP CONDUCTIVITY, LAB","uS/cm",161
"04/25/1988","S65E","SP CONDUCTIVITY, LAB","uS/cm",108
"05/02/1988","S65E","SP CONDUCTIVITY, LAB","uS/cm",175
"05/09/1988","S65E","SP CONDUCTIVITY, LAB","uS/cm",157
"05/17/1988","S65E","SP CONDUCTIVITY, LAB","uS/cm",147
"06/01/1988","S65E","SP CONDUCTIVITY, LAB","uS/cm",157
"06/07/1988","S65E","SP CONDUCTIVITY, LAB","uS/cm",162
"06/14/1988","S65E","SP CONDUCTIVITY, LAB","uS/cm",171
"06/21/1988","S65E","SP CONDUCTIVITY, LAB","uS/cm",183.5
"06/28/1988","S65E","SP CONDUCTIVITY, LAB","uS/cm",555
"07/06/1988","S65E","SP CONDUCTIVITY, LAB","uS/cm",204
"07/12/1988","S65E","SP CONDUCTIVITY, LAB","uS/cm",188
"08/23/1988","S65E","SP CONDUCTIVITY, LAB","uS/cm",162
"08/30/1988","S65E","SP CONDUCTIVITY, LAB","uS/cm",172
"09/07/1988","S65E","SP CONDUCTIVITY, LAB","uS/cm",100
"09/12/1988","S65E","SP CONDUCTIVITY, LAB","uS/cm",121
"09/19/1988","S65E","SP CONDUCTIVITY, LAB","uS/cm",75
"09/26/1988","S65E","SP CONDUCTIVITY, LAB","uS/cm",161
"10/03/1988","S65E","SP CONDUCTIVITY, LAB","uS/cm",150
"10/10/1988","S65E","SP CONDUCTIVITY, LAB","uS/cm",152
"10/17/1988","S65E","SP CONDUCTIVITY, LAB","uS/cm",151
"10/24/1988","S65E","SP CONDUCTIVITY, LAB","uS/cm",981
"10/31/1988","S65E","SP CONDUCTIVITY, LAB","uS/cm",529
"04/26/1989","S65E","SP CONDUCTIVITY, LAB","uS/cm",203
"07/11/1989","S65E","SP CONDUCTIVITY, LAB","uS/cm",5310
"12/30/1992","S65E","SP CONDUCTIVITY, LAB","uS/cm",173
"07/25/1978","S65E","STRONTIUM, DISSOLVED","ug/L",-196
"02/20/1979","S65E","STRONTIUM, DISSOLVED","ug/L",-200
"07/17/1979","S65E","STRONTIUM, DISSOLVED","ug/L",-202
"02/19/1980","S65E","STRONTIUM, DISSOLVED","ug/L",-190
"08/04/1980","S65E","STRONTIUM, DISSOLVED","ug/L",525
"08/20/1980","S65E","STRONTIUM, DISSOLVED","ug/L",353
"02/11/1981","S65E","STRONTIUM, DISSOLVED","ug/L",798
"04/15/1983","S65E","STRONTIUM, DISSOLVED","ug/L",1
"09/12/1983","S65E","STRONTIUM, DISSOLVED","ug/L",80
"02/29/1984","S65E","STRONTIUM, DISSOLVED","ug/L",320
"08/13/1984","S65E","STRONTIUM, DISSOLVED","ug/L",370
"12/10/1973","S65E","SULFATE","mg/L",8.5
"12/11/1973","S65E","SULFATE","mg/L",40
"01/02/1974","S65E","SULFATE","mg/L",26.7
"01/08/1974","S65E","SULFATE","mg/L",24.1
"01/14/1974","S65E","SULFATE","mg/L",25
"02/11/1974","S65E","SULFATE","mg/L",27.6
"02/12/1974","S65E","SULFATE","mg/L",18.6
"03/05/1974","S65E","SULFATE","mg/L",11
"04/02/1974","S65E","SULFATE","mg/L",9.15
"05/07/1974","S65E","SULFATE","mg/L",9.95
"06/11/1974","S65E","SULFATE","mg/L",16.7
"07/09/1974","S65E","SULFATE","mg/L",13.6
"08/13/1974","S65E","SULFATE","mg/L",-3
"09/10/1974","S65E","SULFATE","mg/L",8.95
"10/08/1974","S65E","SULFATE","mg/L",6.3
"11/05/1974","S65E","SULFATE","mg/L",7.35
"12/10/1974","S65E","SULFATE","mg/L",25.35
"01/07/1975","S65E","SULFATE","mg/L",23.6
"02/04/1975","S65E","SULFATE","mg/L",21.05
"03/05/1975","S65E","SULFATE","mg/L",36.1
"04/08/1975","S65E","SULFATE","mg/L",35.9
"05/06/1975","S65E","SULFATE","mg/L",34.55
"06/03/1975","S65E","SULFATE","mg/L",8.3
"07/15/1975","S65E","SULFATE","mg/L",10.4
"08/12/1975","S65E","SULFATE","mg/L",-5
"10/28/1975","S65E","SULFATE","mg/L",8.75
"11/18/1975","S65E","SULFATE","mg/L",7.7
"02/12/1976","S65E","SULFATE","mg/L",12.05
"07/20/1976","S65E","SULFATE","mg/L",15.25
"08/24/1976","S65E","SULFATE","mg/L",7.6
"09/21/1976","S65E","SULFATE","mg/L",0.3
"10/19/1976","S65E","SULFATE","mg/L",8.2
"12/06/1976","S65E","SULFATE","mg/L",12
"01/25/1977","S65E","SULFATE","mg/L",12.15
"03/21/1977","S65E","SULFATE","mg/L",14.55
"05/23/1977","S65E","SULFATE","mg/L",15.35
"07/25/1977","S65E","SULFATE","mg/L",27.95
"09/20/1977","S65E","SULFATE","mg/L",18.1
"12/01/1977","S65E","SULFATE","mg/L",15.65
"01/24/1978","S65E","SULFATE","mg/L",12.95
"03/21/1978","S65E","SULFATE","mg/L",12.9
"05/30/1978","S65E","SULFATE","mg/L",13.5
"06/21/1978","S65E","SULFATE","mg/L",15.3
"07/25/1978","S65E","SULFATE","mg/L",13.7
"08/22/1978","S65E","SULFATE","mg/L",13.4
"09/18/1978","S65E","SULFATE","mg/L",8.25
"02/19/1980","S65E","SULFATE","mg/L",9.8
"03/04/1980","S65E","SULFATE","mg/L",10
"04/02/1980","S65E","SULFATE","mg/L",25
"04/30/1980","S65E","SULFATE","mg/L",11.6
"05/13/1980","S65E","SULFATE","mg/L",13.5
"05/28/1980","S65E","SULFATE","mg/L",16
"06/25/1980","S65E","SULFATE","mg/L",14
"07/24/1980","S65E","SULFATE","mg/L",47.1
"08/04/1980","S65E","SULFATE","mg/L",21.8
"08/20/1980","S65E","SULFATE","mg/L",28.9
"09/03/1980","S65E","SULFATE","mg/L",19.6
"10/01/1980","S65E","SULFATE","mg/L",15
"10/29/1980","S65E","SULFATE","mg/L",16.5
"11/12/1980","S65E","SULFATE","mg/L",18.3
"12/02/1980","S65E","SULFATE","mg/L",10
"12/31/1980","S65E","SULFATE","mg/L",35.9
"01/14/1981","S65E","SULFATE","mg/L",24.4
"01/27/1981","S65E","SULFATE","mg/L",24.6
"02/11/1981","S65E","SULFATE","mg/L",35.8
"02/24/1981","S65E","SULFATE","mg/L",21.1
"03/11/1981","S65E","SULFATE","mg/L",15.7
"03/24/1981","S65E","SULFATE","mg/L",16.8
"04/08/1981","S65E","SULFATE","mg/L",24.7
"04/21/1981","S65E","SULFATE","mg/L",27.5
"05/06/1981","S65E","SULFATE","mg/L",26.7
"05/19/1981","S65E","SULFATE","mg/L",16.8
"06/02/1981","S65E","SULFATE","mg/L",27.4
"06/17/1981","S65E","SULFATE","mg/L",26.7
"06/30/1981","S65E","SULFATE","mg/L",18
"07/16/1981","S65E","SULFATE","mg/L",30.3
"07/28/1981","S65E","SULFATE","mg/L",24.3
"08/12/1981","S65E","SULFATE","mg/L",59.3
"08/25/1981","S65E","SULFATE","mg/L",25.6
"08/31/1981","S65E","SULFATE","mg/L",22.1
"09/10/1981","S65E","SULFATE","mg/L",21.4
"09/23/1981","S65E","SULFATE","mg/L",16.9
"09/28/1981","S65E","SULFATE","mg/L",28.7
"10/06/1981","S65E","SULFATE","mg/L",10.9
"10/20/1981","S65E","SULFATE","mg/L",15.8
"10/26/1981","S65E","SULFATE","mg/L",18.9
"11/04/1981","S65E","SULFATE","mg/L",20.6
"11/23/1981","S65E","SULFATE","mg/L",25.7333333333333
"12/02/1981","S65E","SULFATE","mg/L",22.7
"12/21/1981","S65E","SULFATE","mg/L",26.7
"12/29/1981","S65E","SULFATE","mg/L",24
"01/18/1982","S65E","SULFATE","mg/L",21.3
"02/16/1982","S65E","SULFATE","mg/L",20.2
"02/24/1982","S65E","SULFATE","mg/L",40.7
"03/15/1982","S65E","SULFATE","mg/L",20.2
"04/12/1982","S65E","SULFATE","mg/L",16.3
"05/10/1982","S65E","SULFATE","mg/L",14.2666666666667
"06/07/1982","S65E","SULFATE","mg/L",8.8
"07/01/1982","S65E","SULFATE","mg/L",12.8
"07/07/1982","S65E","SULFATE","mg/L",13.4
"08/02/1982","S65E","SULFATE","mg/L",9.3
"08/25/1982","S65E","SULFATE","mg/L",8.3
"09/01/1982","S65E","SULFATE","mg/L",11.7
"09/27/1982","S65E","SULFATE","mg/L",7.7
"10/20/1982","S65E","SULFATE","mg/L",12.9666666666667
"10/26/1982","S65E","SULFATE","mg/L",9.26666666666667
"11/22/1982","S65E","SULFATE","mg/L",12.1
"12/20/1982","S65E","SULFATE","mg/L",10.6
"12/22/1982","S65E","SULFATE","mg/L",10.6
"01/19/1983","S65E","SULFATE","mg/L",17.2
"02/15/1983","S65E","SULFATE","mg/L",9.9
"03/17/1983","S65E","SULFATE","mg/L",10.3
"04/14/1983","S65E","SULFATE","mg/L",8.4
"04/15/1983","S65E","SULFATE","mg/L",10.6
"05/11/1983","S65E","SULFATE","mg/L",11.5
"06/09/1983","S65E","SULFATE","mg/L",13.3
"08/03/1983","S65E","SULFATE","mg/L",9.1
"09/01/1983","S65E","SULFATE","mg/L",7.9
"09/12/1983","S65E","SULFATE","mg/L",10.1
"10/28/1983","S65E","SULFATE","mg/L",6.8
"11/16/1983","S65E","SULFATE","mg/L",9.6
"12/29/1983","S65E","SULFATE","mg/L",9.8
"01/25/1984","S65E","SULFATE","mg/L",4.8
"02/23/1984","S65E","SULFATE","mg/L",9.2
"02/29/1984","S65E","SULFATE","mg/L",7.8
"03/21/1984","S65E","SULFATE","mg/L",7.56666666666667
"04/18/1984","S65E","SULFATE","mg/L",7.8
"05/31/1984","S65E","SULFATE","mg/L",9.6
"06/27/1984","S65E","SULFATE","mg/L",6.9
"08/13/1984","S65E","SULFATE","mg/L",6.6
"08/22/1984","S65E","SULFATE","mg/L",6.4
"09/21/1984","S65E","SULFATE","mg/L",4.8
"10/09/1984","S65E","SULFATE","mg/L",6
"10/30/1984","S65E","SULFATE","mg/L",12.2666666666667
"11/14/1984","S65E","SULFATE","mg/L",12.5
"12/27/1984","S65E","SULFATE","mg/L",9.7
"01/24/1985","S65E","SULFATE","mg/L",17.2
"02/20/1985","S65E","SULFATE","mg/L",13.5
"02/26/1985","S65E","SULFATE","mg/L",16.1
"04/17/1985","S65E","SULFATE","mg/L",23.4333333333333
"05/16/1985","S65E","SULFATE","mg/L",7.8
"05/20/1985","S65E","SULFATE","mg/L",9.8
"06/26/1985","S65E","SULFATE","mg/L",15.4
"07/23/1985","S65E","SULFATE","mg/L",8
"08/21/1985","S65E","SULFATE","mg/L",8.4
"08/27/1985","S65E","SULFATE","mg/L",3.8
"09/19/1985","S65E","SULFATE","mg/L",8.6
"10/17/1985","S65E","SULFATE","mg/L",10.2333333333333
"11/14/1985","S65E","SULFATE","mg/L",9.7
"12/12/1985","S65E","SULFATE","mg/L",8.5
"01/16/1986","S65E","SULFATE","mg/L",19
"02/12/1986","S65E","SULFATE","mg/L",13.3
"02/18/1986","S65E","SULFATE","mg/L",10.2
"03/18/1986","S65E","SULFATE","mg/L",8.8
"04/15/1986","S65E","SULFATE","mg/L",6.5
"05/14/1986","S65E","SULFATE","mg/L",9.9
"05/20/1986","S65E","SULFATE","mg/L",11.3
"06/19/1986","S65E","SULFATE","mg/L",9.9
"07/17/1986","S65E","SULFATE","mg/L",10.2
"08/14/1986","S65E","SULFATE","mg/L",7.8
"09/10/1986","S65E","SULFATE","mg/L",5.3
"09/23/1986","S65E","SULFATE","mg/L",13.3
"10/09/1986","S65E","SULFATE","mg/L",11.7
"11/06/1986","S65E","SULFATE","mg/L",8.3
"11/18/1986","S65E","SULFATE","mg/L",4.4
"12/04/1986","S65E","SULFATE","mg/L",10.1
"01/08/1987","S65E","SULFATE","mg/L",8.1
"01/15/1987","S65E","SULFATE","mg/L",10.3
"01/22/1987","S65E","SULFATE","mg/L",11.9
"01/29/1987","S65E","SULFATE","mg/L",12.1
"02/05/1987","S65E","SULFATE","mg/L",9.6
"02/12/1987","S65E","SULFATE","mg/L",11.8
"02/18/1987","S65E","SULFATE","mg/L",17.9
"02/19/1987","S65E","SULFATE","mg/L",13.2
"02/26/1987","S65E","SULFATE","mg/L",14.9
"03/05/1987","S65E","SULFATE","mg/L",8.3
"03/12/1987","S65E","SULFATE","mg/L",14.3
"03/19/1987","S65E","SULFATE","mg/L",19.2
"03/26/1987","S65E","SULFATE","mg/L",9.7
"04/22/1987","S65E","SULFATE","mg/L",14.5
"05/13/1987","S65E","SULFATE","mg/L",12.9
"05/20/1987","S65E","SULFATE","mg/L",14.1
"05/26/1987","S65E","SULFATE","mg/L",13.3
"06/01/1987","S65E","SULFATE","mg/L",12.8
"06/17/1987","S65E","SULFATE","mg/L",13.2
"07/16/1987","S65E","SULFATE","mg/L",13.3
"07/30/1987","S65E","SULFATE","mg/L",8.8
"08/12/1987","S65E","SULFATE","mg/L",9.3
"08/18/1987","S65E","SULFATE","mg/L",9.6
"08/28/1987","S65E","SULFATE","mg/L",9.7
"09/09/1987","S65E","SULFATE","mg/L",10
"09/24/1987","S65E","SULFATE","mg/L",12
"10/07/1987","S65E","SULFATE","mg/L",11.8
"10/21/1987","S65E","SULFATE","mg/L",7.1
"11/04/1987","S65E","SULFATE","mg/L",8.4
"11/18/1987","S65E","SULFATE","mg/L",8.4
"11/24/1987","S65E","SULFATE","mg/L",11.6
"12/03/1987","S65E","SULFATE","mg/L",9.8
"12/17/1987","S65E","SULFATE","mg/L",10.1
"01/06/1988","S65E","SULFATE","mg/L",12.9
"01/21/1988","S65E","SULFATE","mg/L",12
"02/04/1988","S65E","SULFATE","mg/L",12.2
"02/16/1988","S65E","SULFATE","mg/L",13
"02/18/1988","S65E","SULFATE","mg/L",12.2
"02/25/1988","S65E","SULFATE","mg/L",11.2
"03/03/1988","S65E","SULFATE","mg/L",11.7
"03/14/1988","S65E","SULFATE","mg/L",12.2
"03/29/1988","S65E","SULFATE","mg/L",10.6
"04/11/1988","S65E","SULFATE","mg/L",11.4
"04/25/1988","S65E","SULFATE","mg/L",11.6
"05/09/1988","S65E","SULFATE","mg/L",12
"05/23/1988","S65E","SULFATE","mg/L",12.1
"05/24/1988","S65E","SULFATE","mg/L",6.4
"06/07/1988","S65E","SULFATE","mg/L",11.7
"06/20/1988","S65E","SULFATE","mg/L",14.1
"07/05/1988","S65E","SULFATE","mg/L",14.3
"07/18/1988","S65E","SULFATE","mg/L",13.8
"08/03/1988","S65E","SULFATE","mg/L",12.3
"08/15/1988","S65E","SULFATE","mg/L",11.4
"08/29/1988","S65E","SULFATE","mg/L",10.5
"09/12/1988","S65E","SULFATE","mg/L",7
"09/26/1988","S65E","SULFATE","mg/L",9.2
"10/10/1988","S65E","SULFATE","mg/L",9.9
"10/25/1988","S65E","SULFATE","mg/L",10.3
"11/07/1988","S65E","SULFATE","mg/L",14.2
"11/21/1988","S65E","SULFATE","mg/L",9
"11/22/1988","S65E","SULFATE","mg/L",18.5
"12/05/1988","S65E","SULFATE","mg/L",17.7
"12/19/1988","S65E","SULFATE","mg/L",21.4
"01/03/1989","S65E","SULFATE","mg/L",16.7
"01/17/1989","S65E","SULFATE","mg/L",17.4
"01/30/1989","S65E","SULFATE","mg/L",11.9
"02/13/1989","S65E","SULFATE","mg/L",13.3
"02/27/1989","S65E","SULFATE","mg/L",10.7
"02/28/1989","S65E","SULFATE","mg/L",12
"03/13/1989","S65E","SULFATE","mg/L",11.5
"03/27/1989","S65E","SULFATE","mg/L",11.5
"04/10/1989","S65E","SULFATE","mg/L",11.9
"04/24/1989","S65E","SULFATE","mg/L",10.9
"05/08/1989","S65E","SULFATE","mg/L",11.2
"05/22/1989","S65E","SULFATE","mg/L",10.7
"05/24/1989","S65E","SULFATE","mg/L",10.4
"06/05/1989","S65E","SULFATE","mg/L",10.7
"06/19/1989","S65E","SULFATE","mg/L",11.7
"07/03/1989","S65E","SULFATE","mg/L",13.1
"07/17/1989","S65E","SULFATE","mg/L",12.3
"07/31/1989","S65E","SULFATE","mg/L",13.8
"08/14/1989","S65E","SULFATE","mg/L",13.8
"08/28/1989","S65E","SULFATE","mg/L",11.2
"08/29/1989","S65E","SULFATE","mg/L",11.3
"09/13/1989","S65E","SULFATE","mg/L",10.9
"09/25/1989","S65E","SULFATE","mg/L",9
"10/09/1989","S65E","SULFATE","mg/L",9.6
"10/23/1989","S65E","SULFATE","mg/L",8.4
"11/06/1989","S65E","SULFATE","mg/L",9.5
"11/20/1989","S65E","SULFATE","mg/L",9.8
"12/04/1989","S65E","SULFATE","mg/L",11.3
"12/18/1989","S65E","SULFATE","mg/L",11.3
"01/03/1990","S65E","SULFATE","mg/L",12.3
"01/09/1990","S65E","SULFATE","mg/L",12.9
"01/16/1990","S65E","SULFATE","mg/L",13.4
"01/23/1990","S65E","SULFATE","mg/L",10.7
"01/30/1990","S65E","SULFATE","mg/L",10.8
"02/06/1990","S65E","SULFATE","mg/L",11.5
"02/13/1990","S65E","SULFATE","mg/L",10.9
"02/20/1990","S65E","SULFATE","mg/L",11.7
"02/27/1990","S65E","SULFATE","mg/L",13
"02/28/1990","S65E","SULFATE","mg/L",13.2
"03/16/1990","S65E","SULFATE","mg/L",11.7
"03/27/1990","S65E","SULFATE","mg/L",12.1
"04/11/1990","S65E","SULFATE","mg/L",13
"05/07/1990","S65E","SULFATE","mg/L",10.3
"05/21/1990","S65E","SULFATE","mg/L",11.5
"06/18/1990","S65E","SULFATE","mg/L",13.8
"07/02/1990","S65E","SULFATE","mg/L",12.5
"07/16/1990","S65E","SULFATE","mg/L",12.4
"07/30/1990","S65E","SULFATE","mg/L",9.8
"08/13/1990","S65E","SULFATE","mg/L",11.9
"08/27/1990","S65E","SULFATE","mg/L",7.9
"09/10/1990","S65E","SULFATE","mg/L",9.1
"09/24/1990","S65E","SULFATE","mg/L",10.9
"10/08/1990","S65E","SULFATE","mg/L",12.1
"10/22/1990","S65E","SULFATE","mg/L",7.6
"11/05/1990","S65E","SULFATE","mg/L",8
"11/20/1990","S65E","SULFATE","mg/L",11.3
"12/03/1990","S65E","SULFATE","mg/L",9.4
"12/17/1990","S65E","SULFATE","mg/L",10.7
"12/31/1990","S65E","SULFATE","mg/L",9.6
"01/14/1991","S65E","SULFATE","mg/L",14.8
"01/28/1991","S65E","SULFATE","mg/L",15.4
"02/11/1991","S65E","SULFATE","mg/L",15
"02/26/1991","S65E","SULFATE","mg/L",15.6
"03/11/1991","S65E","SULFATE","mg/L",49.4
"03/25/1991","S65E","SULFATE","mg/L",16.6
"04/08/1991","S65E","SULFATE","mg/L",34.4
"04/22/1991","S65E","SULFATE","mg/L",13.3
"05/06/1991","S65E","SULFATE","mg/L",9.8
"05/20/1991","S65E","SULFATE","mg/L",10.2
"06/03/1991","S65E","SULFATE","mg/L",9.2
"06/18/1991","S65E","SULFATE","mg/L",9.5
"07/01/1991","S65E","SULFATE","mg/L",9.8
"07/15/1991","S65E","SULFATE","mg/L",9.4
"07/29/1991","S65E","SULFATE","mg/L",10.1
"08/12/1991","S65E","SULFATE","mg/L",10.2
"08/26/1991","S65E","SULFATE","mg/L",11.6
"08/28/1991","S65E","SULFATE","mg/L",9.3
"09/09/1991","S65E","SULFATE","mg/L",10
"09/23/1991","S65E","SULFATE","mg/L",9.3
"10/07/1991","S65E","SULFATE","mg/L",8.5
"10/21/1991","S65E","SULFATE","mg/L",8.1
"11/04/1991","S65E","SULFATE","mg/L",9.9
"11/20/1991","S65E","SULFATE","mg/L",10.1
"12/02/1991","S65E","SULFATE","mg/L",11.3
"12/16/1991","S65E","SULFATE","mg/L",13.3
"12/30/1991","S65E","SULFATE","mg/L",38
"01/13/1992","S65E","SULFATE","mg/L",14.3
"01/27/1992","S65E","SULFATE","mg/L",16.2
"02/11/1992","S65E","SULFATE","mg/L",16.3
"02/27/1992","S65E","SULFATE","mg/L",11.9
"03/11/1992","S65E","SULFATE","mg/L",11.4
"03/26/1992","S65E","SULFATE","mg/L",12.5
"04/21/1992","S65E","SULFATE","mg/L",10.3
"05/05/1992","S65E","SULFATE","mg/L",9.7
"05/19/1992","S65E","SULFATE","mg/L",11
"06/02/1992","S65E","SULFATE","mg/L",8.6
"06/16/1992","S65E","SULFATE","mg/L",14.3
"06/30/1992","S65E","SULFATE","mg/L",7.9
"07/08/1992","S65E","SULFATE","mg/L",18.6
"07/14/1992","S65E","SULFATE","mg/L",6.3
"07/28/1992","S65E","SULFATE","mg/L",7.5
"08/11/1992","S65E","SULFATE","mg/L",6.1
"08/26/1992","S65E","SULFATE","mg/L",11.1
"09/10/1992","S65E","SULFATE","mg/L",7.7
"09/22/1992","S65E","SULFATE","mg/L",7.4
"10/06/1992","S65E","SULFATE","mg/L",7.7
"10/20/1992","S65E","SULFATE","mg/L",7.4
"11/03/1992","S65E","SULFATE","mg/L",8.2
"11/17/1992","S65E","SULFATE","mg/L",7.7
"11/18/1992","S65E","SULFATE","mg/L",9.7
"12/02/1992","S65E","SULFATE","mg/L",10.3
"12/15/1992","S65E","SULFATE","mg/L",9.4
"02/23/1993","S65E","SULFATE","mg/L",11.4
"04/20/1993","S65E","SULFATE","mg/L",8.1
"05/04/1993","S65E","SULFATE","mg/L",8.3
"05/18/1993","S65E","SULFATE","mg/L",9.8
"05/20/1993","S65E","SULFATE","mg/L",10.7
"06/01/1993","S65E","SULFATE","mg/L",11.7
"06/15/1993","S65E","SULFATE","mg/L",10.1
"06/29/1993","S65E","SULFATE","mg/L",10.9
"07/13/1993","S65E","SULFATE","mg/L",10.6
"07/27/1993","S65E","SULFATE","mg/L",11.2
"08/10/1993","S65E","SULFATE","mg/L",13.8
"08/24/1993","S65E","SULFATE","mg/L",13.9
"09/07/1993","S65E","SULFATE","mg/L",12
"09/21/1993","S65E","SULFATE","mg/L",9.9
"10/05/1993","S65E","SULFATE","mg/L",11.1
"10/19/1993","S65E","SULFATE","mg/L",7.6
"11/02/1993","S65E","SULFATE","mg/L",11.7
"11/16/1993","S65E","SULFATE","mg/L",12.6
"12/01/1993","S65E","SULFATE","mg/L",7.2
"12/14/1993","S65E","SULFATE","mg/L",14.8
"12/28/1993","S65E","SULFATE","mg/L",15.2
"01/11/1994","S65E","SULFATE","mg/L",14.2
"01/25/1994","S65E","SULFATE","mg/L",16.1
"02/08/1994","S65E","SULFATE","mg/L",17.5
"02/15/1994","S65E","SULFATE","mg/L",17.1
"02/22/1994","S65E","SULFATE","mg/L",15.3
"03/08/1994","S65E","SULFATE","mg/L",11.6
"03/22/1994","S65E","SULFATE","mg/L",9.6
"04/05/1994","S65E","SULFATE","mg/L",8.032
"04/19/1994","S65E","SULFATE","mg/L",9.201
"05/03/1994","S65E","SULFATE","mg/L",10.481
"05/17/1994","S65E","SULFATE","mg/L",8.7278
"05/31/1994","S65E","SULFATE","mg/L",11.656
"06/14/1994","S65E","SULFATE","mg/L",11.917
"06/28/1994","S65E","SULFATE","mg/L",2.4515
"07/12/1994","S65E","SULFATE","mg/L",5.864
"07/26/1994","S65E","SULFATE","mg/L",6.416
"08/09/1994","S65E","SULFATE","mg/L",6.845
"08/23/1994","S65E","SULFATE","mg/L",6.107
"09/06/1994","S65E","SULFATE","mg/L",7.033
"09/20/1994","S65E","SULFATE","mg/L",7.799
"10/04/1994","S65E","SULFATE","mg/L",5.899
"10/18/1994","S65E","SULFATE","mg/L",5.581
"11/01/1994","S65E","SULFATE","mg/L",6.381
"11/15/1994","S65E","SULFATE","mg/L",7.064
"11/29/1994","S65E","SULFATE","mg/L",7.434
"12/13/1994","S65E","SULFATE","mg/L",6.193
"12/27/1994","S65E","SULFATE","mg/L",8.092
"01/10/1995","S65E","SULFATE","mg/L",6.9
"01/24/1995","S65E","SULFATE","mg/L",6.149
"02/21/1995","S65E","SULFATE","mg/L",7.701
"03/07/1995","S65E","SULFATE","mg/L",6.336
"03/21/1995","S65E","SULFATE","mg/L",7.946
"04/04/1995","S65E","SULFATE","mg/L",6.288
"04/18/1995","S65E","SULFATE","mg/L",2.4576
"05/02/1995","S65E","SULFATE","mg/L",6.819
"05/16/1995","S65E","SULFATE","mg/L",6.818
"05/30/1995","S65E","SULFATE","mg/L",12.227
"06/13/1995","S65E","SULFATE","mg/L",8.554
"06/27/1995","S65E","SULFATE","mg/L",7.766
"07/11/1995","S65E","SULFATE","mg/L",8.192
"07/25/1995","S65E","SULFATE","mg/L",6.655
"08/08/1995","S65E","SULFATE","mg/L",6.183
"08/22/1995","S65E","SULFATE","mg/L",5.698
"09/05/1995","S65E","SULFATE","mg/L",5.579
"09/19/1995","S65E","SULFATE","mg/L",5.603
"10/03/1995","S65E","SULFATE","mg/L",6.02
"10/17/1995","S65E","SULFATE","mg/L",8.268
"10/31/1995","S65E","SULFATE","mg/L",6.675
"11/14/1995","S65E","SULFATE","mg/L",6.616
"11/28/1995","S65E","SULFATE","mg/L",8.301
"12/12/1995","S65E","SULFATE","mg/L",8.226
"12/26/1995","S65E","SULFATE","mg/L",7.229
"01/09/1996","S65E","SULFATE","mg/L",8.01
"01/23/1996","S65E","SULFATE","mg/L",7.54
"02/06/1996","S65E","SULFATE","mg/L",7.54775
"02/20/1996","S65E","SULFATE","mg/L",7.60775
"03/05/1996","S65E","SULFATE","mg/L",7.13475
"03/19/1996","S65E","SULFATE","mg/L",6.80525
"04/02/1996","S65E","SULFATE","mg/L",8.12125
"04/16/1996","S65E","SULFATE","mg/L",7.91075
"04/30/1996","S65E","SULFATE","mg/L",5.3012
"05/14/1996","S65E","SULFATE","mg/L",7.39225
"05/20/1996","S65E","SULFATE","mg/L",4.9755
"05/28/1996","S65E","SULFATE","mg/L",7.79025
"06/11/1996","S65E","SULFATE","mg/L",7.38075
"06/25/1996","S65E","SULFATE","mg/L",6.86875
"07/09/1996","S65E","SULFATE","mg/L",7.477
"07/23/1996","S65E","SULFATE","mg/L",3.6415
"08/06/1996","S65E","SULFATE","mg/L",3.383
"08/20/1996","S65E","SULFATE","mg/L",2.2855
"09/03/1996","S65E","SULFATE","mg/L",3.0825
"09/17/1996","S65E","SULFATE","mg/L",3.546
"10/01/1996","S65E","SULFATE","mg/L",5.2555
"10/15/1996","S65E","SULFATE","mg/L",3.94
"10/29/1996","S65E","SULFATE","mg/L",3.6105
"11/04/1996","S65E","SULFATE","mg/L",10.257
"11/12/1996","S65E","SULFATE","mg/L",5.7036
"11/26/1996","S65E","SULFATE","mg/L",8.6406
"12/10/1996","S65E","SULFATE","mg/L",7.3915
"12/26/1996","S65E","SULFATE","mg/L",7.6942
"01/07/1997","S65E","SULFATE","mg/L",5.858
"01/21/1997","S65E","SULFATE","mg/L",6.7218
"02/05/1997","S65E","SULFATE","mg/L",3.914
"02/18/1997","S65E","SULFATE","mg/L",6.1132
"02/24/1997","S65E","SULFATE","mg/L",10.163
"03/04/1997","S65E","SULFATE","mg/L",4.9355
"03/18/1997","S65E","SULFATE","mg/L",9.01
"04/01/1997","S65E","SULFATE","mg/L",4.9685
"04/15/1997","S65E","SULFATE","mg/L",10.865
"04/29/1997","S65E","SULFATE","mg/L",8.841
"05/13/1997","S65E","SULFATE","mg/L",10.252
"05/19/1997","S65E","SULFATE","mg/L",9.904
"05/27/1997","S65E","SULFATE","mg/L",4.471
"06/24/1997","S65E","SULFATE","mg/L",4.189
"07/08/1997","S65E","SULFATE","mg/L",11.146
"07/22/1997","S65E","SULFATE","mg/L",9.843
"08/05/1997","S65E","SULFATE","mg/L",4.958
"08/19/1997","S65E","SULFATE","mg/L",6.7
"08/28/1997","S65E","SULFATE","mg/L",8.206
"09/02/1997","S65E","SULFATE","mg/L",3.6898
"09/16/1997","S65E","SULFATE","mg/L",6.426
"09/30/1997","S65E","SULFATE","mg/L",7.856
"10/14/1997","S65E","SULFATE","mg/L",6.419
"10/28/1997","S65E","SULFATE","mg/L",8.948
"11/12/1997","S65E","SULFATE","mg/L",7.841
"11/17/1997","S65E","SULFATE","mg/L",5.1
"11/25/1997","S65E","SULFATE","mg/L",7.021
"12/09/1997","S65E","SULFATE","mg/L",5.399
"12/23/1997","S65E","SULFATE","mg/L",7.051
"01/06/1998","S65E","SULFATE","mg/L",8.373
"01/20/1998","S65E","SULFATE","mg/L",8.204
"02/03/1998","S65E","SULFATE","mg/L",7.449
"02/17/1998","S65E","SULFATE","mg/L",7.947
"02/18/1998","S65E","SULFATE","mg/L",9.26
"03/03/1998","S65E","SULFATE","mg/L",6.838
"03/17/1998","S65E","SULFATE","mg/L",6.931
"03/31/1998","S65E","SULFATE","mg/L",6.807
"04/14/1998","S65E","SULFATE","mg/L",7.107
"04/28/1998","S65E","SULFATE","mg/L",8.755
"05/12/1998","S65E","SULFATE","mg/L",10.074
"05/18/1998","S65E","SULFATE","mg/L",9.697
"05/26/1998","S65E","SULFATE","mg/L",8.586
"06/09/1998","S65E","SULFATE","mg/L",10.412
"06/23/1998","S65E","SULFATE","mg/L",12.064
"07/07/1998","S65E","SULFATE","mg/L",12.423
"07/21/1998","S65E","SULFATE","mg/L",10.019
"08/04/1998","S65E","SULFATE","mg/L",10.928
"08/18/1998","S65E","SULFATE","mg/L",10.922
"08/24/1998","S65E","SULFATE","mg/L",9.914
"09/01/1998","S65E","SULFATE","mg/L",11.6027
"09/15/1998","S65E","SULFATE","mg/L",12.767
"09/29/1998","S65E","SULFATE","mg/L",5.984
"10/13/1998","S65E","SULFATE","mg/L",5.335
"10/27/1998","S65E","SULFATE","mg/L",7.076
"11/09/1998","S65E","SULFATE","mg/L",9.469
"11/24/1998","S65E","SULFATE","mg/L",10.034
"12/08/1998","S65E","SULFATE","mg/L",10.627
"12/22/1998","S65E","SULFATE","mg/L",10.381
"01/05/1999","S65E","SULFATE","mg/L",12.448
"01/19/1999","S65E","SULFATE","mg/L",11.472
"01/25/1999","S65E","SULFATE","mg/L",12.22
"02/02/1999","S65E","SULFATE","mg/L",13.623
"02/16/1999","S65E","SULFATE","mg/L",15.105
"03/02/1999","S65E","SULFATE","mg/L",8.1225
"03/16/1999","S65E","SULFATE","mg/L",10.0232
"03/30/1999","S65E","SULFATE","mg/L",10.734
"04/13/1999","S65E","SULFATE","mg/L",10.943
"04/19/1999","S65E","SULFATE","mg/L",14.367
"04/27/1999","S65E","SULFATE","mg/L",11.498
"05/11/1999","S65E","SULFATE","mg/L",11.1
"05/25/1999","S65E","SULFATE","mg/L",11.5
"06/08/1999","S65E","SULFATE","mg/L",13.38
"06/22/1999","S65E","SULFATE","mg/L",11.09
"07/06/1999","S65E","SULFATE","mg/L",7.285
"07/20/1999","S65E","SULFATE","mg/L",4.05
"07/26/1999","S65E","SULFATE","mg/L",6.67
"08/03/1999","S65E","SULFATE","mg/L",10.05
"08/17/1999","S65E","SULFATE","mg/L",7.22
"08/31/1999","S65E","SULFATE","mg/L",5.19
"09/16/1999","S65E","SULFATE","mg/L",6.118
"09/28/1999","S65E","SULFATE","mg/L",4.615
"10/12/1999","S65E","SULFATE","mg/L",7.71
"10/18/1999","S65E","SULFATE","mg/L",19.37
"10/26/1999","S65E","SULFATE","mg/L",-0.1
"11/09/1999","S65E","SULFATE","mg/L",6.55
"11/23/1999","S65E","SULFATE","mg/L",8.82
"12/07/1999","S65E","SULFATE","mg/L",4.93
"12/21/1999","S65E","SULFATE","mg/L",5.08
"01/04/2000","S65E","SULFATE","mg/L",5.974
"01/18/2000","S65E","SULFATE","mg/L",4.985
"01/24/2000","S65E","SULFATE","mg/L",16.64
"02/01/2000","S65E","SULFATE","mg/L",10.15
"02/15/2000","S65E","SULFATE","mg/L",11.25
"02/29/2000","S65E","SULFATE","mg/L",5.43
"03/14/2000","S65E","SULFATE","mg/L",11.53
"03/28/2000","S65E","SULFATE","mg/L",11.95
"04/11/2000","S65E","SULFATE","mg/L",12.47
"04/17/2000","S65E","SULFATE","mg/L",11.36
"04/24/2000","S65E","SULFATE","mg/L",5.605
"05/09/2000","S65E","SULFATE","mg/L",11.83
"05/23/2000","S65E","SULFATE","mg/L",12.18
"06/06/2000","S65E","SULFATE","mg/L",14.5
"06/20/2000","S65E","SULFATE","mg/L",12.98
"07/05/2000","S65E","SULFATE","mg/L",13.25
"07/18/2000","S65E","SULFATE","mg/L",13.88
"07/25/2000","S65E","SULFATE","mg/L",16.7
"08/01/2000","S65E","SULFATE","mg/L",9.208
"08/15/2000","S65E","SULFATE","mg/L",11.838
"08/29/2000","S65E","SULFATE","mg/L",19.81
"09/12/2000","S65E","SULFATE","mg/L",17.08
"09/26/2000","S65E","SULFATE","mg/L",10.41
"10/10/2000","S65E","SULFATE","mg/L",6.725
"10/16/2000","S65E","SULFATE","mg/L",15.31
"10/24/2000","S65E","SULFATE","mg/L",13.53
"11/07/2000","S65E","SULFATE","mg/L",17.74
"11/21/2000","S65E","SULFATE","mg/L",17.14
"12/05/2000","S65E","SULFATE","mg/L",21.05
"12/19/2000","S65E","SULFATE","mg/L",19.3
"01/02/2001","S65E","SULFATE","mg/L",10.285
"01/16/2001","S65E","SULFATE","mg/L",20.62
"01/22/2001","S65E","SULFATE","mg/L",21.43
"01/30/2001","S65E","SULFATE","mg/L",20.92
"02/13/2001","S65E","SULFATE","mg/L",21.26
"02/27/2001","S65E","SULFATE","mg/L",21.06
"03/13/2001","S65E","SULFATE","mg/L",21.3
"03/27/2001","S65E","SULFATE","mg/L",22.17
"04/10/2001","S65E","SULFATE","mg/L",25.11
"04/16/2001","S65E","SULFATE","mg/L",12.98
"04/24/2001","S65E","SULFATE","mg/L",13.965
"05/08/2001","S65E","SULFATE","mg/L",13.845
"05/22/2001","S65E","SULFATE","mg/L",26.24
"06/05/2001","S65E","SULFATE","mg/L",27.2
"06/19/2001","S65E","SULFATE","mg/L",12.49
"07/03/2001","S65E","SULFATE","mg/L",15.44
"07/16/2001","S65E","SULFATE","mg/L",28.52
"07/17/2001","S65E","SULFATE","mg/L",30.92
"07/31/2001","S65E","SULFATE","mg/L",17.34
"08/14/2001","S65E","SULFATE","mg/L",5.96
"08/28/2001","S65E","SULFATE","mg/L",8.74
"09/11/2001","S65E","SULFATE","mg/L",6.144
"09/25/2001","S65E","SULFATE","mg/L",8.83
"10/08/2001","S65E","SULFATE","mg/L",9.78
"10/09/2001","S65E","SULFATE","mg/L",9.11
"11/06/2001","S65E","SULFATE","mg/L",5.455
"11/20/2001","S65E","SULFATE","mg/L",5.495
"12/04/2001","S65E","SULFATE","mg/L",5.85
"12/18/2001","S65E","SULFATE","mg/L",11.74
"01/02/2002","S65E","SULFATE","mg/L",6.165
"01/15/2002","S65E","SULFATE","mg/L",6.7
"01/29/2002","S65E","SULFATE","mg/L",7.71
"02/12/2002","S65E","SULFATE","mg/L",7.64
"02/26/2002","S65E","SULFATE","mg/L",14.9
"03/12/2002","S65E","SULFATE","mg/L",14.96
"03/18/2002","S65E","SULFATE","mg/L",7.5
"03/26/2002","S65E","SULFATE","mg/L",15.39
"04/09/2002","S65E","SULFATE","mg/L",8.085
"04/23/2002","S65E","SULFATE","mg/L",11.95
"05/07/2002","S65E","SULFATE","mg/L",13.57
"05/21/2002","S65E","SULFATE","mg/L",13.74
"06/04/2002","S65E","SULFATE","mg/L",13.25
"06/18/2002","S65E","SULFATE","mg/L",4.43
"06/24/2002","S65E","SULFATE","mg/L",15.755
"07/02/2002","S65E","SULFATE","mg/L",5.64
"07/16/2002","S65E","SULFATE","mg/L",4.345
"07/30/2002","S65E","SULFATE","mg/L",4.13
"08/13/2002","S65E","SULFATE","mg/L",9.69
"08/27/2002","S65E","SULFATE","mg/L",4.565
"09/10/2002","S65E","SULFATE","mg/L",4.17
"09/16/2002","S65E","SULFATE","mg/L",8.865
"09/24/2002","S65E","SULFATE","mg/L",4.38
"10/08/2002","S65E","SULFATE","mg/L",8.73
"10/22/2002","S65E","SULFATE","mg/L",9.57
"11/05/2002","S65E","SULFATE","mg/L",9.67
"11/19/2002","S65E","SULFATE","mg/L",10.45
"12/03/2002","S65E","SULFATE","mg/L",15.04
"12/17/2002","S65E","SULFATE","mg/L",6.328
"12/30/2002","S65E","SULFATE","mg/L",10.05
"12/31/2002","S65E","SULFATE","mg/L",9.99
"01/14/2003","S65E","SULFATE","mg/L",9.33
"01/28/2003","S65E","SULFATE","mg/L",9.22
"02/11/2003","S65E","SULFATE","mg/L",10.62
"02/25/2003","S65E","SULFATE","mg/L",12.69
"03/11/2003","S65E","SULFATE","mg/L",12.85
"03/24/2003","S65E","SULFATE","mg/L",9.925
"03/25/2003","S65E","SULFATE","mg/L",12.06
"04/08/2003","S65E","SULFATE","mg/L",9.33
"04/22/2003","S65E","SULFATE","mg/L",9.34
"05/06/2003","S65E","SULFATE","mg/L",4.405
"05/20/2003","S65E","SULFATE","mg/L",8.91
"06/03/2003","S65E","SULFATE","mg/L",5.72
"06/16/2003","S65E","SULFATE","mg/L",11.03
"06/17/2003","S65E","SULFATE","mg/L",5.775
"07/01/2003","S65E","SULFATE","mg/L",16.46
"07/15/2003","S65E","SULFATE","mg/L",8.81
"07/29/2003","S65E","SULFATE","mg/L",8.17
"08/12/2003","S65E","SULFATE","mg/L",7.59
"08/26/2003","S65E","SULFATE","mg/L",8.07
"09/09/2003","S65E","SULFATE","mg/L",2.9
"09/15/2003","S65E","SULFATE","mg/L",4.9
"09/23/2003","S65E","SULFATE","mg/L",5
"10/07/2003","S65E","SULFATE","mg/L",4.15
"10/21/2003","S65E","SULFATE","mg/L",6.1
"11/04/2003","S65E","SULFATE","mg/L",7
"11/18/2003","S65E","SULFATE","mg/L",8.4
"12/02/2003","S65E","SULFATE","mg/L",7.6
"12/15/2003","S65E","SULFATE","mg/L",5.2
"12/16/2003","S65E","SULFATE","mg/L",8
"12/30/2003","S65E","SULFATE","mg/L",7.8
"01/13/2004","S65E","SULFATE","mg/L",8.3
"01/27/2004","S65E","SULFATE","mg/L",8.6
"02/10/2004","S65E","SULFATE","mg/L",4.4
"02/24/2004","S65E","SULFATE","mg/L",9
"03/09/2004","S65E","SULFATE","mg/L",10.8
"03/15/2004","S65E","SULFATE","mg/L",10.6
"03/23/2004","S65E","SULFATE","mg/L",9.6
"04/06/2004","S65E","SULFATE","mg/L",10
"04/20/2004","S65E","SULFATE","mg/L",10.4
"05/04/2004","S65E","SULFATE","mg/L",6.55
"05/17/2004","S65E","SULFATE","mg/L",14.35
"05/18/2004","S65E","SULFATE","mg/L",14.7
"06/08/2004","S65E","SULFATE","mg/L",13.6
"06/22/2004","S65E","SULFATE","mg/L",11.2
"07/06/2004","S65E","SULFATE","mg/L",6.95
"07/20/2004","S65E","SULFATE","mg/L",6.25
"08/03/2004","S65E","SULFATE","mg/L",11.4
"08/17/2004","S65E","SULFATE","mg/L",12.5
"08/23/2004","S65E","SULFATE","mg/L",5.85
"08/31/2004","S65E","SULFATE","mg/L",7.1
"09/14/2004","S65E","SULFATE","mg/L",8.5
"09/29/2004","S65E","SULFATE","mg/L",6.6
"10/12/2004","S65E","SULFATE","mg/L",5.8
"10/26/2004","S65E","SULFATE","mg/L",1.9
"11/09/2004","S65E","SULFATE","mg/L",6
"11/22/2004","S65E","SULFATE","mg/L",6.6
"12/07/2004","S65E","SULFATE","mg/L",6.5
"12/21/2004","S65E","SULFATE","mg/L",3.25
"01/04/2005","S65E","SULFATE","mg/L",8.3
"01/18/2005","S65E","SULFATE","mg/L",8.7
"02/01/2005","S65E","SULFATE","mg/L",9
"02/14/2005","S65E","SULFATE","mg/L",8.7
"02/15/2005","S65E","SULFATE","mg/L",8.6
"03/01/2005","S65E","SULFATE","mg/L",4.05
"03/15/2005","S65E","SULFATE","mg/L",13
"03/29/2005","S65E","SULFATE","mg/L",8.7
"04/12/2005","S65E","SULFATE","mg/L",8
"04/26/2005","S65E","SULFATE","mg/L",8.4
"05/10/2005","S65E","SULFATE","mg/L",9.2
"05/16/2005","S65E","SULFATE","mg/L",4.1
"05/24/2005","S65E","SULFATE","mg/L",7.9
"06/07/2005","S65E","SULFATE","mg/L",2.9
"06/21/2005","S65E","SULFATE","mg/L",7
"07/05/2005","S65E","SULFATE","mg/L",3.55
"07/19/2005","S65E","SULFATE","mg/L",3.35
"08/02/2005","S65E","SULFATE","mg/L",2.35
"08/16/2005","S65E","SULFATE","mg/L",5.9
"08/22/2005","S65E","SULFATE","mg/L",5.4
"08/30/2005","S65E","SULFATE","mg/L",6.6
"09/12/2005","S65E","SULFATE","mg/L",2.5
"09/26/2005","S65E","SULFATE","mg/L",5.5
"10/11/2005","S65E","SULFATE","mg/L",7.5
"11/08/2005","S65E","SULFATE","mg/L",2.6
"11/14/2005","S65E","SULFATE","mg/L",5.1
"11/16/2005","S65E","SULFATE","mg/L",5.4
"12/06/2005","S65E","SULFATE","mg/L",7.3
"12/20/2005","S65E","SULFATE","mg/L",7
"01/03/2006","S65E","SULFATE","mg/L",7.1
"01/17/2006","S65E","SULFATE","mg/L",7.2
"01/30/2006","S65E","SULFATE","mg/L",7.2
"02/13/2006","S65E","SULFATE","mg/L",7.2
"02/21/2006","S65E","SULFATE","mg/L",5.55
"02/28/2006","S65E","SULFATE","mg/L",10.4
"03/13/2006","S65E","SULFATE","mg/L",4.6
"03/28/2006","S65E","SULFATE","mg/L",8.8
"04/11/2006","S65E","SULFATE","mg/L",4.4
"04/24/2006","S65E","SULFATE","mg/L",9.2
"05/08/2006","S65E","SULFATE","mg/L",8.6
"05/22/2006","S65E","SULFATE","mg/L",8.8
"05/23/2006","S65E","SULFATE","mg/L",4.35
"06/06/2006","S65E","SULFATE","mg/L",5.3
"06/19/2006","S65E","SULFATE","mg/L",4.6
"07/18/2006","S65E","SULFATE","mg/L",12
"07/31/2006","S65E","SULFATE","mg/L",6.75
"08/14/2006","S65E","SULFATE","mg/L",14.1
"08/21/2006","S65E","SULFATE","mg/L",13.6
"08/31/2006","S65E","SULFATE","mg/L",13.3
"09/11/2006","S65E","SULFATE","mg/L",1.5
"09/25/2006","S65E","SULFATE","mg/L",5.2
"10/10/2006","S65E","SULFATE","mg/L",7.6
"10/24/2006","S65E","SULFATE","mg/L",8.8
"11/07/2006","S65E","SULFATE","mg/L",10.2
"11/21/2006","S65E","SULFATE","mg/L",11
"11/27/2006","S65E","SULFATE","mg/L",11.4
"12/05/2006","S65E","SULFATE","mg/L",5.75
"12/19/2006","S65E","SULFATE","mg/L",9.225
"01/02/2007","S65E","SULFATE","mg/L",6.3
"01/16/2007","S65E","SULFATE","mg/L",13.3
"01/30/2007","S65E","SULFATE","mg/L",6.95
"02/13/2007","S65E","SULFATE","mg/L",14.4
"02/26/2007","S65E","SULFATE","mg/L",14.8
"02/27/2007","S65E","SULFATE","mg/L",14.6
"03/13/2007","S65E","SULFATE","mg/L",12.175
"03/27/2007","S65E","SULFATE","mg/L",17.7
"04/10/2007","S65E","SULFATE","mg/L",19
"04/24/2007","S65E","SULFATE","mg/L",21
"05/08/2007","S65E","SULFATE","mg/L",9.75
"05/21/2007","S65E","SULFATE","mg/L",25.6
"05/22/2007","S65E","SULFATE","mg/L",25.3
"06/05/2007","S65E","SULFATE","mg/L",15.44
"06/19/2007","S65E","SULFATE","mg/L",25.1
"07/02/2007","S65E","SULFATE","mg/L",25.1
"07/17/2007","S65E","SULFATE","mg/L",38.3
"08/06/2007","S65E","SULFATE","mg/L",6.5
"08/20/2007","S65E","SULFATE","mg/L",8.45
"08/21/2007","S65E","SULFATE","mg/L",11.3
"09/04/2007","S65E","SULFATE","mg/L",5.65
"09/17/2007","S65E","SULFATE","mg/L",14.2
"10/01/2007","S65E","SULFATE","mg/L",14.1
"10/15/2007","S65E","SULFATE","mg/L",6.1
"10/29/2007","S65E","SULFATE","mg/L",10.6
"11/05/2007","S65E","SULFATE","mg/L",11.8
"11/20/2007","S65E","SULFATE","mg/L",11.4
"11/26/2007","S65E","SULFATE","mg/L",11.6
"12/03/2007","S65E","SULFATE","mg/L",7.2
"12/18/2007","S65E","SULFATE","mg/L",12.8
"01/17/2008","S65E","SULFATE","mg/L",14.4
"01/29/2008","S65E","SULFATE","mg/L",7.5
"02/04/2008","S65E","SULFATE","mg/L",15.2
"02/19/2008","S65E","SULFATE","mg/L",15.9
"02/20/2008","S65E","SULFATE","mg/L",16
"03/03/2008","S65E","SULFATE","mg/L",9.42
"03/17/2008","S65E","SULFATE","mg/L",8.4
"04/07/2008","S65E","SULFATE","mg/L",13.1
"04/21/2008","S65E","SULFATE","mg/L",11.5
"05/06/2008","S65E","SULFATE","mg/L",12.4
"05/19/2008","S65E","SULFATE","mg/L",6.15
"05/28/2008","S65E","SULFATE","mg/L",12.8
"06/03/2008","S65E","SULFATE","mg/L",7.46
"06/17/2008","S65E","SULFATE","mg/L",11.9
"07/01/2008","S65E","SULFATE","mg/L",6.75
"07/16/2008","S65E","SULFATE","mg/L",5.35
"08/06/2008","S65E","SULFATE","mg/L",6.1
"08/26/2008","S65E","SULFATE","mg/L",5.6
"08/28/2008","S65E","SULFATE","mg/L",5
"09/08/2008","S65E","SULFATE","mg/L",4.18
"09/22/2008","S65E","SULFATE","mg/L",7.4
"10/06/2008","S65E","SULFATE","mg/L",4.85
"10/20/2008","S65E","SULFATE","mg/L",7.6
"11/13/2008","S65E","SULFATE","mg/L",8.3
"11/19/2008","S65E","SULFATE","mg/L",14.9
"11/24/2008","S65E","SULFATE","mg/L",15
"12/10/2008","S65E","SULFATE","mg/L",7.4
"12/23/2008","S65E","SULFATE","mg/L",6.3
"01/14/2009","S65E","SULFATE","mg/L",5.75
"01/27/2009","S65E","SULFATE","mg/L",11.9
"02/02/2009","S65E","SULFATE","mg/L",14.2
"02/17/2009","S65E","SULFATE","mg/L",11.9
"02/18/2009","S65E","SULFATE","mg/L",11.3
"03/03/2009","S65E","SULFATE","mg/L",10.16
"03/17/2009","S65E","SULFATE","mg/L",14.4
"03/31/2009","S65E","SULFATE","mg/L",7.25
"04/14/2009","S65E","SULFATE","mg/L",7.95
"04/29/2009","S65E","SULFATE","mg/L",17.2
"05/13/2009","S65E","SULFATE","mg/L",7.6
"05/20/2009","S65E","SULFATE","mg/L",13.6
"05/27/2009","S65E","SULFATE","mg/L",14.4
"06/02/2009","S65E","SULFATE","mg/L",6.4
"06/16/2009","S65E","SULFATE","mg/L",3.6
"07/07/2009","S65E","SULFATE","mg/L",6.2
"07/20/2009","S65E","SULFATE","mg/L",10.4
"08/04/2009","S65E","SULFATE","mg/L",4.1
"08/18/2009","S65E","SULFATE","mg/L",3.65
"08/26/2009","S65E","SULFATE","mg/L",8.9
"09/08/2009","S65E","SULFATE","mg/L",3.95
"09/22/2009","S65E","SULFATE","mg/L",3.92
"10/07/2009","S65E","SULFATE","mg/L",3.3
"10/21/2009","S65E","SULFATE","mg/L",3.25
"11/09/2009","S65E","SULFATE","mg/L",3.95
"11/30/2009","S65E","SULFATE","mg/L",4.7
"12/16/2009","S65E","SULFATE","mg/L",5.05
"12/28/2009","S65E","SULFATE","mg/L",8.3
"01/11/2010","S65E","SULFATE","mg/L",17.8
"01/25/2010","S65E","SULFATE","mg/L",16.2
"02/08/2010","S65E","SULFATE","mg/L",13.8
"02/17/2010","S65E","SULFATE","mg/L",17.3
"03/15/2010","S65E","SULFATE","mg/L",8
"03/29/2010","S65E","SULFATE","mg/L",12.6
"04/12/2010","S65E","SULFATE","mg/L",5.1
"04/26/2010","S65E","SULFATE","mg/L",9.6
"05/10/2010","S65E","SULFATE","mg/L",4
"05/24/2010","S65E","SULFATE","mg/L",8.2
"06/07/2010","S65E","SULFATE","mg/L",5.75
"06/21/2010","S65E","SULFATE","mg/L",8.8
"07/08/2010","S65E","SULFATE","mg/L",5.15
"07/19/2010","S65E","SULFATE","mg/L",7.7
"08/02/2010","S65E","SULFATE","mg/L",9.6
"08/16/2010","S65E","SULFATE","mg/L",12.1
"09/14/2010","S65E","SULFATE","mg/L",8.93333333333333
"09/27/2010","S65E","SULFATE","mg/L",8.1
"10/11/2010","S65E","SULFATE","mg/L",9.6
"10/26/2010","S65E","SULFATE","mg/L",10.4
"11/09/2010","S65E","SULFATE","mg/L",14.5
"11/29/2010","S65E","SULFATE","mg/L",11
"12/09/2010","S65E","SULFATE","mg/L",11.4
"12/22/2010","S65E","SULFATE","mg/L",12
"01/10/2011","S65E","SULFATE","mg/L",12.4
"01/24/2011","S65E","SULFATE","mg/L",14.7
"02/07/2011","S65E","SULFATE","mg/L",17
"02/23/2011","S65E","SULFATE","mg/L",20.4
"03/09/2011","S65E","SULFATE","mg/L",17.5333333333333
"03/23/2011","S65E","SULFATE","mg/L",15.9
"04/13/2011","S65E","SULFATE","mg/L",11.2
"04/27/2011","S65E","SULFATE","mg/L",9.5
"05/11/2011","S65E","SULFATE","mg/L",9.4
"05/25/2011","S65E","SULFATE","mg/L",9.9
"06/08/2011","S65E","SULFATE","mg/L",9.4
"06/20/2011","S65E","SULFATE","mg/L",9.6
"07/06/2011","S65E","SULFATE","mg/L",9.4
"07/20/2011","S65E","SULFATE","mg/L",15.5
"08/03/2011","S65E","SULFATE","mg/L",9.7
"08/17/2011","S65E","SULFATE","mg/L",16.5
"08/31/2011","S65E","SULFATE","mg/L",10.1
"09/14/2011","S65E","SULFATE","mg/L",9.43333333333333
"09/28/2011","S65E","SULFATE","mg/L",7.7
"10/12/2011","S65E","SULFATE","mg/L",5.6
"10/26/2011","S65E","SULFATE","mg/L",6.4
"11/07/2011","S65E","SULFATE","mg/L",6.8
"11/22/2011","S65E","SULFATE","mg/L",8
"12/07/2011","S65E","SULFATE","mg/L",9.1
"12/21/2011","S65E","SULFATE","mg/L",9.7
"01/04/2012","S65E","SULFATE","mg/L",9.3
"01/18/2012","S65E","SULFATE","mg/L",8.8
"02/01/2012","S65E","SULFATE","mg/L",8.1
"02/15/2012","S65E","SULFATE","mg/L",7.8
"02/29/2012","S65E","SULFATE","mg/L",8.5
"03/14/2012","S65E","SULFATE","mg/L",9.6
"03/28/2012","S65E","SULFATE","mg/L",12.6
"04/11/2012","S65E","SULFATE","mg/L",14.2
"04/25/2012","S65E","SULFATE","mg/L",14.9
"05/09/2012","S65E","SULFATE","mg/L",12.5
"05/23/2012","S65E","SULFATE","mg/L",9.6
"06/06/2012","S65E","SULFATE","mg/L",8.6
"06/20/2012","S65E","SULFATE","mg/L",10.5
"07/11/2012","S65E","SULFATE","mg/L",12.9
"07/25/2012","S65E","SULFATE","mg/L",15.6
"08/08/2012","S65E","SULFATE","mg/L",18.6
"08/22/2012","S65E","SULFATE","mg/L",14.5
"09/05/2012","S65E","SULFATE","mg/L",5.8
"09/19/2012","S65E","SULFATE","mg/L",7.4
"10/03/2012","S65E","SULFATE","mg/L",5.6
"10/17/2012","S65E","SULFATE","mg/L",5.9
"10/31/2012","S65E","SULFATE","mg/L",9.9
"11/14/2012","S65E","SULFATE","mg/L",10.4
"11/28/2012","S65E","SULFATE","mg/L",12.1
"12/05/2012","S65E","SULFATE","mg/L",12.7
"12/19/2012","S65E","SULFATE","mg/L",13.1
"01/02/2013","S65E","SULFATE","mg/L",13.2
"01/16/2013","S65E","SULFATE","mg/L",15
"01/30/2013","S65E","SULFATE","mg/L",15.9
"02/13/2013","S65E","SULFATE","mg/L",15.2
"02/27/2013","S65E","SULFATE","mg/L",13.8
"03/13/2013","S65E","SULFATE","mg/L",15
"03/27/2013","S65E","SULFATE","mg/L",14.7
"04/10/2013","S65E","SULFATE","mg/L",15.5
"04/24/2013","S65E","SULFATE","mg/L",16.7
"05/08/2013","S65E","SULFATE","mg/L",13.3
"05/22/2013","S65E","SULFATE","mg/L",11
"06/05/2013","S65E","SULFATE","mg/L",11.6
"06/19/2013","S65E","SULFATE","mg/L",12
"07/02/2013","S65E","SULFATE","mg/L",12.6
"07/17/2013","S65E","SULFATE","mg/L",9.8
"07/31/2013","S65E","SULFATE","mg/L",7.5
"08/14/2013","S65E","SULFATE","mg/L",5.9
"08/28/2013","S65E","SULFATE","mg/L",6.9
"09/11/2013","S65E","SULFATE","mg/L",7.9
"09/25/2013","S65E","SULFATE","mg/L",8.4
"10/09/2013","S65E","SULFATE","mg/L",6.4
"10/23/2013","S65E","SULFATE","mg/L",8.8
"11/06/2013","S65E","SULFATE","mg/L",11.3
"11/20/2013","S65E","SULFATE","mg/L",12.3
"12/04/2013","S65E","SULFATE","mg/L",13.3
"12/18/2013","S65E","SULFATE","mg/L",12.9
"12/30/2013","S65E","SULFATE","mg/L",13.5
"01/15/2014","S65E","SULFATE","mg/L",11.8
"01/29/2014","S65E","SULFATE","mg/L",11.4
"02/12/2014","S65E","SULFATE","mg/L",17.9
"02/26/2014","S65E","SULFATE","mg/L",13.2
"03/12/2014","S65E","SULFATE","mg/L",9.9
"03/26/2014","S65E","SULFATE","mg/L",9.8
"04/09/2014","S65E","SULFATE","mg/L",9
"04/23/2014","S65E","SULFATE","mg/L",8.6
"05/07/2014","S65E","SULFATE","mg/L",9.8
"05/21/2014","S65E","SULFATE","mg/L",9.6
"06/04/2014","S65E","SULFATE","mg/L",9.5
"06/18/2014","S65E","SULFATE","mg/L",14.8
"07/01/2014","S65E","SULFATE","mg/L",21.1
"07/16/2014","S65E","SULFATE","mg/L",11
"07/30/2014","S65E","SULFATE","mg/L",6
"08/13/2014","S65E","SULFATE","mg/L",7.3
"08/18/2014","S65E","SULFATE","mg/L",6.3
"08/27/2014","S65E","SULFATE","mg/L",5.1
"09/10/2014","S65E","SULFATE","mg/L",6.4
"09/24/2014","S65E","SULFATE","mg/L",8.9
"10/08/2014","S65E","SULFATE","mg/L",4.9
"10/22/2014","S65E","SULFATE","mg/L",7.6
"11/03/2014","S65E","SULFATE","mg/L",8.6
"11/05/2014","S65E","SULFATE","mg/L",9.4
"11/19/2014","S65E","SULFATE","mg/L",12
"12/03/2014","S65E","SULFATE","mg/L",15.3
"12/17/2014","S65E","SULFATE","mg/L",11.3
"12/30/2014","S65E","SULFATE","mg/L",7.5
"01/14/2015","S65E","SULFATE","mg/L",7.9
"01/28/2015","S65E","SULFATE","mg/L",7.4
"02/02/2015","S65E","SULFATE","mg/L",5.8
"02/11/2015","S65E","SULFATE","mg/L",5.8
"02/25/2015","S65E","SULFATE","mg/L",7.7
"03/11/2015","S65E","SULFATE","mg/L",6
"03/25/2015","S65E","SULFATE","mg/L",5.3
"04/08/2015","S65E","SULFATE","mg/L",7.6
"04/22/2015","S65E","SULFATE","mg/L",6.2
"05/04/2015","S65E","SULFATE","mg/L",5.8
"05/06/2015","S65E","SULFATE","mg/L",5.9
"05/20/2015","S65E","SULFATE","mg/L",6.7
"06/03/2015","S65E","SULFATE","mg/L",8.2
"06/17/2015","S65E","SULFATE","mg/L",8.2
"07/01/2015","S65E","SULFATE","mg/L",13.5
"07/15/2015","S65E","SULFATE","mg/L",14.2
"07/29/2015","S65E","SULFATE","mg/L",11.9
"08/03/2015","S65E","SULFATE","mg/L",11.8
"08/12/2015","S65E","SULFATE","mg/L",7.1
"08/26/2015","S65E","SULFATE","mg/L",6.2
"09/09/2015","S65E","SULFATE","mg/L",5.6
"09/23/2015","S65E","SULFATE","mg/L",5.3
"10/07/2015","S65E","SULFATE","mg/L",5.1
"10/21/2015","S65E","SULFATE","mg/L",5.6
"10/26/2015","S65E","SULFATE","mg/L",6
"11/04/2015","S65E","SULFATE","mg/L",6.2
"11/18/2015","S65E","SULFATE","mg/L",6.8
"12/02/2015","S65E","SULFATE","mg/L",12.7
"01/20/2016","S65E","SULFATE","mg/L",14.9
"04/11/2016","S65E","SULFATE","mg/L",6.5
"07/06/2016","S65E","SULFATE","mg/L",7.6
"09/26/2016","S65E","SULFATE","mg/L",5.7
"12/19/2016","S65E","SULFATE","mg/L",6.6
"01/09/2017","S65E","SULFATE","mg/L",7
"01/23/2017","S65E","SULFATE","mg/L",8
"02/06/2017","S65E","SULFATE","mg/L",8
"02/20/2017","S65E","SULFATE","mg/L",8
"03/06/2017","S65E","SULFATE","mg/L",8.1
"03/13/2017","S65E","SULFATE","mg/L",8.2
"03/20/2017","S65E","SULFATE","mg/L",7.43333333333333
"04/17/2017","S65E","SULFATE","mg/L",8.8
"04/24/2017","S65E","SULFATE","mg/L",9
"05/01/2017","S65E","SULFATE","mg/L",9.1
"05/08/2017","S65E","SULFATE","mg/L",9.2
"06/05/2017","S65E","SULFATE","mg/L",9.7
"06/12/2017","S65E","SULFATE","mg/L",13.6
"06/19/2017","S65E","SULFATE","mg/L",31.5
"07/05/2017","S65E","SULFATE","mg/L",10.7
"07/17/2017","S65E","SULFATE","mg/L",12.2
"08/01/2017","S65E","SULFATE","mg/L",8
"08/14/2017","S65E","SULFATE","mg/L",6.4
"08/28/2017","S65E","SULFATE","mg/L",6.8
"09/13/2017","S65E","SULFATE","mg/L",4.6
"09/25/2017","S65E","SULFATE","mg/L",5.6
"10/09/2017","S65E","SULFATE","mg/L",6.3
"10/23/2017","S65E","SULFATE","mg/L",5.7
"11/06/2017","S65E","SULFATE","mg/L",6.6
"11/20/2017","S65E","SULFATE","mg/L",7.9
"12/04/2017","S65E","SULFATE","mg/L",9.4
"12/18/2017","S65E","SULFATE","mg/L",12.5
"01/16/2018","S65E","SULFATE","mg/L",10.6
"02/12/2018","S65E","SULFATE","mg/L",11.2
"03/12/2018","S65E","SULFATE","mg/L",9
"03/26/2018","S65E","SULFATE","mg/L",10.1
"04/09/2018","S65E","SULFATE","mg/L",11.5
"04/23/2018","S65E","SULFATE","mg/L",11
"05/07/2018","S65E","SULFATE","mg/L",11.2
"05/21/2018","S65E","SULFATE","mg/L",20
"06/04/2018","S65E","SULFATE","mg/L",19.5
"06/18/2018","S65E","SULFATE","mg/L",10.7
"07/02/2018","S65E","SULFATE","mg/L",9.7
"07/16/2018","S65E","SULFATE","mg/L",9.3
"07/30/2018","S65E","SULFATE","mg/L",7.9
"08/06/2018","S65E","SULFATE","mg/L",7.5
"08/20/2018","S65E","SULFATE","mg/L",6.6
"09/04/2018","S65E","SULFATE","mg/L",6.4
"09/17/2018","S65E","SULFATE","mg/L",6.1
"10/01/2018","S65E","SULFATE","mg/L",6.3
"10/04/2018","S65E","SULFATE","mg/L",27.8
"10/15/2018","S65E","SULFATE","mg/L",6.4
"10/29/2018","S65E","SULFATE","mg/L",6.6
"11/13/2018","S65E","SULFATE","mg/L",8.9
"11/26/2018","S65E","SULFATE","mg/L",10
"12/11/2018","S65E","SULFATE","mg/L",10
"12/26/2018","S65E","SULFATE","mg/L",9.7
"01/07/2019","S65E","SULFATE","mg/L",11.7
"01/22/2019","S65E","SULFATE","mg/L",11.6
"02/04/2019","S65E","SULFATE","mg/L",20.1
"02/18/2019","S65E","SULFATE","mg/L",14.5
"03/04/2019","S65E","SULFATE","mg/L",8.9
"03/06/2019","S65E","SULFATE","mg/L",8.9
"03/18/2019","S65E","SULFATE","mg/L",12.3
"04/08/2019","S65E","SULFATE","mg/L",12.3
"04/22/2019","S65E","SULFATE","mg/L",10.4
"05/06/2019","S65E","SULFATE","mg/L",10.5
"05/20/2019","S65E","SULFATE","mg/L",10.2
"06/03/2019","S65E","SULFATE","mg/L",27.7
"06/17/2019","S65E","SULFATE","mg/L",15.4
"06/20/2019","S65E","SULFATE","mg/L",11.1
"07/01/2019","S65E","SULFATE","mg/L",7
"07/15/2019","S65E","SULFATE","mg/L",11.1
"07/29/2019","S65E","SULFATE","mg/L",7.9
"08/12/2019","S65E","SULFATE","mg/L",5.2
"08/26/2019","S65E","SULFATE","mg/L",5
"09/09/2019","S65E","SULFATE","mg/L",5.8
"09/23/2019","S65E","SULFATE","mg/L",6.5
"10/08/2019","S65E","SULFATE","mg/L",8.9
"10/21/2019","S65E","SULFATE","mg/L",10.8
"11/04/2019","S65E","SULFATE","mg/L",12.8
"11/18/2019","S65E","SULFATE","mg/L",12.1
"12/02/2019","S65E","SULFATE","mg/L",10.5
"12/16/2019","S65E","SULFATE","mg/L",9.8
"12/30/2019","S65E","SULFATE","mg/L",14.2
"01/13/2020","S65E","SULFATE","mg/L",19.8
"01/27/2020","S65E","SULFATE","mg/L",12.5
"02/10/2020","S65E","SULFATE","mg/L",9.9
"02/24/2020","S65E","SULFATE","mg/L",9.6
"03/09/2020","S65E","SULFATE","mg/L",9
"03/23/2020","S65E","SULFATE","mg/L",8.8
"04/06/2020","S65E","SULFATE","mg/L",8.3
"04/20/2020","S65E","SULFATE","mg/L",9.3
"05/04/2020","S65E","SULFATE","mg/L",11.1
"05/18/2020","S65E","SULFATE","mg/L",10.4
"06/01/2020","S65E","SULFATE","mg/L",15.8
"06/15/2020","S65E","SULFATE","mg/L",10.9
"06/29/2020","S65E","SULFATE","mg/L",9.5
"07/13/2020","S65E","SULFATE","mg/L",8.5
"07/27/2020","S65E","SULFATE","mg/L",5.7
"08/10/2020","S65E","SULFATE","mg/L",7.1
"08/24/2020","S65E","SULFATE","mg/L",5.8
"09/08/2020","S65E","SULFATE","mg/L",5.5
"09/21/2020","S65E","SULFATE","mg/L",6.3
"10/05/2020","S65E","SULFATE","mg/L",5.7
"10/19/2020","S65E","SULFATE","mg/L",5.3
"11/02/2020","S65E","SULFATE","mg/L",7.7
"11/16/2020","S65E","SULFATE","mg/L",9.8
"11/30/2020","S65E","SULFATE","mg/L",7.4
"12/14/2020","S65E","SULFATE","mg/L",9.9
"12/28/2020","S65E","SULFATE","mg/L",8.3
"01/11/2021","S65E","SULFATE","mg/L",8.6
"01/25/2021","S65E","SULFATE","mg/L",7.8
"02/08/2021","S65E","SULFATE","mg/L",7.7
"02/22/2021","S65E","SULFATE","mg/L",10
"03/08/2021","S65E","SULFATE","mg/L",9.4
"03/22/2021","S65E","SULFATE","mg/L",8.4
"04/05/2021","S65E","SULFATE","mg/L",8.5
"04/19/2021","S65E","SULFATE","mg/L",9
"05/03/2021","S65E","SULFATE","mg/L",10.1
"05/17/2021","S65E","SULFATE","mg/L",8.8
"06/01/2021","S65E","SULFATE","mg/L",8.2
"06/14/2021","S65E","SULFATE","mg/L",8.8
"06/28/2021","S65E","SULFATE","mg/L",10.2
"07/12/2021","S65E","SULFATE","mg/L",17.9
"07/26/2021","S65E","SULFATE","mg/L",11.7
"08/09/2021","S65E","SULFATE","mg/L",9
"08/23/2021","S65E","SULFATE","mg/L",7.8
"09/07/2021","S65E","SULFATE","mg/L",6.6
"09/20/2021","S65E","SULFATE","mg/L",5
"10/04/2021","S65E","SULFATE","mg/L",6.1
"10/18/2021","S65E","SULFATE","mg/L",6.9
"11/01/2021","S65E","SULFATE","mg/L",6.7
"11/15/2021","S65E","SULFATE","mg/L",8.8
"11/29/2021","S65E","SULFATE","mg/L",9.6
"12/13/2021","S65E","SULFATE","mg/L",10.1
"12/27/2021","S65E","SULFATE","mg/L",10.2
"01/10/2022","S65E","SULFATE","mg/L",9.8
"01/24/2022","S65E","SULFATE","mg/L",10.3
"02/07/2022","S65E","SULFATE","mg/L",10.5
"02/21/2022","S65E","SULFATE","mg/L",12.8
"03/07/2022","S65E","SULFATE","mg/L",10.4
"03/21/2022","S65E","SULFATE","mg/L",9.7
"04/04/2022","S65E","SULFATE","mg/L",9.7
"04/18/2022","S65E","SULFATE","mg/L",10.2
"05/02/2022","S65E","SULFATE","mg/L",8.1
"05/16/2022","S65E","SULFATE","mg/L",7.6
"05/31/2022","S65E","SULFATE","mg/L",8.4
"06/13/2022","S65E","SULFATE","mg/L",10.8
"06/27/2022","S65E","SULFATE","mg/L",15.3
"07/11/2022","S65E","SULFATE","mg/L",21.8
"07/25/2022","S65E","SULFATE","mg/L",20.2
"08/08/2022","S65E","SULFATE","mg/L",20.4
"08/22/2022","S65E","SULFATE","mg/L",15.7
"09/06/2022","S65E","SULFATE","mg/L",6.7
"09/19/2022","S65E","SULFATE","mg/L",13.5
"10/03/2022","S65E","SULFATE","mg/L",6.2
"10/17/2022","S65E","SULFATE","mg/L",5.2
"10/31/2022","S65E","SULFATE","mg/L",4.3
"11/14/2022","S65E","SULFATE","mg/L",8.6
"11/28/2022","S65E","SULFATE","mg/L",7
"12/12/2022","S65E","SULFATE","mg/L",6.4
"12/27/2022","S65E","SULFATE","mg/L",6.1
"01/09/2023","S65E","SULFATE","mg/L",6.8
"01/23/2023","S65E","SULFATE","mg/L",5.7
"02/06/2023","S65E","SULFATE","mg/L",6
"02/20/2023","S65E","SULFATE","mg/L",5.7
"03/06/2023","S65E","SULFATE","mg/L",6
"03/20/2023","S65E","SULFATE","mg/L",6.5
"04/03/2023","S65E","SULFATE","mg/L",6.7
"04/17/2023","S65E","SULFATE","mg/L",8.3
"05/01/2023","S65E","SULFATE","mg/L",11.2
"06/13/1973","S65E","Temperature","Deg C",29.5
"07/16/1973","S65E","Temperature","Deg C",29
"08/29/1973","S65E","Temperature","Deg C",29
"10/02/1973","S65E","Temperature","Deg C",27.25
"11/07/1973","S65E","Temperature","Deg C",24.25
"11/12/1973","S65E","Temperature","Deg C",22
"11/13/1973","S65E","Temperature","Deg C",23
"12/05/1973","S65E","Temperature","Deg C",21.5
"12/10/1973","S65E","Temperature","Deg C",24
"12/11/1973","S65E","Temperature","Deg C",22
"01/08/1974","S65E","Temperature","Deg C",20.5
"02/12/1974","S65E","Temperature","Deg C",18.65
"03/05/1974","S65E","Temperature","Deg C",17.9
"04/02/1974","S65E","Temperature","Deg C",24.05
"05/07/1974","S65E","Temperature","Deg C",24.5
"06/11/1974","S65E","Temperature","Deg C",28.25
"07/09/1974","S65E","Temperature","Deg C",27.4
"08/13/1974","S65E","Temperature","Deg C",28.15
"09/10/1974","S65E","Temperature","Deg C",27.5
"10/08/1974","S65E","Temperature","Deg C",23.5
"11/05/1974","S65E","Temperature","Deg C",22.25
"12/10/1974","S65E","Temperature","Deg C",16.3
"01/07/1975","S65E","Temperature","Deg C",20.4
"02/04/1975","S65E","Temperature","Deg C",20.65
"03/05/1975","S65E","Temperature","Deg C",18.9
"04/08/1975","S65E","Temperature","Deg C",21.9
"05/06/1975","S65E","Temperature","Deg C",25.3
"06/03/1975","S65E","Temperature","Deg C",26.65
"07/15/1975","S65E","Temperature","Deg C",27.9
"08/12/1975","S65E","Temperature","Deg C",29.9
"09/12/1975","S65E","Temperature","Deg C",28.5
"10/27/1975","S65E","Temperature","Deg C",27.5
"10/28/1975","S65E","Temperature","Deg C",25.4
"02/12/1976","S65E","Temperature","Deg C",17
"05/11/1976","S65E","Temperature","Deg C",26.5
"06/22/1976","S65E","Temperature","Deg C",28
"07/20/1976","S65E","Temperature","Deg C",29.75
"08/24/1976","S65E","Temperature","Deg C",29
"09/21/1976","S65E","Temperature","Deg C",28
"10/19/1976","S65E","Temperature","Deg C",24.9
"12/06/1976","S65E","Temperature","Deg C",17.95
"01/25/1977","S65E","Temperature","Deg C",13
"03/21/1977","S65E","Temperature","Deg C",23.85
"05/23/1977","S65E","Temperature","Deg C",26.3
"07/25/1977","S65E","Temperature","Deg C",29.65
"09/20/1977","S65E","Temperature","Deg C",30.2
"12/01/1977","S65E","Temperature","Deg C",21.15
"01/24/1978","S65E","Temperature","Deg C",16
"03/21/1978","S65E","Temperature","Deg C",19.35
"05/30/1978","S65E","Temperature","Deg C",27.5
"06/21/1978","S65E","Temperature","Deg C",27.75
"07/25/1978","S65E","Temperature","Deg C",26.85
"08/22/1978","S65E","Temperature","Deg C",29.65
"09/18/1978","S65E","Temperature","Deg C",28.25
"10/09/1978","S65E","Temperature","Deg C",26.5
"10/17/1978","S65E","Temperature","Deg C",24.55
"10/23/1978","S65E","Temperature","Deg C",24.8
"11/14/1978","S65E","Temperature","Deg C",23.1
"11/20/1978","S65E","Temperature","Deg C",24
"12/04/1978","S65E","Temperature","Deg C",24.1
"12/12/1978","S65E","Temperature","Deg C",21.3
"12/19/1978","S65E","Temperature","Deg C",19.8
"01/08/1979","S65E","Temperature","Deg C",17.2
"01/22/1979","S65E","Temperature","Deg C",18.1
"01/23/1979","S65E","Temperature","Deg C",17.6
"02/05/1979","S65E","Temperature","Deg C",15.6
"02/20/1979","S65E","Temperature","Deg C",17.6333333333333
"03/05/1979","S65E","Temperature","Deg C",20.2
"03/19/1979","S65E","Temperature","Deg C",19.8333333333333
"04/02/1979","S65E","Temperature","Deg C",21
"04/16/1979","S65E","Temperature","Deg C",25.2
"04/24/1979","S65E","Temperature","Deg C",23
"04/30/1979","S65E","Temperature","Deg C",24.5
"05/14/1979","S65E","Temperature","Deg C",25.4
"05/22/1979","S65E","Temperature","Deg C",26
"05/29/1979","S65E","Temperature","Deg C",27.2
"06/11/1979","S65E","Temperature","Deg C",29.5
"06/18/1979","S65E","Temperature","Deg C",28.25
"06/25/1979","S65E","Temperature","Deg C",30
"07/09/1979","S65E","Temperature","Deg C",31.1
"07/17/1979","S65E","Temperature","Deg C",29.3
"07/23/1979","S65E","Temperature","Deg C",27.2
"08/06/1979","S65E","Temperature","Deg C",30.2
"08/20/1979","S65E","Temperature","Deg C",28.9
"08/21/1979","S65E","Temperature","Deg C",30.05
"09/05/1979","S65E","Temperature","Deg C",28.2
"09/18/1979","S65E","Temperature","Deg C",27.6
"10/01/1979","S65E","Temperature","Deg C",26.7
"10/02/1979","S65E","Temperature","Deg C",28.8
"10/15/1979","S65E","Temperature","Deg C",25.7
"10/29/1979","S65E","Temperature","Deg C",25
"11/13/1979","S65E","Temperature","Deg C",24.6
"12/11/1979","S65E","Temperature","Deg C",19.8
"01/08/1980","S65E","Temperature","Deg C",15.8
"01/22/1980","S65E","Temperature","Deg C",18
"02/19/1980","S65E","Temperature","Deg C",15.1
"03/04/1980","S65E","Temperature","Deg C",15.8
"03/18/1980","S65E","Temperature","Deg C",22.5
"04/02/1980","S65E","Temperature","Deg C",23.3
"04/16/1980","S65E","Temperature","Deg C",24.4
"04/30/1980","S65E","Temperature","Deg C",24
"05/12/1980","S65E","Temperature","Deg C",27
"05/13/1980","S65E","Temperature","Deg C",26.3
"05/28/1980","S65E","Temperature","Deg C",27.4
"06/09/1980","S65E","Temperature","Deg C",30.45
"06/25/1980","S65E","Temperature","Deg C",30.8
"07/07/1980","S65E","Temperature","Deg C",31.2
"07/08/1980","S65E","Temperature","Deg C",32.5
"07/24/1980","S65E","Temperature","Deg C",30.2
"08/04/1980","S65E","Temperature","Deg C",29
"08/20/1980","S65E","Temperature","Deg C",33.5
"09/02/1980","S65E","Temperature","Deg C",29.8
"09/03/1980","S65E","Temperature","Deg C",28.9
"09/17/1980","S65E","Temperature","Deg C",29.3
"09/30/1980","S65E","Temperature","Deg C",25
"10/01/1980","S65E","Temperature","Deg C",30.6
"10/14/1980","S65E","Temperature","Deg C",26.2
"10/28/1980","S65E","Temperature","Deg C",26.5
"10/29/1980","S65E","Temperature","Deg C",26.8
"11/12/1980","S65E","Temperature","Deg C",23.4
"11/25/1980","S65E","Temperature","Deg C",22.3
"12/02/1980","S65E","Temperature","Deg C",21.9
"12/23/1980","S65E","Temperature","Deg C",18.2
"12/31/1980","S65E","Temperature","Deg C",16
"01/14/1981","S65E","Temperature","Deg C",13
"01/20/1981","S65E","Temperature","Deg C",12.3
"01/27/1981","S65E","Temperature","Deg C",16.9
"02/11/1981","S65E","Temperature","Deg C",17
"02/17/1981","S65E","Temperature","Deg C",19.5
"02/24/1981","S65E","Temperature","Deg C",19.6
"03/11/1981","S65E","Temperature","Deg C",20
"03/16/1981","S65E","Temperature","Deg C",20
"03/24/1981","S65E","Temperature","Deg C",19
"04/08/1981","S65E","Temperature","Deg C",22.5
"04/13/1981","S65E","Temperature","Deg C",23.2
"04/21/1981","S65E","Temperature","Deg C",28.3
"05/06/1981","S65E","Temperature","Deg C",24.4
"05/11/1981","S65E","Temperature","Deg C",27.9
"05/19/1981","S65E","Temperature","Deg C",27
"06/02/1981","S65E","Temperature","Deg C",27
"06/08/1981","S65E","Temperature","Deg C",30
"06/17/1981","S65E","Temperature","Deg C",31.9
"06/30/1981","S65E","Temperature","Deg C",28.7
"07/06/1981","S65E","Temperature","Deg C",29.3
"07/16/1981","S65E","Temperature","Deg C",32
"07/28/1981","S65E","Temperature","Deg C",30
"08/03/1981","S65E","Temperature","Deg C",28.8
"08/12/1981","S65E","Temperature","Deg C",29.7
"08/25/1981","S65E","Temperature","Deg C",29
"08/31/1981","S65E","Temperature","Deg C",29.5
"09/10/1981","S65E","Temperature","Deg C",29.2
"09/23/1981","S65E","Temperature","Deg C",27.8
"09/28/1981","S65E","Temperature","Deg C",27.4
"10/06/1981","S65E","Temperature","Deg C",26.9
"10/20/1981","S65E","Temperature","Deg C",25
"10/26/1981","S65E","Temperature","Deg C",25
"11/04/1981","S65E","Temperature","Deg C",24.4
"11/23/1981","S65E","Temperature","Deg C",21
"12/02/1981","S65E","Temperature","Deg C",20.6
"12/21/1981","S65E","Temperature","Deg C",14.8
"01/18/1982","S65E","Temperature","Deg C",16.7
"02/16/1982","S65E","Temperature","Deg C",21.5
"02/24/1982","S65E","Temperature","Deg C",22
"03/09/1982","S65E","Temperature","Deg C",20.9
"03/15/1982","S65E","Temperature","Deg C",20.9
"04/05/1982","S65E","Temperature","Deg C",26
"04/12/1982","S65E","Temperature","Deg C",23.1
"04/19/1982","S65E","Temperature","Deg C",26.8
"05/04/1982","S65E","Temperature","Deg C",24.6
"05/10/1982","S65E","Temperature","Deg C",24.9
"05/18/1982","S65E","Temperature","Deg C",25.4
"06/01/1982","S65E","Temperature","Deg C",28
"06/14/1982","S65E","Temperature","Deg C",33.7
"07/01/1982","S65E","Temperature","Deg C",31.2
"07/12/1982","S65E","Temperature","Deg C",29.6
"07/27/1982","S65E","Temperature","Deg C",31.9
"08/02/1982","S65E","Temperature","Deg C",30.2
"08/09/1982","S65E","Temperature","Deg C",29.4
"08/25/1982","S65E","Temperature","Deg C",30
"09/01/1982","S65E","Temperature","Deg C",29.5
"09/09/1982","S65E","Temperature","Deg C",29.3
"09/21/1982","S65E","Temperature","Deg C",28.7
"09/27/1982","S65E","Temperature","Deg C",26.1
"10/05/1982","S65E","Temperature","Deg C",27.5
"10/20/1982","S65E","Temperature","Deg C",24.6
"10/26/1982","S65E","Temperature","Deg C",22
"11/01/1982","S65E","Temperature","Deg C",22.7
"11/22/1982","S65E","Temperature","Deg C",22.6
"12/06/1982","S65E","Temperature","Deg C",23.5
"12/20/1982","S65E","Temperature","Deg C",19.2
"12/22/1982","S65E","Temperature","Deg C",18.6
"01/04/1983","S65E","Temperature","Deg C",21.1
"01/18/1983","S65E","Temperature","Deg C",17.8
"01/19/1983","S65E","Temperature","Deg C",17.1
"02/01/1983","S65E","Temperature","Deg C",18.4
"02/15/1983","S65E","Temperature","Deg C",16
"02/17/1983","S65E","Temperature","Deg C",17.3
"03/02/1983","S65E","Temperature","Deg C",18.6
"03/15/1983","S65E","Temperature","Deg C",16.9
"03/17/1983","S65E","Temperature","Deg C",17
"03/29/1983","S65E","Temperature","Deg C",20
"04/15/1983","S65E","Temperature","Deg C",22.7
"04/26/1983","S65E","Temperature","Deg C",23.3
"05/11/1983","S65E","Temperature","Deg C",20
"05/12/1983","S65E","Temperature","Deg C",25.2
"05/24/1983","S65E","Temperature","Deg C",29.9
"06/07/1983","S65E","Temperature","Deg C",28.9
"06/09/1983","S65E","Temperature","Deg C",23.8
"06/21/1983","S65E","Temperature","Deg C",28.6
"07/06/1983","S65E","Temperature","Deg C",30.7
"07/07/1983","S65E","Temperature","Deg C",32
"07/19/1983","S65E","Temperature","Deg C",32
"08/02/1983","S65E","Temperature","Deg C",29.7
"08/03/1983","S65E","Temperature","Deg C",29.2
"08/16/1983","S65E","Temperature","Deg C",30.5
"08/30/1983","S65E","Temperature","Deg C",31.2
"09/01/1983","S65E","Temperature","Deg C",29.5
"09/12/1983","S65E","Temperature","Deg C",29.1
"09/27/1983","S65E","Temperature","Deg C",26.7
"09/28/1983","S65E","Temperature","Deg C",21
"10/10/1983","S65E","Temperature","Deg C",26.3
"10/25/1983","S65E","Temperature","Deg C",27.4
"10/28/1983","S65E","Temperature","Deg C",20
"11/08/1983","S65E","Temperature","Deg C",23.8
"11/16/1983","S65E","Temperature","Deg C",18
"11/21/1983","S65E","Temperature","Deg C",21.7
"12/20/1983","S65E","Temperature","Deg C",20.4
"12/29/1983","S65E","Temperature","Deg C",17
"01/04/1984","S65E","Temperature","Deg C",13.8
"01/17/1984","S65E","Temperature","Deg C",16.6
"01/25/1984","S65E","Temperature","Deg C",16
"01/31/1984","S65E","Temperature","Deg C",18.4
"02/14/1984","S65E","Temperature","Deg C",18.4
"02/23/1984","S65E","Temperature","Deg C",19.3
"02/29/1984","S65E","Temperature","Deg C",19.4
"03/13/1984","S65E","Temperature","Deg C",20.2
"03/21/1984","S65E","Temperature","Deg C",20.4
"03/27/1984","S65E","Temperature","Deg C",25.2
"04/09/1984","S65E","Temperature","Deg C",21.7
"04/18/1984","S65E","Temperature","Deg C",23
"04/25/1984","S65E","Temperature","Deg C",23.9
"05/31/1984","S65E","Temperature","Deg C",25.7
"06/04/1984","S65E","Temperature","Deg C",27.4
"06/19/1984","S65E","Temperature","Deg C",27.7
"06/27/1984","S65E","Temperature","Deg C",28.8
"07/31/1984","S65E","Temperature","Deg C",28.9
"08/13/1984","S65E","Temperature","Deg C",32.1
"08/22/1984","S65E","Temperature","Deg C",29.2
"08/27/1984","S65E","Temperature","Deg C",29.1
"09/10/1984","S65E","Temperature","Deg C",28.7
"09/21/1984","S65E","Temperature","Deg C",26.8
"09/25/1984","S65E","Temperature","Deg C",27.6
"10/09/1984","S65E","Temperature","Deg C",25.3
"10/23/1984","S65E","Temperature","Deg C",25.6
"10/30/1984","S65E","Temperature","Deg C",25
"11/06/1984","S65E","Temperature","Deg C",25
"11/14/1984","S65E","Temperature","Deg C",20
"12/04/1984","S65E","Temperature","Deg C",21.3
"12/18/1984","S65E","Temperature","Deg C",19.2
"12/27/1984","S65E","Temperature","Deg C",19.9
"01/15/1985","S65E","Temperature","Deg C",18.1
"01/24/1985","S65E","Temperature","Deg C",13.9
"02/20/1985","S65E","Temperature","Deg C",18
"02/26/1985","S65E","Temperature","Deg C",20.9
"03/20/1985","S65E","Temperature","Deg C",21
"03/26/1985","S65E","Temperature","Deg C",22.8
"04/17/1985","S65E","Temperature","Deg C",25.5
"04/23/1985","S65E","Temperature","Deg C",23.8
"05/06/1985","S65E","Temperature","Deg C",25.3
"05/16/1985","S65E","Temperature","Deg C",29.5
"05/20/1985","S65E","Temperature","Deg C",27.8
"06/19/1985","S65E","Temperature","Deg C",30.2
"06/26/1985","S65E","Temperature","Deg C",27.5
"07/02/1985","S65E","Temperature","Deg C",30.1
"07/23/1985","S65E","Temperature","Deg C",27
"07/30/1985","S65E","Temperature","Deg C",29.4
"08/21/1985","S65E","Temperature","Deg C",29
"08/27/1985","S65E","Temperature","Deg C",29
"09/09/1985","S65E","Temperature","Deg C",28.3
"09/24/1985","S65E","Temperature","Deg C",27.7
"10/08/1985","S65E","Temperature","Deg C",27.5
"10/22/1985","S65E","Temperature","Deg C",27.3
"11/05/1985","S65E","Temperature","Deg C",24.8
"12/03/1985","S65E","Temperature","Deg C",24
"12/12/1985","S65E","Temperature","Deg C",22.9
"01/14/1986","S65E","Temperature","Deg C",16.7
"01/16/1986","S65E","Temperature","Deg C",16.8
"01/28/1986","S65E","Temperature","Deg C",16.2
"02/12/1986","S65E","Temperature","Deg C",19
"02/18/1986","S65E","Temperature","Deg C",20.4
"02/25/1986","S65E","Temperature","Deg C",19.9
"03/25/1986","S65E","Temperature","Deg C",20.2
"04/08/1986","S65E","Temperature","Deg C",24
"04/15/1986","S65E","Temperature","Deg C",23.3
"04/22/1986","S65E","Temperature","Deg C",24.2
"05/06/1986","S65E","Temperature","Deg C",25.5
"05/20/1986","S65E","Temperature","Deg C",25.2
"06/04/1986","S65E","Temperature","Deg C",28.3
"06/19/1986","S65E","Temperature","Deg C",28.2
"07/01/1986","S65E","Temperature","Deg C",29.5
"07/15/1986","S65E","Temperature","Deg C",29.6
"07/29/1986","S65E","Temperature","Deg C",30.4
"08/14/1986","S65E","Temperature","Deg C",30
"08/26/1986","S65E","Temperature","Deg C",30.4
"09/09/1986","S65E","Temperature","Deg C",31.5
"09/23/1986","S65E","Temperature","Deg C",28.9
"10/07/1986","S65E","Temperature","Deg C",30
"10/09/1986","S65E","Temperature","Deg C",27.6
"10/21/1986","S65E","Temperature","Deg C",26.2
"11/04/1986","S65E","Temperature","Deg C",29.4
"11/06/1986","S65E","Temperature","Deg C",28.5
"11/18/1986","S65E","Temperature","Deg C",27.3
"12/03/1986","S65E","Temperature","Deg C",25.2
"12/04/1986","S65E","Temperature","Deg C",23.2
"12/18/1986","S65E","Temperature","Deg C",24
"01/07/1987","S65E","Temperature","Deg C",17.8
"01/08/1987","S65E","Temperature","Deg C",18.3
"01/15/1987","S65E","Temperature","Deg C",17.7
"01/22/1987","S65E","Temperature","Deg C",18.7
"01/29/1987","S65E","Temperature","Deg C",18.3
"02/03/1987","S65E","Temperature","Deg C",17.4
"02/05/1987","S65E","Temperature","Deg C",16.9
"02/12/1987","S65E","Temperature","Deg C",18.5
"02/18/1987","S65E","Temperature","Deg C",18.3
"02/19/1987","S65E","Temperature","Deg C",18.6
"02/26/1987","S65E","Temperature","Deg C",21.1
"03/03/1987","S65E","Temperature","Deg C",20.9
"03/05/1987","S65E","Temperature","Deg C",20
"03/12/1987","S65E","Temperature","Deg C",19.4
"03/17/1987","S65E","Temperature","Deg C",21.2
"03/19/1987","S65E","Temperature","Deg C",23.4
"03/26/1987","S65E","Temperature","Deg C",22.7
"03/31/1987","S65E","Temperature","Deg C",21.9
"04/14/1987","S65E","Temperature","Deg C",21.4
"04/22/1987","S65E","Temperature","Deg C",25.2
"04/28/1987","S65E","Temperature","Deg C",25.7
"05/11/1987","S65E","Temperature","Deg C",26.9
"05/13/1987","S65E","Temperature","Deg C",28.7
"05/26/1987","S65E","Temperature","Deg C",27.2
"06/01/1987","S65E","Temperature","Deg C",28.2
"06/24/1987","S65E","Temperature","Deg C",34.4
"07/01/1987","S65E","Temperature","Deg C",29.9
"07/08/1987","S65E","Temperature","Deg C",31.9
"07/21/1987","S65E","Temperature","Deg C",28.9
"07/30/1987","S65E","Temperature","Deg C",34.9
"08/04/1987","S65E","Temperature","Deg C",31
"08/18/1987","S65E","Temperature","Deg C",30.6
"08/28/1987","S65E","Temperature","Deg C",30.7
"09/09/1987","S65E","Temperature","Deg C",32.6
"09/24/1987","S65E","Temperature","Deg C",30.6
"09/29/1987","S65E","Temperature","Deg C",31.3
"10/07/1987","S65E","Temperature","Deg C",26.5
"10/13/1987","S65E","Temperature","Deg C",23.5
"10/28/1987","S65E","Temperature","Deg C",23.9
"11/10/1987","S65E","Temperature","Deg C",25.1
"11/24/1987","S65E","Temperature","Deg C",20.5
"12/08/1987","S65E","Temperature","Deg C",18.7
"12/17/1987","S65E","Temperature","Deg C",18.4
"12/22/1987","S65E","Temperature","Deg C",21.1
"01/05/1988","S65E","Temperature","Deg C",18.9
"01/19/1988","S65E","Temperature","Deg C",19.3
"01/21/1988","S65E","Temperature","Deg C",18.7
"02/02/1988","S65E","Temperature","Deg C",17.4
"02/04/1988","S65E","Temperature","Deg C",17.3
"02/16/1988","S65E","Temperature","Deg C",17.6
"02/25/1988","S65E","Temperature","Deg C",17.5
"03/01/1988","S65E","Temperature","Deg C",19.8
"03/07/1988","S65E","Temperature","Deg C",19.1
"03/14/1988","S65E","Temperature","Deg C",21
"03/21/1988","S65E","Temperature","Deg C",17.2
"03/28/1988","S65E","Temperature","Deg C",22.2
"03/29/1988","S65E","Temperature","Deg C",23.05
"04/04/1988","S65E","Temperature","Deg C",23
"04/11/1988","S65E","Temperature","Deg C",24.65
"04/12/1988","S65E","Temperature","Deg C",23
"04/18/1988","S65E","Temperature","Deg C",22.8
"04/25/1988","S65E","Temperature","Deg C",27.55
"04/26/1988","S65E","Temperature","Deg C",27
"05/02/1988","S65E","Temperature","Deg C",25.5
"05/09/1988","S65E","Temperature","Deg C",25.1
"05/10/1988","S65E","Temperature","Deg C",26.3
"05/23/1988","S65E","Temperature","Deg C",30.6
"05/24/1988","S65E","Temperature","Deg C",30.8
"06/07/1988","S65E","Temperature","Deg C",27
"06/20/1988","S65E","Temperature","Deg C",28
"07/05/1988","S65E","Temperature","Deg C",30.5
"07/12/1988","S65E","Temperature","Deg C",31.2
"07/18/1988","S65E","Temperature","Deg C",29.2
"07/19/1988","S65E","Temperature","Deg C",29.65
"07/25/1988","S65E","Temperature","Deg C",29.9
"08/02/1988","S65E","Temperature","Deg C",29.5
"08/03/1988","S65E","Temperature","Deg C",32
"08/09/1988","S65E","Temperature","Deg C",29.8
"08/15/1988","S65E","Temperature","Deg C",29.5
"08/16/1988","S65E","Temperature","Deg C",30.6
"08/17/1988","S65E","Temperature","Deg C",29
"08/29/1988","S65E","Temperature","Deg C",29.2
"09/12/1988","S65E","Temperature","Deg C",29
"09/13/1988","S65E","Temperature","Deg C",28.5
"09/26/1988","S65E","Temperature","Deg C",31.3
"09/27/1988","S65E","Temperature","Deg C",31
"10/03/1988","S65E","Temperature","Deg C",27.9
"10/10/1988","S65E","Temperature","Deg C",26.4
"10/11/1988","S65E","Temperature","Deg C",27.7
"10/17/1988","S65E","Temperature","Deg C",25.2
"10/25/1988","S65E","Temperature","Deg C",26
"10/31/1988","S65E","Temperature","Deg C",25
"11/07/1988","S65E","Temperature","Deg C",25
"11/21/1988","S65E","Temperature","Deg C",24.7
"11/22/1988","S65E","Temperature","Deg C",24.1
"12/05/1988","S65E","Temperature","Deg C",21.6
"12/19/1988","S65E","Temperature","Deg C",18.4
"01/03/1989","S65E","Temperature","Deg C",23
"01/17/1989","S65E","Temperature","Deg C",22.65
"01/30/1989","S65E","Temperature","Deg C",22.1
"01/31/1989","S65E","Temperature","Deg C",20.5
"02/13/1989","S65E","Temperature","Deg C",20.55
"02/14/1989","S65E","Temperature","Deg C",22.4
"02/22/1989","S65E","Temperature","Deg C",22.5
"02/27/1989","S65E","Temperature","Deg C",19.7
"02/28/1989","S65E","Temperature","Deg C",22.1
"03/13/1989","S65E","Temperature","Deg C",19.7
"03/15/1989","S65E","Temperature","Deg C",20.5
"03/27/1989","S65E","Temperature","Deg C",23.6
"03/28/1989","S65E","Temperature","Deg C",24.1
"04/10/1989","S65E","Temperature","Deg C",24.3
"04/11/1989","S65E","Temperature","Deg C",25.2
"04/24/1989","S65E","Temperature","Deg C",24.6
"05/08/1989","S65E","Temperature","Deg C",25.95
"05/10/1989","S65E","Temperature","Deg C",28
"05/22/1989","S65E","Temperature","Deg C",29.1
"05/24/1989","S65E","Temperature","Deg C",28
"06/05/1989","S65E","Temperature","Deg C",28.5
"06/12/1989","S65E","Temperature","Deg C",32.8
"06/19/1989","S65E","Temperature","Deg C",28.8
"06/21/1989","S65E","Temperature","Deg C",29.2
"07/03/1989","S65E","Temperature","Deg C",29.8
"07/17/1989","S65E","Temperature","Deg C",30.3
"07/18/1989","S65E","Temperature","Deg C",31.3
"07/19/1989","S65E","Temperature","Deg C",31.6
"07/31/1989","S65E","Temperature","Deg C",30.5
"08/02/1989","S65E","Temperature","Deg C",30.7
"08/14/1989","S65E","Temperature","Deg C",28.6
"08/15/1989","S65E","Temperature","Deg C",31
"08/22/1989","S65E","Temperature","Deg C",31.1
"08/28/1989","S65E","Temperature","Deg C",29.4
"08/29/1989","S65E","Temperature","Deg C",29.55
"09/12/1989","S65E","Temperature","Deg C",29.7
"09/13/1989","S65E","Temperature","Deg C",30.4
"09/19/1989","S65E","Temperature","Deg C",28.8
"09/25/1989","S65E","Temperature","Deg C",28.6
"09/27/1989","S65E","Temperature","Deg C",28.1
"10/03/1989","S65E","Temperature","Deg C",27.8
"10/09/1989","S65E","Temperature","Deg C",28
"10/11/1989","S65E","Temperature","Deg C",28.7
"10/23/1989","S65E","Temperature","Deg C",23.6
"10/24/1989","S65E","Temperature","Deg C",23.7
"11/06/1989","S65E","Temperature","Deg C",23.6
"11/08/1989","S65E","Temperature","Deg C",24.1
"11/20/1989","S65E","Temperature","Deg C",22.1
"12/04/1989","S65E","Temperature","Deg C",20.6
"12/18/1989","S65E","Temperature","Deg C",18.35
"12/26/1989","S65E","Temperature","Deg C",14.8
"01/02/1990","S65E","Temperature","Deg C",16.1
"01/03/1990","S65E","Temperature","Deg C",19.3
"01/09/1990","S65E","Temperature","Deg C",20.9
"01/16/1990","S65E","Temperature","Deg C",17.2
"01/23/1990","S65E","Temperature","Deg C",20.1
"01/30/1990","S65E","Temperature","Deg C",20.8
"02/06/1990","S65E","Temperature","Deg C",23
"02/13/1990","S65E","Temperature","Deg C",21.25
"02/20/1990","S65E","Temperature","Deg C",26.8
"02/27/1990","S65E","Temperature","Deg C",20.4
"02/28/1990","S65E","Temperature","Deg C",20.5
"03/16/1990","S65E","Temperature","Deg C",21.6
"03/26/1990","S65E","Temperature","Deg C",23.6
"03/27/1990","S65E","Temperature","Deg C",22.7
"04/03/1990","S65E","Temperature","Deg C",24.9
"04/10/1990","S65E","Temperature","Deg C",24.4
"04/11/1990","S65E","Temperature","Deg C",24.4
"04/17/1990","S65E","Temperature","Deg C",25.2
"04/23/1990","S65E","Temperature","Deg C",25.7
"04/24/1990","S65E","Temperature","Deg C",26.4
"04/30/1990","S65E","Temperature","Deg C",26.3
"05/07/1990","S65E","Temperature","Deg C",27.45
"05/14/1990","S65E","Temperature","Deg C",27
"05/21/1990","S65E","Temperature","Deg C",27.9
"05/29/1990","S65E","Temperature","Deg C",27.5
"06/04/1990","S65E","Temperature","Deg C",28.9
"06/05/1990","S65E","Temperature","Deg C",30.7
"06/12/1990","S65E","Temperature","Deg C",29.1
"06/18/1990","S65E","Temperature","Deg C",29.8
"06/25/1990","S65E","Temperature","Deg C",30.8
"07/02/1990","S65E","Temperature","Deg C",29.45
"07/03/1990","S65E","Temperature","Deg C",29.6
"07/09/1990","S65E","Temperature","Deg C",29.8
"07/16/1990","S65E","Temperature","Deg C",28.35
"07/23/1990","S65E","Temperature","Deg C",29.4
"07/30/1990","S65E","Temperature","Deg C",31.85
"08/06/1990","S65E","Temperature","Deg C",31.1
"08/13/1990","S65E","Temperature","Deg C",30.15
"08/20/1990","S65E","Temperature","Deg C",30.5
"08/27/1990","S65E","Temperature","Deg C",31.9
"09/04/1990","S65E","Temperature","Deg C",29.1
"09/10/1990","S65E","Temperature","Deg C",28.5
"09/17/1990","S65E","Temperature","Deg C",29.7
"09/24/1990","S65E","Temperature","Deg C",29.2
"10/01/1990","S65E","Temperature","Deg C",29.1
"10/08/1990","S65E","Temperature","Deg C",27.9
"10/09/1990","S65E","Temperature","Deg C",26.7
"10/16/1990","S65E","Temperature","Deg C",28.1
"10/22/1990","S65E","Temperature","Deg C",27
"10/31/1990","S65E","Temperature","Deg C",24.1
"11/05/1990","S65E","Temperature","Deg C",24.8
"11/06/1990","S65E","Temperature","Deg C",24.7
"11/19/1990","S65E","Temperature","Deg C",22.5
"11/20/1990","S65E","Temperature","Deg C",22.9
"12/03/1990","S65E","Temperature","Deg C",21.9
"12/10/1990","S65E","Temperature","Deg C",19.2
"12/17/1990","S65E","Temperature","Deg C",19.1
"12/18/1990","S65E","Temperature","Deg C",20.2
"12/26/1990","S65E","Temperature","Deg C",21.4
"12/31/1990","S65E","Temperature","Deg C",22.85
"01/07/1991","S65E","Temperature","Deg C",22.6
"01/14/1991","S65E","Temperature","Deg C",21.15
"01/17/1991","S65E","Temperature","Deg C",20.4
"01/22/1991","S65E","Temperature","Deg C",20.5
"01/28/1991","S65E","Temperature","Deg C",22.7
"02/04/1991","S65E","Temperature","Deg C",21.2
"02/11/1991","S65E","Temperature","Deg C",21.1
"02/19/1991","S65E","Temperature","Deg C",22.5
"02/25/1991","S65E","Temperature","Deg C",22.05
"02/26/1991","S65E","Temperature","Deg C",21.4
"03/04/1991","S65E","Temperature","Deg C",20.6
"03/11/1991","S65E","Temperature","Deg C",20.4
"03/18/1991","S65E","Temperature","Deg C",22.1
"03/25/1991","S65E","Temperature","Deg C",25.5
"04/01/1991","S65E","Temperature","Deg C",25.6
"04/08/1991","S65E","Temperature","Deg C",24.2
"04/15/1991","S65E","Temperature","Deg C",26.1
"04/22/1991","S65E","Temperature","Deg C",25.4
"04/29/1991","S65E","Temperature","Deg C",27.6
"05/06/1991","S65E","Temperature","Deg C",28.7
"05/13/1991","S65E","Temperature","Deg C",28.3
"05/20/1991","S65E","Temperature","Deg C",27.75
"05/28/1991","S65E","Temperature","Deg C",29
"06/03/1991","S65E","Temperature","Deg C",29.1
"06/10/1991","S65E","Temperature","Deg C",28.1
"06/17/1991","S65E","Temperature","Deg C",29.3
"06/18/1991","S65E","Temperature","Deg C",32.3
"07/01/1991","S65E","Temperature","Deg C",29.9
"07/15/1991","S65E","Temperature","Deg C",30.35
"07/22/1991","S65E","Temperature","Deg C",31.5
"08/05/1991","S65E","Temperature","Deg C",29.9
"08/12/1991","S65E","Temperature","Deg C",30.7
"08/19/1991","S65E","Temperature","Deg C",31.4
"08/26/1991","S65E","Temperature","Deg C",30.15
"08/28/1991","S65E","Temperature","Deg C",29.4
"09/03/1991","S65E","Temperature","Deg C",29.9
"09/09/1991","S65E","Temperature","Deg C",30
"09/17/1991","S65E","Temperature","Deg C",28.5
"09/23/1991","S65E","Temperature","Deg C",30
"09/30/1991","S65E","Temperature","Deg C",27.7
"10/07/1991","S65E","Temperature","Deg C",26.95
"10/14/1991","S65E","Temperature","Deg C",26.4
"10/21/1991","S65E","Temperature","Deg C",25.1
"10/28/1991","S65E","Temperature","Deg C",25.7
"11/04/1991","S65E","Temperature","Deg C",23.8
"11/18/1991","S65E","Temperature","Deg C",22.8
"11/20/1991","S65E","Temperature","Deg C",20.9
"11/25/1991","S65E","Temperature","Deg C",20.3
"12/02/1991","S65E","Temperature","Deg C",21.7
"12/09/1991","S65E","Temperature","Deg C",21.5
"12/16/1991","S65E","Temperature","Deg C",20.3
"12/23/1991","S65E","Temperature","Deg C",20.1
"12/30/1991","S65E","Temperature","Deg C",19.7
"01/06/1992","S65E","Temperature","Deg C",18.1
"01/13/1992","S65E","Temperature","Deg C",18.7
"01/21/1992","S65E","Temperature","Deg C",16.7
"01/27/1992","S65E","Temperature","Deg C",18.2
"02/03/1992","S65E","Temperature","Deg C",19.6
"02/10/1992","S65E","Temperature","Deg C",17.8
"02/11/1992","S65E","Temperature","Deg C",18.2
"02/19/1992","S65E","Temperature","Deg C",20.9
"02/24/1992","S65E","Temperature","Deg C",21.8
"02/27/1992","S65E","Temperature","Deg C",21
"03/02/1992","S65E","Temperature","Deg C",21.4
"03/09/1992","S65E","Temperature","Deg C",26.1
"03/11/1992","S65E","Temperature","Deg C",22.1
"03/16/1992","S65E","Temperature","Deg C",22.3
"03/23/1992","S65E","Temperature","Deg C",23.5
"03/26/1992","S65E","Temperature","Deg C",22.5
"03/30/1992","S65E","Temperature","Deg C",25.1
"04/06/1992","S65E","Temperature","Deg C",22.4
"04/07/1992","S65E","Temperature","Deg C",22.2
"04/13/1992","S65E","Temperature","Deg C",23.6
"04/20/1992","S65E","Temperature","Deg C",24.5
"04/21/1992","S65E","Temperature","Deg C",24.9
"04/27/1992","S65E","Temperature","Deg C",25.8
"05/04/1992","S65E","Temperature","Deg C",24.1
"05/05/1992","S65E","Temperature","Deg C",23.6
"05/11/1992","S65E","Temperature","Deg C",25.5
"05/18/1992","S65E","Temperature","Deg C",26.5
"05/19/1992","S65E","Temperature","Deg C",25.6
"05/26/1992","S65E","Temperature","Deg C",28.9
"06/01/1992","S65E","Temperature","Deg C",30.7
"06/02/1992","S65E","Temperature","Deg C",30
"06/08/1992","S65E","Temperature","Deg C",29.5
"06/15/1992","S65E","Temperature","Deg C",30.7
"06/16/1992","S65E","Temperature","Deg C",28.9
"06/22/1992","S65E","Temperature","Deg C",33.5
"06/29/1992","S65E","Temperature","Deg C",29.2
"06/30/1992","S65E","Temperature","Deg C",27
"07/06/1992","S65E","Temperature","Deg C",37.3
"07/08/1992","S65E","Temperature","Deg C",30.8
"07/13/1992","S65E","Temperature","Deg C",31.6
"07/14/1992","S65E","Temperature","Deg C",29.9
"07/21/1992","S65E","Temperature","Deg C",29.6
"07/27/1992","S65E","Temperature","Deg C",34.6
"08/03/1992","S65E","Temperature","Deg C",34.1
"08/11/1992","S65E","Temperature","Deg C",28.7
"08/17/1992","S65E","Temperature","Deg C",30.7
"08/25/1992","S65E","Temperature","Deg C",28.8
"08/26/1992","S65E","Temperature","Deg C",28.6
"09/10/1992","S65E","Temperature","Deg C",27.6
"09/15/1992","S65E","Temperature","Deg C",29.1
"09/21/1992","S65E","Temperature","Deg C",34.3
"09/22/1992","S65E","Temperature","Deg C",29.5
"09/28/1992","S65E","Temperature","Deg C",27.9
"10/06/1992","S65E","Temperature","Deg C",25.8333333333333
"10/13/1992","S65E","Temperature","Deg C",28.4
"10/20/1992","S65E","Temperature","Deg C",26.1333333333333
"10/27/1992","S65E","Temperature","Deg C",30.19
"11/03/1992","S65E","Temperature","Deg C",26.9766666666667
"11/10/1992","S65E","Temperature","Deg C",24.42
"11/17/1992","S65E","Temperature","Deg C",23.01
"11/18/1992","S65E","Temperature","Deg C",23.375
"11/23/1992","S65E","Temperature","Deg C",25.2
"12/02/1992","S65E","Temperature","Deg C",21.4
"12/03/1992","S65E","Temperature","Deg C",20.7
"12/08/1992","S65E","Temperature","Deg C",22.13
"12/15/1992","S65E","Temperature","Deg C",19.615
"12/29/1992","S65E","Temperature","Deg C",22.62
"01/06/1993","S65E","Temperature","Deg C",22.83
"01/11/1993","S65E","Temperature","Deg C",22.1
"01/13/1993","S65E","Temperature","Deg C",24.08
"01/21/1993","S65E","Temperature","Deg C",21.28
"01/27/1993","S65E","Temperature","Deg C",19.37
"02/03/1993","S65E","Temperature","Deg C",18.45
"02/08/1993","S65E","Temperature","Deg C",17.54
"02/10/1993","S65E","Temperature","Deg C",21.25
"02/18/1993","S65E","Temperature","Deg C",20.48
"02/23/1993","S65E","Temperature","Deg C",18.89
"02/24/1993","S65E","Temperature","Deg C",19.83
"03/03/1993","S65E","Temperature","Deg C",19.58
"03/08/1993","S65E","Temperature","Deg C",20.32
"03/10/1993","S65E","Temperature","Deg C",23.2
"03/17/1993","S65E","Temperature","Deg C",19.76
"03/23/1993","S65E","Temperature","Deg C",19.72
"03/25/1993","S65E","Temperature","Deg C",21.7
"03/30/1993","S65E","Temperature","Deg C",22.32
"04/06/1993","S65E","Temperature","Deg C",22.485
"04/20/1993","S65E","Temperature","Deg C",23.11
"05/04/1993","S65E","Temperature","Deg C",25.9025
"05/18/1993","S65E","Temperature","Deg C",29.5
"05/20/1993","S65E","Temperature","Deg C",27.56
"06/01/1993","S65E","Temperature","Deg C",30.05
"06/02/1993","S65E","Temperature","Deg C",31.23
"06/15/1993","S65E","Temperature","Deg C",29.01
"06/26/1993","S65E","Temperature","Deg C",32.29
"06/29/1993","S65E","Temperature","Deg C",31.5
"07/13/1993","S65E","Temperature","Deg C",29.66
"07/27/1993","S65E","Temperature","Deg C",32.16
"08/10/1993","S65E","Temperature","Deg C",30.375
"08/17/1993","S65E","Temperature","Deg C",30.07
"08/24/1993","S65E","Temperature","Deg C",31.72
"09/07/1993","S65E","Temperature","Deg C",30.59
"09/21/1993","S65E","Temperature","Deg C",29.4
"10/05/1993","S65E","Temperature","Deg C",27.08
"10/19/1993","S65E","Temperature","Deg C",28.05
"11/02/1993","S65E","Temperature","Deg C",23.02
"11/16/1993","S65E","Temperature","Deg C",23.67
"12/01/1993","S65E","Temperature","Deg C",22.7
"12/14/1993","S65E","Temperature","Deg C",19.425
"12/28/1993","S65E","Temperature","Deg C",19.85
"01/11/1994","S65E","Temperature","Deg C",19.42
"01/19/1994","S65E","Temperature","Deg C",16.17
"01/25/1994","S65E","Temperature","Deg C",18.43
"02/08/1994","S65E","Temperature","Deg C",23.33
"02/15/1994","S65E","Temperature","Deg C",20.97
"02/22/1994","S65E","Temperature","Deg C",23.66
"03/08/1994","S65E","Temperature","Deg C",21.37
"03/15/1994","S65E","Temperature","Deg C",20.24
"03/22/1994","S65E","Temperature","Deg C",24.08
"04/05/1994","S65E","Temperature","Deg C",26.86
"04/12/1994","S65E","Temperature","Deg C",24.64
"04/19/1994","S65E","Temperature","Deg C",26.02
"05/03/1994","S65E","Temperature","Deg C",30.34
"05/17/1994","S65E","Temperature","Deg C",29.445
"05/31/1994","S65E","Temperature","Deg C",31.69
"06/14/1994","S65E","Temperature","Deg C",30.11
"06/28/1994","S65E","Temperature","Deg C",29.08
"07/12/1994","S65E","Temperature","Deg C",30
"07/19/1994","S65E","Temperature","Deg C",29.95
"07/26/1994","S65E","Temperature","Deg C",32.16
"08/03/1994","S65E","Temperature","Deg C",29.15
"08/09/1994","S65E","Temperature","Deg C",34.41
"08/23/1994","S65E","Temperature","Deg C",29.43
"09/06/1994","S65E","Temperature","Deg C",29.42
"10/04/1994","S65E","Temperature","Deg C",27.16
"10/18/1994","S65E","Temperature","Deg C",25.76
"11/01/1994","S65E","Temperature","Deg C",26.05
"11/15/1994","S65E","Temperature","Deg C",24
"11/29/1994","S65E","Temperature","Deg C",22.27
"12/13/1994","S65E","Temperature","Deg C",23.1
"12/27/1994","S65E","Temperature","Deg C",16.84
"01/10/1995","S65E","Temperature","Deg C",18.84
"01/24/1995","S65E","Temperature","Deg C",16.35
"02/21/1995","S65E","Temperature","Deg C",19.94
"03/07/1995","S65E","Temperature","Deg C",22.54
"03/21/1995","S65E","Temperature","Deg C",22.24
"04/04/1995","S65E","Temperature","Deg C",24.48
"04/18/1995","S65E","Temperature","Deg C",25.5766666666667
"05/02/1995","S65E","Temperature","Deg C",30.01
"05/16/1995","S65E","Temperature","Deg C",31.2
"05/30/1995","S65E","Temperature","Deg C",31.46
"06/13/1995","S65E","Temperature","Deg C",30.51
"06/27/1995","S65E","Temperature","Deg C",30.84
"07/11/1995","S65E","Temperature","Deg C",30.85
"07/25/1995","S65E","Temperature","Deg C",29.2
"08/08/1995","S65E","Temperature","Deg C",29.53
"08/22/1995","S65E","Temperature","Deg C",31.38
"09/05/1995","S65E","Temperature","Deg C",29.82
"09/19/1995","S65E","Temperature","Deg C",29.58
"10/03/1995","S65E","Temperature","Deg C",29.69
"10/17/1995","S65E","Temperature","Deg C",25.58
"10/31/1995","S65E","Temperature","Deg C",25.37
"11/14/1995","S65E","Temperature","Deg C",21.6
"11/28/1995","S65E","Temperature","Deg C",20.69
"12/12/1995","S65E","Temperature","Deg C",18.95
"12/26/1995","S65E","Temperature","Deg C",15.83
"01/09/1996","S65E","Temperature","Deg C",15.63
"01/23/1996","S65E","Temperature","Deg C",17.76
"02/06/1996","S65E","Temperature","Deg C",17.1033333333333
"02/20/1996","S65E","Temperature","Deg C",19.45
"03/05/1996","S65E","Temperature","Deg C",20.53
"03/19/1996","S65E","Temperature","Deg C",19.21
"04/02/1996","S65E","Temperature","Deg C",21.57
"04/16/1996","S65E","Temperature","Deg C",23.07
"04/30/1996","S65E","Temperature","Deg C",26.21
"05/14/1996","S65E","Temperature","Deg C",26.99
"05/20/1996","S65E","Temperature","Deg C",26.33
"05/28/1996","S65E","Temperature","Deg C",31.67
"06/11/1996","S65E","Temperature","Deg C",29.72
"06/25/1996","S65E","Temperature","Deg C",35.76
"07/09/1996","S65E","Temperature","Deg C",33.65
"07/23/1996","S65E","Temperature","Deg C",30.14
"08/06/1996","S65E","Temperature","Deg C",28.61
"08/20/1996","S65E","Temperature","Deg C",28.24
"09/03/1996","S65E","Temperature","Deg C",28.83
"09/17/1996","S65E","Temperature","Deg C",28.3
"10/01/1996","S65E","Temperature","Deg C",27.39
"10/15/1996","S65E","Temperature","Deg C",24.38
"10/29/1996","S65E","Temperature","Deg C",25.25
"11/04/1996","S65E","Temperature","Deg C",24.01
"11/12/1996","S65E","Temperature","Deg C",20.93
"11/26/1996","S65E","Temperature","Deg C",21.56
"12/10/1996","S65E","Temperature","Deg C",18.01
"12/26/1996","S65E","Temperature","Deg C",17.93
"01/07/1997","S65E","Temperature","Deg C",19.97
"01/21/1997","S65E","Temperature","Deg C",15.21
"02/05/1997","S65E","Temperature","Deg C",18.65
"02/18/1997","S65E","Temperature","Deg C",19.83
"02/24/1997","S65E","Temperature","Deg C",22.62
"03/04/1997","S65E","Temperature","Deg C",23.56
"03/18/1997","S65E","Temperature","Deg C",25.33
"04/01/1997","S65E","Temperature","Deg C",22.49
"04/15/1997","S65E","Temperature","Deg C",23.8
"04/29/1997","S65E","Temperature","Deg C",25.25
"05/13/1997","S65E","Temperature","Deg C",26.63
"05/19/1997","S65E","Temperature","Deg C",27.61
"05/27/1997","S65E","Temperature","Deg C",28
"06/10/1997","S65E","Temperature","Deg C",29.1
"06/24/1997","S65E","Temperature","Deg C",27.29
"07/08/1997","S65E","Temperature","Deg C",31.96
"07/22/1997","S65E","Temperature","Deg C",29.21
"08/05/1997","S65E","Temperature","Deg C",29.65
"08/19/1997","S65E","Temperature","Deg C",30.8
"08/28/1997","S65E","Temperature","Deg C",31.92
"09/02/1997","S65E","Temperature","Deg C",29.75
"09/16/1997","S65E","Temperature","Deg C",29.14
"09/30/1997","S65E","Temperature","Deg C",30.02
"10/14/1997","S65E","Temperature","Deg C",26.47
"10/28/1997","S65E","Temperature","Deg C",25.08
"11/12/1997","S65E","Temperature","Deg C",21.82
"11/17/1997","S65E","Temperature","Deg C",21.41
"11/25/1997","S65E","Temperature","Deg C",20.13
"12/09/1997","S65E","Temperature","Deg C",20.67
"12/23/1997","S65E","Temperature","Deg C",17.78
"01/06/1998","S65E","Temperature","Deg C",19.28
"01/20/1998","S65E","Temperature","Deg C",17.88
"02/03/1998","S65E","Temperature","Deg C",17.58
"02/17/1998","S65E","Temperature","Deg C",19.3
"02/18/1998","S65E","Temperature","Deg C",20.24
"03/03/1998","S65E","Temperature","Deg C",19.7
"03/17/1998","S65E","Temperature","Deg C",18.34
"03/31/1998","S65E","Temperature","Deg C",23.99
"04/14/1998","S65E","Temperature","Deg C",23.35
"04/28/1998","S65E","Temperature","Deg C",23.41
"05/12/1998","S65E","Temperature","Deg C",27.19
"05/18/1998","S65E","Temperature","Deg C",26.63
"05/26/1998","S65E","Temperature","Deg C",28.03
"06/09/1998","S65E","Temperature","Deg C",29.25
"06/23/1998","S65E","Temperature","Deg C",31.38
"07/07/1998","S65E","Temperature","Deg C",31.95
"07/21/1998","S65E","Temperature","Deg C",28
"08/04/1998","S65E","Temperature","Deg C",35.37
"08/18/1998","S65E","Temperature","Deg C",29.77
"08/24/1998","S65E","Temperature","Deg C",30.31
"09/15/1998","S65E","Temperature","Deg C",28.47
"09/29/1998","S65E","Temperature","Deg C",28.21
"10/13/1998","S65E","Temperature","Deg C",27.91
"10/27/1998","S65E","Temperature","Deg C",25.51
"11/24/1998","S65E","Temperature","Deg C",25.07
"12/08/1998","S65E","Temperature","Deg C",23.01
"12/22/1998","S65E","Temperature","Deg C",26.25
"01/05/1999","S65E","Temperature","Deg C",19.33
"01/19/1999","S65E","Temperature","Deg C",24.15
"01/25/1999","S65E","Temperature","Deg C",19.67
"02/02/1999","S65E","Temperature","Deg C",20.77
"02/16/1999","S65E","Temperature","Deg C",20.58
"03/16/1999","S65E","Temperature","Deg C",19.29
"03/30/1999","S65E","Temperature","Deg C",21.43
"04/13/1999","S65E","Temperature","Deg C",28.91
"04/19/1999","S65E","Temperature","Deg C",25.03
"04/27/1999","S65E","Temperature","Deg C",27.56
"05/11/1999","S65E","Temperature","Deg C",27.24
"05/25/1999","S65E","Temperature","Deg C",29.84
"06/08/1999","S65E","Temperature","Deg C",26.47
"06/22/1999","S65E","Temperature","Deg C",32.11
"07/06/1999","S65E","Temperature","Deg C",28.42
"07/20/1999","S65E","Temperature","Deg C",28.58
"07/26/1999","S65E","Temperature","Deg C",31.17
"08/03/1999","S65E","Temperature","Deg C",31.33
"08/17/1999","S65E","Temperature","Deg C",29.58
"08/31/1999","S65E","Temperature","Deg C",30.19
"09/16/1999","S65E","Temperature","Deg C",27.93
"09/28/1999","S65E","Temperature","Deg C",26.99
"10/12/1999","S65E","Temperature","Deg C",26.83
"10/18/1999","S65E","Temperature","Deg C",31.2
"11/09/1999","S65E","Temperature","Deg C",21.08
"11/23/1999","S65E","Temperature","Deg C",24.07
"12/07/1999","S65E","Temperature","Deg C",19.25
"12/21/1999","S65E","Temperature","Deg C",20.25
"01/04/2000","S65E","Temperature","Deg C",17.27
"01/18/2000","S65E","Temperature","Deg C",18.15
"01/24/2000","S65E","Temperature","Deg C",17.53
"02/01/2000","S65E","Temperature","Deg C",16.48
"02/15/2000","S65E","Temperature","Deg C",17.96
"02/29/2000","S65E","Temperature","Deg C",20.67
"03/14/2000","S65E","Temperature","Deg C",21.98
"03/28/2000","S65E","Temperature","Deg C",25.01
"04/11/2000","S65E","Temperature","Deg C",22.68
"04/17/2000","S65E","Temperature","Deg C",25.97
"04/24/2000","S65E","Temperature","Deg C",24.42
"05/09/2000","S65E","Temperature","Deg C",24.79
"05/23/2000","S65E","Temperature","Deg C",30.04
"06/06/2000","S65E","Temperature","Deg C",30.28
"06/20/2000","S65E","Temperature","Deg C",29.37
"07/24/2000","S65E","Temperature","Deg C",29.64
"07/25/2000","S65E","Temperature","Deg C",29.64
"08/01/2000","S65E","Temperature","Deg C",28.97
"08/15/2000","S65E","Temperature","Deg C",29.89
"08/29/2000","S65E","Temperature","Deg C",30.19
"09/12/2000","S65E","Temperature","Deg C",30.29
"10/10/2000","S65E","Temperature","Deg C",26.21
"10/16/2000","S65E","Temperature","Deg C",24.71
"10/24/2000","S65E","Temperature","Deg C",24.77
"11/21/2000","S65E","Temperature","Deg C",21.71
"12/19/2000","S65E","Temperature","Deg C",19.75
"01/16/2001","S65E","Temperature","Deg C",16.31
"01/22/2001","S65E","Temperature","Deg C",15.42
"01/30/2001","S65E","Temperature","Deg C",16.27
"02/13/2001","S65E","Temperature","Deg C",17.84
"03/13/2001","S65E","Temperature","Deg C",22.09
"03/27/2001","S65E","Temperature","Deg C",23.17
"04/10/2001","S65E","Temperature","Deg C",24.1
"04/16/2001","S65E","Temperature","Deg C",29.57
"04/24/2001","S65E","Temperature","Deg C",23.34
"05/08/2001","S65E","Temperature","Deg C",23.92
"05/22/2001","S65E","Temperature","Deg C",25.93
"06/05/2001","S65E","Temperature","Deg C",27.47
"06/19/2001","S65E","Temperature","Deg C",28.19
"07/03/2001","S65E","Temperature","Deg C",28.55
"07/16/2001","S65E","Temperature","Deg C",28.91
"07/17/2001","S65E","Temperature","Deg C",31.3
"07/31/2001","S65E","Temperature","Deg C",30.89
"08/14/2001","S65E","Temperature","Deg C",31.44
"09/11/2001","S65E","Temperature","Deg C",28.49
"09/25/2001","S65E","Temperature","Deg C",29.19
"10/08/2001","S65E","Temperature","Deg C",27.08
"10/09/2001","S65E","Temperature","Deg C",26.94
"11/06/2001","S65E","Temperature","Deg C",23.26
"11/20/2001","S65E","Temperature","Deg C",22.92
"12/04/2001","S65E","Temperature","Deg C",22.3
"12/18/2001","S65E","Temperature","Deg C",23.96
"01/02/2002","S65E","Temperature","Deg C",18.76
"01/15/2002","S65E","Temperature","Deg C",16.55
"01/29/2002","S65E","Temperature","Deg C",20.8
"02/12/2002","S65E","Temperature","Deg C",20.26
"02/26/2002","S65E","Temperature","Deg C",21.08
"03/12/2002","S65E","Temperature","Deg C",20.04
"03/18/2002","S65E","Temperature","Deg C",23.21
"03/26/2002","S65E","Temperature","Deg C",24.25
"04/09/2002","S65E","Temperature","Deg C",23.88
"05/07/2002","S65E","Temperature","Deg C",28.46
"05/21/2002","S65E","Temperature","Deg C",27.06
"06/04/2002","S65E","Temperature","Deg C",28.25
"06/18/2002","S65E","Temperature","Deg C",27.91
"06/24/2002","S65E","Temperature","Deg C",27.58
"07/02/2002","S65E","Temperature","Deg C",27.82
"07/16/2002","S65E","Temperature","Deg C",29.52
"07/30/2002","S65E","Temperature","Deg C",30.59
"08/27/2002","S65E","Temperature","Deg C",30.12
"09/10/2002","S65E","Temperature","Deg C",29.21
"09/16/2002","S65E","Temperature","Deg C",28.91
"09/24/2002","S65E","Temperature","Deg C",28.89
"10/08/2002","S65E","Temperature","Deg C",28.13
"10/22/2002","S65E","Temperature","Deg C",26.45
"11/05/2002","S65E","Temperature","Deg C",26.25
"11/19/2002","S65E","Temperature","Deg C",19.52
"12/03/2002","S65E","Temperature","Deg C",18.56
"12/17/2002","S65E","Temperature","Deg C",16.5766666666667
"12/30/2002","S65E","Temperature","Deg C",15.23
"12/31/2002","S65E","Temperature","Deg C",19.83
"01/14/2003","S65E","Temperature","Deg C",15.6
"01/28/2003","S65E","Temperature","Deg C",11.39
"02/11/2003","S65E","Temperature","Deg C",18.65
"02/25/2003","S65E","Temperature","Deg C",20.99
"03/11/2003","S65E","Temperature","Deg C",24.95
"03/24/2003","S65E","Temperature","Deg C",25.95
"03/25/2003","S65E","Temperature","Deg C",24.73
"04/08/2003","S65E","Temperature","Deg C",28.85
"04/22/2003","S65E","Temperature","Deg C",25.01
"05/06/2003","S65E","Temperature","Deg C",27.3
"05/20/2003","S65E","Temperature","Deg C",29.12
"06/03/2003","S65E","Temperature","Deg C",28.72
"06/16/2003","S65E","Temperature","Deg C",29.75
"06/17/2003","S65E","Temperature","Deg C",29.71
"07/01/2003","S65E","Temperature","Deg C",29.38
"07/15/2003","S65E","Temperature","Deg C",30.4
"07/29/2003","S65E","Temperature","Deg C",29.68
"08/12/2003","S65E","Temperature","Deg C",28.2
"08/26/2003","S65E","Temperature","Deg C",29.3
"09/09/2003","S65E","Temperature","Deg C",29.3
"09/15/2003","S65E","Temperature","Deg C",29.6
"09/23/2003","S65E","Temperature","Deg C",29.2
"10/07/2003","S65E","Temperature","Deg C",26.4
"10/21/2003","S65E","Temperature","Deg C",26.4
"11/04/2003","S65E","Temperature","Deg C",25.1
"11/18/2003","S65E","Temperature","Deg C",23.7
"12/02/2003","S65E","Temperature","Deg C",20.5
"12/15/2003","S65E","Temperature","Deg C",19.1
"12/16/2003","S65E","Temperature","Deg C",18.4
"12/30/2003","S65E","Temperature","Deg C",17
"01/13/2004","S65E","Temperature","Deg C",16.3
"01/27/2004","S65E","Temperature","Deg C",18
"02/10/2004","S65E","Temperature","Deg C",19.5
"02/24/2004","S65E","Temperature","Deg C",20.8
"03/09/2004","S65E","Temperature","Deg C",22.6
"03/15/2004","S65E","Temperature","Deg C",24.2
"03/23/2004","S65E","Temperature","Deg C",22
"04/06/2004","S65E","Temperature","Deg C",25
"04/20/2004","S65E","Temperature","Deg C",22.6
"05/04/2004","S65E","Temperature","Deg C",25.7
"05/17/2004","S65E","Temperature","Deg C",26
"05/18/2004","S65E","Temperature","Deg C",25.9
"06/08/2004","S65E","Temperature","Deg C",28.2
"06/22/2004","S65E","Temperature","Deg C",30.8
"07/06/2004","S65E","Temperature","Deg C",30.3
"07/20/2004","S65E","Temperature","Deg C",29.7
"08/03/2004","S65E","Temperature","Deg C",29.2
"08/17/2004","S65E","Temperature","Deg C",28.9
"08/23/2004","S65E","Temperature","Deg C",29.4
"08/31/2004","S65E","Temperature","Deg C",29.3
"09/14/2004","S65E","Temperature","Deg C",26
"09/29/2004","S65E","Temperature","Deg C",27.2
"10/12/2004","S65E","Temperature","Deg C",26.1
"10/26/2004","S65E","Temperature","Deg C",25.2
"11/09/2004","S65E","Temperature","Deg C",23.8
"11/22/2004","S65E","Temperature","Deg C",21.8
"12/07/2004","S65E","Temperature","Deg C",21.1
"12/21/2004","S65E","Temperature","Deg C",16.5
"01/04/2005","S65E","Temperature","Deg C",16.4
"01/18/2005","S65E","Temperature","Deg C",18.6
"02/01/2005","S65E","Temperature","Deg C",16.8
"02/14/2005","S65E","Temperature","Deg C",16.7
"02/15/2005","S65E","Temperature","Deg C",17.1
"03/01/2005","S65E","Temperature","Deg C",20
"03/15/2005","S65E","Temperature","Deg C",20.4
"03/29/2005","S65E","Temperature","Deg C",24.1
"04/12/2005","S65E","Temperature","Deg C",23.5
"04/26/2005","S65E","Temperature","Deg C",23.4
"05/10/2005","S65E","Temperature","Deg C",24.3
"05/16/2005","S65E","Temperature","Deg C",26
"05/24/2005","S65E","Temperature","Deg C",27.1
"06/07/2005","S65E","Temperature","Deg C",27
"07/05/2005","S65E","Temperature","Deg C",29.7
"07/19/2005","S65E","Temperature","Deg C",30.2
"08/02/2005","S65E","Temperature","Deg C",29.9
"08/16/2005","S65E","Temperature","Deg C",30.4
"08/22/2005","S65E","Temperature","Deg C",31.6
"08/30/2005","S65E","Temperature","Deg C",29.7
"09/12/2005","S65E","Temperature","Deg C",28.4
"09/26/2005","S65E","Temperature","Deg C",27.9
"10/11/2005","S65E","Temperature","Deg C",28.7
"11/08/2005","S65E","Temperature","Deg C",23.3
"11/14/2005","S65E","Temperature","Deg C",22.7
"11/16/2005","S65E","Temperature","Deg C",22.8
"12/06/2005","S65E","Temperature","Deg C",19.8
"12/20/2005","S65E","Temperature","Deg C",18
"01/03/2006","S65E","Temperature","Deg C",18.2
"01/17/2006","S65E","Temperature","Deg C",16.7
"01/30/2006","S65E","Temperature","Deg C",19
"02/13/2006","S65E","Temperature","Deg C",15.8
"02/21/2006","S65E","Temperature","Deg C",17.9
"02/28/2006","S65E","Temperature","Deg C",18.6
"03/13/2006","S65E","Temperature","Deg C",21.3
"03/28/2006","S65E","Temperature","Deg C",21
"04/11/2006","S65E","Temperature","Deg C",24
"04/24/2006","S65E","Temperature","Deg C",26
"05/08/2006","S65E","Temperature","Deg C",25.1
"05/22/2006","S65E","Temperature","Deg C",26.4
"05/23/2006","S65E","Temperature","Deg C",27.6
"06/06/2006","S65E","Temperature","Deg C",27.9
"06/19/2006","S65E","Temperature","Deg C",28.5
"07/18/2006","S65E","Temperature","Deg C",30.9
"07/31/2006","S65E","Temperature","Deg C",29.1
"08/14/2006","S65E","Temperature","Deg C",31.75
"08/21/2006","S65E","Temperature","Deg C",29.4
"08/31/2006","S65E","Temperature","Deg C",28.4
"09/11/2006","S65E","Temperature","Deg C",29.05
"09/25/2006","S65E","Temperature","Deg C",28.3
"10/10/2006","S65E","Temperature","Deg C",27.45
"10/24/2006","S65E","Temperature","Deg C",25.9
"11/07/2006","S65E","Temperature","Deg C",23.5
"11/21/2006","S65E","Temperature","Deg C",20.8
"11/27/2006","S65E","Temperature","Deg C",19.7
"12/05/2006","S65E","Temperature","Deg C",21.15
"12/19/2006","S65E","Temperature","Deg C",20.2333333333333
"01/02/2007","S65E","Temperature","Deg C",20.4
"01/16/2007","S65E","Temperature","Deg C",19.3
"01/30/2007","S65E","Temperature","Deg C",18.9
"02/13/2007","S65E","Temperature","Deg C",18.4
"02/26/2007","S65E","Temperature","Deg C",19
"02/27/2007","S65E","Temperature","Deg C",20.2
"03/13/2007","S65E","Temperature","Deg C",20.8
"03/27/2007","S65E","Temperature","Deg C",20.6
"04/10/2007","S65E","Temperature","Deg C",22.5
"04/24/2007","S65E","Temperature","Deg C",22
"05/08/2007","S65E","Temperature","Deg C",25.9
"05/21/2007","S65E","Temperature","Deg C",26.8
"05/22/2007","S65E","Temperature","Deg C",25.4
"06/05/2007","S65E","Temperature","Deg C",27.5666666666667
"06/19/2007","S65E","Temperature","Deg C",28.1
"07/02/2007","S65E","Temperature","Deg C",29.7
"07/17/2007","S65E","Temperature","Deg C",28.6
"08/06/2007","S65E","Temperature","Deg C",30.8
"08/20/2007","S65E","Temperature","Deg C",29.9333333333333
"08/21/2007","S65E","Temperature","Deg C",29.9
"09/04/2007","S65E","Temperature","Deg C",29.9
"09/17/2007","S65E","Temperature","Deg C",30
"10/01/2007","S65E","Temperature","Deg C",28.1
"10/15/2007","S65E","Temperature","Deg C",27.4
"10/29/2007","S65E","Temperature","Deg C",26.1
"11/05/2007","S65E","Temperature","Deg C",24
"11/20/2007","S65E","Temperature","Deg C",20.8
"11/26/2007","S65E","Temperature","Deg C",21
"12/03/2007","S65E","Temperature","Deg C",22.7
"12/18/2007","S65E","Temperature","Deg C",20.1
"01/17/2008","S65E","Temperature","Deg C",18.6
"01/29/2008","S65E","Temperature","Deg C",18.5
"02/04/2008","S65E","Temperature","Deg C",19.2
"02/19/2008","S65E","Temperature","Deg C",21.1
"02/20/2008","S65E","Temperature","Deg C",20.7
"03/03/2008","S65E","Temperature","Deg C",20.2
"03/17/2008","S65E","Temperature","Deg C",22.8
"04/07/2008","S65E","Temperature","Deg C",24.5
"04/21/2008","S65E","Temperature","Deg C",22.6
"05/06/2008","S65E","Temperature","Deg C",25.8
"05/19/2008","S65E","Temperature","Deg C",27.5
"05/28/2008","S65E","Temperature","Deg C",27.5
"06/03/2008","S65E","Temperature","Deg C",27.7666666666667
"06/17/2008","S65E","Temperature","Deg C",29.3
"07/01/2008","S65E","Temperature","Deg C",28.5
"07/16/2008","S65E","Temperature","Deg C",28.6
"08/06/2008","S65E","Temperature","Deg C",29.1
"08/26/2008","S65E","Temperature","Deg C",29.1
"08/28/2008","S65E","Temperature","Deg C",30.6
"09/08/2008","S65E","Temperature","Deg C",29
"09/22/2008","S65E","Temperature","Deg C",29.5
"10/06/2008","S65E","Temperature","Deg C",27
"10/20/2008","S65E","Temperature","Deg C",26.4
"11/13/2008","S65E","Temperature","Deg C",21.9
"11/19/2008","S65E","Temperature","Deg C",20.9
"11/24/2008","S65E","Temperature","Deg C",18.6
"12/10/2008","S65E","Temperature","Deg C",18.3
"12/23/2008","S65E","Temperature","Deg C",19.2
"01/14/2009","S65E","Temperature","Deg C",19.5
"01/27/2009","S65E","Temperature","Deg C",15.8
"02/02/2009","S65E","Temperature","Deg C",16.5
"02/18/2009","S65E","Temperature","Deg C",19.1
"03/03/2009","S65E","Temperature","Deg C",17.4
"03/17/2009","S65E","Temperature","Deg C",21.8
"03/31/2009","S65E","Temperature","Deg C",21.6
"04/14/2009","S65E","Temperature","Deg C",23
"04/29/2009","S65E","Temperature","Deg C",23.9
"05/13/2009","S65E","Temperature","Deg C",26.7
"05/20/2009","S65E","Temperature","Deg C",26.9
"05/27/2009","S65E","Temperature","Deg C",26.6
"06/02/2009","S65E","Temperature","Deg C",28.7
"06/16/2009","S65E","Temperature","Deg C",31
"07/07/2009","S65E","Temperature","Deg C",29.3
"07/20/2009","S65E","Temperature","Deg C",31.3
"08/04/2009","S65E","Temperature","Deg C",30.8
"08/18/2009","S65E","Temperature","Deg C",29.7
"08/26/2009","S65E","Temperature","Deg C",29.8
"09/08/2009","S65E","Temperature","Deg C",28.5
"09/22/2009","S65E","Temperature","Deg C",29.5
"10/07/2009","S65E","Temperature","Deg C",28.4
"10/21/2009","S65E","Temperature","Deg C",24.8
"11/09/2009","S65E","Temperature","Deg C",24.3
"11/18/2009","S65E","Temperature","Deg C",23.3
"11/30/2009","S65E","Temperature","Deg C",20.5
"12/16/2009","S65E","Temperature","Deg C",21.4
"12/28/2009","S65E","Temperature","Deg C",18.8
"01/11/2010","S65E","Temperature","Deg C",12.3
"01/25/2010","S65E","Temperature","Deg C",18
"02/08/2010","S65E","Temperature","Deg C",17.2
"02/17/2010","S65E","Temperature","Deg C",13.6
"02/24/2010","S65E","Temperature","Deg C",18.1
"03/15/2010","S65E","Temperature","Deg C",18.2
"03/29/2010","S65E","Temperature","Deg C",22.1
"04/12/2010","S65E","Temperature","Deg C",23.6
"04/26/2010","S65E","Temperature","Deg C",24.8
"05/10/2010","S65E","Temperature","Deg C",28.9
"05/24/2010","S65E","Temperature","Deg C",29.1
"05/26/2010","S65E","Temperature","Deg C",29.5
"06/07/2010","S65E","Temperature","Deg C",29.5
"06/21/2010","S65E","Temperature","Deg C",29.1
"07/08/2010","S65E","Temperature","Deg C",29.6
"07/19/2010","S65E","Temperature","Deg C",30.5
"08/02/2010","S65E","Temperature","Deg C",31.8
"08/16/2010","S65E","Temperature","Deg C",31.4
"08/18/2010","S65E","Temperature","Deg C",30.9
"09/14/2010","S65E","Temperature","Deg C",29.5666666666667
"09/27/2010","S65E","Temperature","Deg C",28.2
"10/11/2010","S65E","Temperature","Deg C",25.6
"10/26/2010","S65E","Temperature","Deg C",25.3
"11/09/2010","S65E","Temperature","Deg C",21.3
"11/17/2010","S65E","Temperature","Deg C",21.5
"11/29/2010","S65E","Temperature","Deg C",21.6
"12/09/2010","S65E","Temperature","Deg C",17
"12/22/2010","S65E","Temperature","Deg C",15.8
"01/10/2011","S65E","Temperature","Deg C",16.1
"01/24/2011","S65E","Temperature","Deg C",16.1
"02/07/2011","S65E","Temperature","Deg C",20.3
"02/17/2011","S65E","Temperature","Deg C",18.6
"02/23/2011","S65E","Temperature","Deg C",21.4
"03/09/2011","S65E","Temperature","Deg C",20.8666666666667
"03/23/2011","S65E","Temperature","Deg C",21.3
"04/13/2011","S65E","Temperature","Deg C",26.1
"04/27/2011","S65E","Temperature","Deg C",27
"05/11/2011","S65E","Temperature","Deg C",27.2
"05/18/2011","S65E","Temperature","Deg C",28.8
"05/25/2011","S65E","Temperature","Deg C",27.6
"06/08/2011","S65E","Temperature","Deg C",27.9
"06/20/2011","S65E","Temperature","Deg C",29.6
"07/06/2011","S65E","Temperature","Deg C",29.1
"07/20/2011","S65E","Temperature","Deg C",32.3
"08/03/2011","S65E","Temperature","Deg C",31
"08/17/2011","S65E","Temperature","Deg C",29.8
"08/24/2011","S65E","Temperature","Deg C",30.7
"08/31/2011","S65E","Temperature","Deg C",29.7
"09/14/2011","S65E","Temperature","Deg C",29.4666666666667
"09/28/2011","S65E","Temperature","Deg C",29
"10/12/2011","S65E","Temperature","Deg C",25.2
"10/26/2011","S65E","Temperature","Deg C",22.4
"11/07/2011","S65E","Temperature","Deg C",21.4
"11/16/2011","S65E","Temperature","Deg C",21.6
"11/22/2011","S65E","Temperature","Deg C",23
"12/07/2011","S65E","Temperature","Deg C",22.6
"12/21/2011","S65E","Temperature","Deg C",20.2
"01/04/2012","S65E","Temperature","Deg C",18.2
"01/18/2012","S65E","Temperature","Deg C",16.7
"02/01/2012","S65E","Temperature","Deg C",19.1
"02/15/2012","S65E","Temperature","Deg C",20.3
"02/22/2012","S65E","Temperature","Deg C",22
"02/29/2012","S65E","Temperature","Deg C",22
"03/14/2012","S65E","Temperature","Deg C",23.2
"03/28/2012","S65E","Temperature","Deg C",25
"04/11/2012","S65E","Temperature","Deg C",25.5
"04/25/2012","S65E","Temperature","Deg C",23.9
"05/09/2012","S65E","Temperature","Deg C",28.8
"05/16/2012","S65E","Temperature","Deg C",26.9
"05/23/2012","S65E","Temperature","Deg C",27.5
"06/06/2012","S65E","Temperature","Deg C",28.5
"06/20/2012","S65E","Temperature","Deg C",28.3
"07/11/2012","S65E","Temperature","Deg C",29.6
"07/25/2012","S65E","Temperature","Deg C",29.6
"08/08/2012","S65E","Temperature","Deg C",30
"08/22/2012","S65E","Temperature","Deg C",29.4
"09/05/2012","S65E","Temperature","Deg C",29.9
"09/19/2012","S65E","Temperature","Deg C",27.6
"10/03/2012","S65E","Temperature","Deg C",28.3
"10/17/2012","S65E","Temperature","Deg C",26.1
"10/31/2012","S65E","Temperature","Deg C",21.5
"11/14/2012","S65E","Temperature","Deg C",22.5
"11/28/2012","S65E","Temperature","Deg C",19.9
"12/05/2012","S65E","Temperature","Deg C",19.7
"12/19/2012","S65E","Temperature","Deg C",21.2
"01/02/2013","S65E","Temperature","Deg C",18.1
"01/16/2013","S65E","Temperature","Deg C",21.1
"01/30/2013","S65E","Temperature","Deg C",19.2
"02/06/2013","S65E","Temperature","Deg C",19
"02/13/2013","S65E","Temperature","Deg C",20.7
"02/27/2013","S65E","Temperature","Deg C",21.6
"03/13/2013","S65E","Temperature","Deg C",19
"03/27/2013","S65E","Temperature","Deg C",20
"04/10/2013","S65E","Temperature","Deg C",21.4
"04/24/2013","S65E","Temperature","Deg C",25.9
"05/08/2013","S65E","Temperature","Deg C",26.6
"05/22/2013","S65E","Temperature","Deg C",27.8
"06/05/2013","S65E","Temperature","Deg C",27.6
"06/19/2013","S65E","Temperature","Deg C",29.4
"07/02/2013","S65E","Temperature","Deg C",28.1
"07/17/2013","S65E","Temperature","Deg C",27.1
"07/31/2013","S65E","Temperature","Deg C",29.6
"08/07/2013","S65E","Temperature","Deg C",30.1
"08/14/2013","S65E","Temperature","Deg C",30.2
"08/28/2013","S65E","Temperature","Deg C",29.4
"09/11/2013","S65E","Temperature","Deg C",28.5
"09/25/2013","S65E","Temperature","Deg C",27.3
"10/09/2013","S65E","Temperature","Deg C",27.1
"10/23/2013","S65E","Temperature","Deg C",27
"11/04/2013","S65E","Temperature","Deg C",24.2
"11/06/2013","S65E","Temperature","Deg C",23.7
"11/20/2013","S65E","Temperature","Deg C",23.7
"12/04/2013","S65E","Temperature","Deg C",20.8
"12/18/2013","S65E","Temperature","Deg C",21
"12/30/2013","S65E","Temperature","Deg C",21.2
"01/15/2014","S65E","Temperature","Deg C",19.9
"01/29/2014","S65E","Temperature","Deg C",17.9
"02/03/2014","S65E","Temperature","Deg C",18.1
"02/12/2014","S65E","Temperature","Deg C",19.9
"02/26/2014","S65E","Temperature","Deg C",21.9
"03/12/2014","S65E","Temperature","Deg C",21.8
"03/26/2014","S65E","Temperature","Deg C",22.5
"04/09/2014","S65E","Temperature","Deg C",22.9
"04/23/2014","S65E","Temperature","Deg C",24.2
"05/05/2014","S65E","Temperature","Deg C",28.3
"05/07/2014","S65E","Temperature","Deg C",26.4
"05/21/2014","S65E","Temperature","Deg C",27.1
"06/04/2014","S65E","Temperature","Deg C",27
"06/18/2014","S65E","Temperature","Deg C",28.2
"07/01/2014","S65E","Temperature","Deg C",28.8
"07/16/2014","S65E","Temperature","Deg C",28.8
"07/30/2014","S65E","Temperature","Deg C",26.7
"08/13/2014","S65E","Temperature","Deg C",30.1
"08/18/2014","S65E","Temperature","Deg C",29.3
"08/27/2014","S65E","Temperature","Deg C",30.8
"09/10/2014","S65E","Temperature","Deg C",28.6
"09/24/2014","S65E","Temperature","Deg C",27.7
"10/08/2014","S65E","Temperature","Deg C",26.4
"10/22/2014","S65E","Temperature","Deg C",25
"11/03/2014","S65E","Temperature","Deg C",22.1
"11/05/2014","S65E","Temperature","Deg C",22.2
"11/19/2014","S65E","Temperature","Deg C",20.3
"12/03/2014","S65E","Temperature","Deg C",19.9
"12/17/2014","S65E","Temperature","Deg C",16.8
"12/30/2014","S65E","Temperature","Deg C",21.3
"01/14/2015","S65E","Temperature","Deg C",20.5
"01/28/2015","S65E","Temperature","Deg C",18
"02/02/2015","S65E","Temperature","Deg C",18.1
"02/25/2015","S65E","Temperature","Deg C",18.4
"03/11/2015","S65E","Temperature","Deg C",22.3
"03/25/2015","S65E","Temperature","Deg C",24.8
"04/08/2015","S65E","Temperature","Deg C",24.9
"04/22/2015","S65E","Temperature","Deg C",27.5
"05/04/2015","S65E","Temperature","Deg C",25.9
"05/06/2015","S65E","Temperature","Deg C",25.8
"05/20/2015","S65E","Temperature","Deg C",27.7
"06/03/2015","S65E","Temperature","Deg C",28.2
"06/17/2015","S65E","Temperature","Deg C",29
"07/01/2015","S65E","Temperature","Deg C",29.8
"07/15/2015","S65E","Temperature","Deg C",31
"07/29/2015","S65E","Temperature","Deg C",29.6
"08/03/2015","S65E","Temperature","Deg C",29.3
"08/12/2015","S65E","Temperature","Deg C",30.4
"08/26/2015","S65E","Temperature","Deg C",30.5
"09/09/2015","S65E","Temperature","Deg C",29.3
"09/23/2015","S65E","Temperature","Deg C",29
"10/07/2015","S65E","Temperature","Deg C",27
"10/21/2015","S65E","Temperature","Deg C",25.2
"10/26/2015","S65E","Temperature","Deg C",25.3
"11/04/2015","S65E","Temperature","Deg C",26.5
"11/18/2015","S65E","Temperature","Deg C",25.3
"12/02/2015","S65E","Temperature","Deg C",22.6
"12/21/2015","S65E","Temperature","Deg C",22.2
"01/04/2016","S65E","Temperature","Deg C",22.9
"01/20/2016","S65E","Temperature","Deg C",17.2
"02/01/2016","S65E","Temperature","Deg C",19.4
"02/15/2016","S65E","Temperature","Deg C",16.5
"02/29/2016","S65E","Temperature","Deg C",18.9
"03/14/2016","S65E","Temperature","Deg C",24.7
"03/28/2016","S65E","Temperature","Deg C",25.5
"04/11/2016","S65E","Temperature","Deg C",23.7
"04/25/2016","S65E","Temperature","Deg C",25
"05/09/2016","S65E","Temperature","Deg C",26
"05/23/2016","S65E","Temperature","Deg C",27.5
"06/06/2016","S65E","Temperature","Deg C",30.1
"06/20/2016","S65E","Temperature","Deg C",29.4
"07/06/2016","S65E","Temperature","Deg C",30.9
"07/18/2016","S65E","Temperature","Deg C",31.2
"08/01/2016","S65E","Temperature","Deg C",30.7
"08/15/2016","S65E","Temperature","Deg C",30.7
"08/29/2016","S65E","Temperature","Deg C",29.5
"09/12/2016","S65E","Temperature","Deg C",30
"09/26/2016","S65E","Temperature","Deg C",30
"10/10/2016","S65E","Temperature","Deg C",26.5
"10/24/2016","S65E","Temperature","Deg C",24.8
"11/07/2016","S65E","Temperature","Deg C",23.6
"11/21/2016","S65E","Temperature","Deg C",22.4
"12/19/2016","S65E","Temperature","Deg C",22.3
"01/09/2017","S65E","Temperature","Deg C",19.3
"01/23/2017","S65E","Temperature","Deg C",20.5
"02/06/2017","S65E","Temperature","Deg C",20.3
"02/20/2017","S65E","Temperature","Deg C",21.9
"03/06/2017","S65E","Temperature","Deg C",21.9
"03/13/2017","S65E","Temperature","Deg C",23.3
"03/20/2017","S65E","Temperature","Deg C",20.9
"04/17/2017","S65E","Temperature","Deg C",24.2
"04/24/2017","S65E","Temperature","Deg C",25.2
"05/01/2017","S65E","Temperature","Deg C",24.5
"05/08/2017","S65E","Temperature","Deg C",27.1
"06/05/2017","S65E","Temperature","Deg C",29.1
"06/12/2017","S65E","Temperature","Deg C",27.8
"06/19/2017","S65E","Temperature","Deg C",28.2
"07/05/2017","S65E","Temperature","Deg C",30.5
"07/17/2017","S65E","Temperature","Deg C",29.3
"08/01/2017","S65E","Temperature","Deg C",30.7
"08/14/2017","S65E","Temperature","Deg C",30.5
"08/28/2017","S65E","Temperature","Deg C",29.4
"09/13/2017","S65E","Temperature","Deg C",28.1
"09/25/2017","S65E","Temperature","Deg C",28.7
"10/09/2017","S65E","Temperature","Deg C",29.2
"10/23/2017","S65E","Temperature","Deg C",26
"11/06/2017","S65E","Temperature","Deg C",23.3
"11/20/2017","S65E","Temperature","Deg C",22.1
"12/04/2017","S65E","Temperature","Deg C",22.5
"12/18/2017","S65E","Temperature","Deg C",19.4
"01/16/2018","S65E","Temperature","Deg C",17.1
"02/12/2018","S65E","Temperature","Deg C",20.7
"03/12/2018","S65E","Temperature","Deg C",22.4
"03/26/2018","S65E","Temperature","Deg C",22
"04/09/2018","S65E","Temperature","Deg C",26.7
"04/23/2018","S65E","Temperature","Deg C",25.5
"05/07/2018","S65E","Temperature","Deg C",28.2
"05/21/2018","S65E","Temperature","Deg C",25.8
"06/04/2018","S65E","Temperature","Deg C",31.4
"06/18/2018","S65E","Temperature","Deg C",30.9
"07/02/2018","S65E","Temperature","Deg C",30.1
"07/16/2018","S65E","Temperature","Deg C",31
"07/30/2018","S65E","Temperature","Deg C",30.4
"08/06/2018","S65E","Temperature","Deg C",30.2
"08/20/2018","S65E","Temperature","Deg C",29.9
"09/04/2018","S65E","Temperature","Deg C",28.1
"09/17/2018","S65E","Temperature","Deg C",31.2
"10/01/2018","S65E","Temperature","Deg C",28.3
"10/04/2018","S65E","Temperature","Deg C",26.5
"10/15/2018","S65E","Temperature","Deg C",27.9
"10/29/2018","S65E","Temperature","Deg C",24.9
"11/13/2018","S65E","Temperature","Deg C",25.3
"11/26/2018","S65E","Temperature","Deg C",23.1
"12/11/2018","S65E","Temperature","Deg C",20.2
"12/26/2018","S65E","Temperature","Deg C",19.3
"01/07/2019","S65E","Temperature","Deg C",21.5
"01/22/2019","S65E","Temperature","Deg C",17.9
"02/04/2019","S65E","Temperature","Deg C",18.8
"02/18/2019","S65E","Temperature","Deg C",21.9
"03/04/2019","S65E","Temperature","Deg C",24.5
"03/06/2019","S65E","Temperature","Deg C",23
"03/18/2019","S65E","Temperature","Deg C",23.2
"04/08/2019","S65E","Temperature","Deg C",24.1
"04/22/2019","S65E","Temperature","Deg C",25
"05/06/2019","S65E","Temperature","Deg C",29.3
"05/20/2019","S65E","Temperature","Deg C",29
"06/03/2019","S65E","Temperature","Deg C",29.7
"06/17/2019","S65E","Temperature","Deg C",27.2
"07/01/2019","S65E","Temperature","Deg C",32.6
"07/15/2019","S65E","Temperature","Deg C",29.2
"07/29/2019","S65E","Temperature","Deg C",30.9
"08/12/2019","S65E","Temperature","Deg C",31.9
"08/26/2019","S65E","Temperature","Deg C",31.3
"09/09/2019","S65E","Temperature","Deg C",30.3
"09/23/2019","S65E","Temperature","Deg C",27.5
"10/08/2019","S65E","Temperature","Deg C",30.6
"10/21/2019","S65E","Temperature","Deg C",27.3
"11/04/2019","S65E","Temperature","Deg C",27.2
"11/18/2019","S65E","Temperature","Deg C",23.1
"12/02/2019","S65E","Temperature","Deg C",21.1
"12/16/2019","S65E","Temperature","Deg C",21.4
"12/30/2019","S65E","Temperature","Deg C",21.9
"01/13/2020","S65E","Temperature","Deg C",20.7
"01/27/2020","S65E","Temperature","Deg C",18.7
"02/10/2020","S65E","Temperature","Deg C",20.2
"02/24/2020","S65E","Temperature","Deg C",21.4
"03/09/2020","S65E","Temperature","Deg C",19.5
"03/23/2020","S65E","Temperature","Deg C",25.5
"04/06/2020","S65E","Temperature","Deg C",24.7
"04/20/2020","S65E","Temperature","Deg C",26.6
"05/04/2020","S65E","Temperature","Deg C",27.9
"05/18/2020","S65E","Temperature","Deg C",27
"06/01/2020","S65E","Temperature","Deg C",29.2
"06/15/2020","S65E","Temperature","Deg C",32.9
"06/29/2020","S65E","Temperature","Deg C",34.2
"07/13/2020","S65E","Temperature","Deg C",30.6
"07/27/2020","S65E","Temperature","Deg C",30.3
"08/10/2020","S65E","Temperature","Deg C",31
"08/24/2020","S65E","Temperature","Deg C",29.1
"09/08/2020","S65E","Temperature","Deg C",29.5
"09/21/2020","S65E","Temperature","Deg C",28.9
"10/05/2020","S65E","Temperature","Deg C",25.6
"10/19/2020","S65E","Temperature","Deg C",26.4
"11/02/2020","S65E","Temperature","Deg C",26.7
"11/16/2020","S65E","Temperature","Deg C",26
"11/30/2020","S65E","Temperature","Deg C",22.9
"12/14/2020","S65E","Temperature","Deg C",20.5
"12/28/2020","S65E","Temperature","Deg C",16.8
"01/11/2021","S65E","Temperature","Deg C",17.4
"01/25/2021","S65E","Temperature","Deg C",18.1
"02/08/2021","S65E","Temperature","Deg C",18.7
"02/22/2021","S65E","Temperature","Deg C",21.9
"03/08/2021","S65E","Temperature","Deg C",21.4
"03/22/2021","S65E","Temperature","Deg C",22.2
"04/05/2021","S65E","Temperature","Deg C",23.6
"04/19/2021","S65E","Temperature","Deg C",25.5
"05/03/2021","S65E","Temperature","Deg C",27.7
"05/17/2021","S65E","Temperature","Deg C",27.3
"06/01/2021","S65E","Temperature","Deg C",28.4
"06/14/2021","S65E","Temperature","Deg C",29.2
"06/28/2021","S65E","Temperature","Deg C",29.4
"07/12/2021","S65E","Temperature","Deg C",29.7
"07/26/2021","S65E","Temperature","Deg C",30.7
"08/09/2021","S65E","Temperature","Deg C",29.6
"08/23/2021","S65E","Temperature","Deg C",31
"09/07/2021","S65E","Temperature","Deg C",32.2
"09/20/2021","S65E","Temperature","Deg C",28.8
"10/04/2021","S65E","Temperature","Deg C",26.7
"10/18/2021","S65E","Temperature","Deg C",27.3
"11/01/2021","S65E","Temperature","Deg C",24.2
"11/15/2021","S65E","Temperature","Deg C",21.9
"11/29/2021","S65E","Temperature","Deg C",20.1
"12/13/2021","S65E","Temperature","Deg C",23.3
"12/27/2021","S65E","Temperature","Deg C",22.8
"01/10/2022","S65E","Temperature","Deg C",21.1
"01/24/2022","S65E","Temperature","Deg C",18.8
"02/21/2022","S65E","Temperature","Deg C",20
"03/07/2022","S65E","Temperature","Deg C",22.7
"03/21/2022","S65E","Temperature","Deg C",25.1
"04/04/2022","S65E","Temperature","Deg C",24.9
"04/18/2022","S65E","Temperature","Deg C",26.6
"05/02/2022","S65E","Temperature","Deg C",26.4
"05/16/2022","S65E","Temperature","Deg C",27.4
"05/31/2022","S65E","Temperature","Deg C",28.7
"06/13/2022","S65E","Temperature","Deg C",31.3
"06/27/2022","S65E","Temperature","Deg C",30.4
"07/11/2022","S65E","Temperature","Deg C",30.7
"07/25/2022","S65E","Temperature","Deg C",31.3
"08/08/2022","S65E","Temperature","Deg C",30.5
"08/22/2022","S65E","Temperature","Deg C",29.7
"09/06/2022","S65E","Temperature","Deg C",32.4
"09/19/2022","S65E","Temperature","Deg C",29.1
"10/03/2022","S65E","Temperature","Deg C",26.4
"10/17/2022","S65E","Temperature","Deg C",26.8
"10/31/2022","S65E","Temperature","Deg C",25.9
"11/14/2022","S65E","Temperature","Deg C",24.8
"11/28/2022","S65E","Temperature","Deg C",25
"12/12/2022","S65E","Temperature","Deg C",23.3
"12/27/2022","S65E","Temperature","Deg C",16.4
"01/09/2023","S65E","Temperature","Deg C",20.6
"01/23/2023","S65E","Temperature","Deg C",19.8
"02/06/2023","S65E","Temperature","Deg C",21.9
"02/20/2023","S65E","Temperature","Deg C",23.9
"03/06/2023","S65E","Temperature","Deg C",26
"03/20/2023","S65E","Temperature","Deg C",22.7
"04/03/2023","S65E","Temperature","Deg C",26.3
"04/17/2023","S65E","Temperature","Deg C",26
"05/01/2023","S65E","Temperature","Deg C",28
"03/05/1979","S65E","TOTAL DISSOLVED SOLIDS","mg/L",5
"10/29/1979","S65E","TOTAL DISSOLVED SOLIDS","mg/L",18
"11/20/1990","S65E","TOTAL DISSOLVED SOLIDS","mg/L",10405
"08/28/1991","S65E","TOTAL DISSOLVED SOLIDS","mg/L",114.9
"11/20/1991","S65E","TOTAL DISSOLVED SOLIDS","mg/L",110
"05/19/1992","S65E","TOTAL DISSOLVED SOLIDS","mg/L",127
"08/26/1992","S65E","TOTAL DISSOLVED SOLIDS","mg/L",125
"11/18/1992","S65E","TOTAL DISSOLVED SOLIDS","mg/L",125
"02/23/1993","S65E","TOTAL DISSOLVED SOLIDS","mg/L",165
"05/20/1993","S65E","TOTAL DISSOLVED SOLIDS","mg/L",127
"11/16/1993","S65E","TOTAL DISSOLVED SOLIDS","mg/L",137
"02/15/1994","S65E","TOTAL DISSOLVED SOLIDS","mg/L",159
"05/17/1994","S65E","TOTAL DISSOLVED SOLIDS","mg/L",107
"05/20/1996","S65E","TOTAL DISSOLVED SOLIDS","mg/L",59
"11/04/1996","S65E","TOTAL DISSOLVED SOLIDS","mg/L",121
"02/24/1997","S65E","TOTAL DISSOLVED SOLIDS","mg/L",88
"05/19/1997","S65E","TOTAL DISSOLVED SOLIDS","mg/L",100
"08/28/1997","S65E","TOTAL DISSOLVED SOLIDS","mg/L",106
"11/17/1997","S65E","TOTAL DISSOLVED SOLIDS","mg/L",81
"02/18/1998","S65E","TOTAL DISSOLVED SOLIDS","mg/L",98
"05/18/1998","S65E","TOTAL DISSOLVED SOLIDS","mg/L",106
"08/24/1998","S65E","TOTAL DISSOLVED SOLIDS","mg/L",127
"01/25/1999","S65E","TOTAL DISSOLVED SOLIDS","mg/L",156
"04/19/1999","S65E","TOTAL DISSOLVED SOLIDS","mg/L",132
"07/26/1999","S65E","TOTAL DISSOLVED SOLIDS","mg/L",165
"10/18/1999","S65E","TOTAL DISSOLVED SOLIDS","mg/L",137
"01/24/2000","S65E","TOTAL DISSOLVED SOLIDS","mg/L",115
"04/17/2000","S65E","TOTAL DISSOLVED SOLIDS","mg/L",140.5
"07/25/2000","S65E","TOTAL DISSOLVED SOLIDS","mg/L",185
"10/16/2000","S65E","TOTAL DISSOLVED SOLIDS","mg/L",170
"01/22/2001","S65E","TOTAL DISSOLVED SOLIDS","mg/L",231
"04/16/2001","S65E","TOTAL DISSOLVED SOLIDS","mg/L",99.5
"07/16/2001","S65E","TOTAL DISSOLVED SOLIDS","mg/L",267
"10/08/2001","S65E","TOTAL DISSOLVED SOLIDS","mg/L",132
"03/18/2002","S65E","TOTAL DISSOLVED SOLIDS","mg/L",65.05
"06/24/2002","S65E","TOTAL DISSOLVED SOLIDS","mg/L",162.7
"09/16/2002","S65E","TOTAL DISSOLVED SOLIDS","mg/L",116.85
"12/30/2002","S65E","TOTAL DISSOLVED SOLIDS","mg/L",115.3
"03/24/2003","S65E","TOTAL DISSOLVED SOLIDS","mg/L",140
"06/16/2003","S65E","TOTAL DISSOLVED SOLIDS","mg/L",105.3
"09/15/2003","S65E","TOTAL DISSOLVED SOLIDS","mg/L",113
"12/15/2003","S65E","TOTAL DISSOLVED SOLIDS","mg/L",64.3333333333333
"03/15/2004","S65E","TOTAL DISSOLVED SOLIDS","mg/L",112
"05/17/2004","S65E","TOTAL DISSOLVED SOLIDS","mg/L",129
"08/23/2004","S65E","TOTAL DISSOLVED SOLIDS","mg/L",58
"02/14/2005","S65E","TOTAL DISSOLVED SOLIDS","mg/L",109
"05/16/2005","S65E","TOTAL DISSOLVED SOLIDS","mg/L",32
"08/22/2005","S65E","TOTAL DISSOLVED SOLIDS","mg/L",86
"11/14/2005","S65E","TOTAL DISSOLVED SOLIDS","mg/L",105
"02/21/2006","S65E","TOTAL DISSOLVED SOLIDS","mg/L",50
"05/22/2006","S65E","TOTAL DISSOLVED SOLIDS","mg/L",100
"08/21/2006","S65E","TOTAL DISSOLVED SOLIDS","mg/L",112
"11/27/2006","S65E","TOTAL DISSOLVED SOLIDS","mg/L",171
"02/26/2007","S65E","TOTAL DISSOLVED SOLIDS","mg/L",154
"05/21/2007","S65E","TOTAL DISSOLVED SOLIDS","mg/L",237
"08/20/2007","S65E","TOTAL DISSOLVED SOLIDS","mg/L",128
"11/26/2007","S65E","TOTAL DISSOLVED SOLIDS","mg/L",149
"02/20/2008","S65E","TOTAL DISSOLVED SOLIDS","mg/L",170
"05/28/2008","S65E","TOTAL DISSOLVED SOLIDS","mg/L",148
"08/28/2008","S65E","TOTAL DISSOLVED SOLIDS","mg/L",125
"11/19/2008","S65E","TOTAL DISSOLVED SOLIDS","mg/L",203
"02/18/2009","S65E","TOTAL DISSOLVED SOLIDS","mg/L",175
"05/20/2009","S65E","TOTAL DISSOLVED SOLIDS","mg/L",195
"08/26/2009","S65E","TOTAL DISSOLVED SOLIDS","mg/L",80
"08/12/2015","S65E","TOTAL NITROGEN","mg/L",1.29
"03/20/2017","S65E","TOTAL NITROGEN","mg/L",1.02
"04/24/2017","S65E","TOTAL NITROGEN","mg/L",0.957
"05/08/2017","S65E","TOTAL NITROGEN","mg/L",1.14
"06/05/2017","S65E","TOTAL NITROGEN","mg/L",0.952
"06/19/2017","S65E","TOTAL NITROGEN","mg/L",1.66
"07/05/2017","S65E","TOTAL NITROGEN","mg/L",1.71
"07/17/2017","S65E","TOTAL NITROGEN","mg/L",1.75
"08/01/2017","S65E","TOTAL NITROGEN","mg/L",1.8
"08/14/2017","S65E","TOTAL NITROGEN","mg/L",1.78
"08/28/2017","S65E","TOTAL NITROGEN","mg/L",1.41
"09/13/2017","S65E","TOTAL NITROGEN","mg/L",1.16
"09/25/2017","S65E","TOTAL NITROGEN","mg/L",1.04
"10/09/2017","S65E","TOTAL NITROGEN","mg/L",1.24
"10/23/2017","S65E","TOTAL NITROGEN","mg/L",1.24
"11/06/2017","S65E","TOTAL NITROGEN","mg/L",1.23
"11/20/2017","S65E","TOTAL NITROGEN","mg/L",1.33
"12/04/2017","S65E","TOTAL NITROGEN","mg/L",1.37
"12/18/2017","S65E","TOTAL NITROGEN","mg/L",1.54
"01/16/2018","S65E","TOTAL NITROGEN","mg/L",1.24
"02/12/2018","S65E","TOTAL NITROGEN","mg/L",1.15
"03/12/2018","S65E","TOTAL NITROGEN","mg/L",1.25
"03/26/2018","S65E","TOTAL NITROGEN","mg/L",1.11
"04/09/2018","S65E","TOTAL NITROGEN","mg/L",1.44
"04/23/2018","S65E","TOTAL NITROGEN","mg/L",1.29
"05/07/2018","S65E","TOTAL NITROGEN","mg/L",1.09
"05/21/2018","S65E","TOTAL NITROGEN","mg/L",1.22
"06/04/2018","S65E","TOTAL NITROGEN","mg/L",1.96
"06/18/2018","S65E","TOTAL NITROGEN","mg/L",1.65
"07/02/2018","S65E","TOTAL NITROGEN","mg/L",1.6
"07/16/2018","S65E","TOTAL NITROGEN","mg/L",1.55
"07/30/2018","S65E","TOTAL NITROGEN","mg/L",1.68
"08/06/2018","S65E","TOTAL NITROGEN","mg/L",1.52
"08/20/2018","S65E","TOTAL NITROGEN","mg/L",1.36
"09/04/2018","S65E","TOTAL NITROGEN","mg/L",1.32
"09/17/2018","S65E","TOTAL NITROGEN","mg/L",1.27
"10/01/2018","S65E","TOTAL NITROGEN","mg/L",1.49
"10/04/2018","S65E","TOTAL NITROGEN","mg/L",1.42
"10/15/2018","S65E","TOTAL NITROGEN","mg/L",1.22
"10/29/2018","S65E","TOTAL NITROGEN","mg/L",1.21
"11/13/2018","S65E","TOTAL NITROGEN","mg/L",1.44
"11/26/2018","S65E","TOTAL NITROGEN","mg/L",1.37333333333333
"12/11/2018","S65E","TOTAL NITROGEN","mg/L",1.3
"12/26/2018","S65E","TOTAL NITROGEN","mg/L",1.33
"01/07/2019","S65E","TOTAL NITROGEN","mg/L",1.23
"01/22/2019","S65E","TOTAL NITROGEN","mg/L",1.26
"02/04/2019","S65E","TOTAL NITROGEN","mg/L",1.38
"02/18/2019","S65E","TOTAL NITROGEN","mg/L",1.44
"03/04/2019","S65E","TOTAL NITROGEN","mg/L",1.52333333333333
"03/06/2019","S65E","TOTAL NITROGEN","mg/L",1.49
"03/18/2019","S65E","TOTAL NITROGEN","mg/L",1.44
"04/08/2019","S65E","TOTAL NITROGEN","mg/L",1.24
"04/22/2019","S65E","TOTAL NITROGEN","mg/L",1.31
"05/06/2019","S65E","TOTAL NITROGEN","mg/L",1.13
"05/20/2019","S65E","TOTAL NITROGEN","mg/L",1.35
"06/03/2019","S65E","TOTAL NITROGEN","mg/L",1.21
"06/20/2019","S65E","TOTAL NITROGEN","mg/L",1.26
"07/01/2019","S65E","TOTAL NITROGEN","mg/L",2.76
"07/15/2019","S65E","TOTAL NITROGEN","mg/L",1.88
"07/29/2019","S65E","TOTAL NITROGEN","mg/L",1.5
"08/12/2019","S65E","TOTAL NITROGEN","mg/L",1.68
"08/26/2019","S65E","TOTAL NITROGEN","mg/L",1.33
"09/09/2019","S65E","TOTAL NITROGEN","mg/L",1.12
"09/23/2019","S65E","TOTAL NITROGEN","mg/L",1.32
"10/08/2019","S65E","TOTAL NITROGEN","mg/L",1.54
"10/21/2019","S65E","TOTAL NITROGEN","mg/L",1.34
"11/04/2019","S65E","TOTAL NITROGEN","mg/L",1.35
"11/18/2019","S65E","TOTAL NITROGEN","mg/L",1.4
"12/02/2019","S65E","TOTAL NITROGEN","mg/L",1.26
"12/16/2019","S65E","TOTAL NITROGEN","mg/L",1.12
"12/30/2019","S65E","TOTAL NITROGEN","mg/L",1.17
"01/13/2020","S65E","TOTAL NITROGEN","mg/L",1.42
"01/27/2020","S65E","TOTAL NITROGEN","mg/L",1.22
"02/10/2020","S65E","TOTAL NITROGEN","mg/L",1.27
"02/24/2020","S65E","TOTAL NITROGEN","mg/L",1.24
"03/09/2020","S65E","TOTAL NITROGEN","mg/L",1.24
"03/23/2020","S65E","TOTAL NITROGEN","mg/L",1.17
"04/06/2020","S65E","TOTAL NITROGEN","mg/L",1.21
"04/20/2020","S65E","TOTAL NITROGEN","mg/L",1.11
"05/04/2020","S65E","TOTAL NITROGEN","mg/L",1.21
"05/18/2020","S65E","TOTAL NITROGEN","mg/L",1.18
"06/01/2020","S65E","TOTAL NITROGEN","mg/L",1.47
"06/15/2020","S65E","TOTAL NITROGEN","mg/L",2.29
"06/29/2020","S65E","TOTAL NITROGEN","mg/L",1.64
"07/13/2020","S65E","TOTAL NITROGEN","mg/L",1.5
"07/27/2020","S65E","TOTAL NITROGEN","mg/L",1.31
"08/10/2020","S65E","TOTAL NITROGEN","mg/L",1.18
"08/24/2020","S65E","TOTAL NITROGEN","mg/L",1.14
"09/08/2020","S65E","TOTAL NITROGEN","mg/L",1.13
"09/21/2020","S65E","TOTAL NITROGEN","mg/L",1.12
"10/05/2020","S65E","TOTAL NITROGEN","mg/L",1.1
"10/19/2020","S65E","TOTAL NITROGEN","mg/L",1.12
"11/02/2020","S65E","TOTAL NITROGEN","mg/L",1.53
"11/16/2020","S65E","TOTAL NITROGEN","mg/L",1.43
"11/30/2020","S65E","TOTAL NITROGEN","mg/L",1.14
"12/14/2020","S65E","TOTAL NITROGEN","mg/L",1.04
"12/28/2020","S65E","TOTAL NITROGEN","mg/L",1.05
"01/11/2021","S65E","TOTAL NITROGEN","mg/L",1.07
"01/25/2021","S65E","TOTAL NITROGEN","mg/L",1.07
"02/08/2021","S65E","TOTAL NITROGEN","mg/L",1
"02/22/2021","S65E","TOTAL NITROGEN","mg/L",1.17
"03/08/2021","S65E","TOTAL NITROGEN","mg/L",1.16
"03/22/2021","S65E","TOTAL NITROGEN","mg/L",1.12
"04/05/2021","S65E","TOTAL NITROGEN","mg/L",1.26
"04/19/2021","S65E","TOTAL NITROGEN","mg/L",1.16
"05/03/2021","S65E","TOTAL NITROGEN","mg/L",1.17
"05/17/2021","S65E","TOTAL NITROGEN","mg/L",1.27
"06/01/2021","S65E","TOTAL NITROGEN","mg/L",1.14
"06/14/2021","S65E","TOTAL NITROGEN","mg/L",1.11
"06/28/2021","S65E","TOTAL NITROGEN","mg/L",1.01
"07/12/2021","S65E","TOTAL NITROGEN","mg/L",1.3
"07/26/2021","S65E","TOTAL NITROGEN","mg/L",1.25
"08/09/2021","S65E","TOTAL NITROGEN","mg/L",1.56
"08/23/2021","S65E","TOTAL NITROGEN","mg/L",1.62
"09/07/2021","S65E","TOTAL NITROGEN","mg/L",1.32
"09/20/2021","S65E","TOTAL NITROGEN","mg/L",1.28
"10/04/2021","S65E","TOTAL NITROGEN","mg/L",1.23
"10/18/2021","S65E","TOTAL NITROGEN","mg/L",1.23
"11/01/2021","S65E","TOTAL NITROGEN","mg/L",1.25
"11/15/2021","S65E","TOTAL NITROGEN","mg/L",1.32
"11/29/2021","S65E","TOTAL NITROGEN","mg/L",1.53
"12/13/2021","S65E","TOTAL NITROGEN","mg/L",1.2
"12/27/2021","S65E","TOTAL NITROGEN","mg/L",1.2
"01/10/2022","S65E","TOTAL NITROGEN","mg/L",1.23
"01/24/2022","S65E","TOTAL NITROGEN","mg/L",0.996
"02/07/2022","S65E","TOTAL NITROGEN","mg/L",1.25
"02/21/2022","S65E","TOTAL NITROGEN","mg/L",1.2
"03/07/2022","S65E","TOTAL NITROGEN","mg/L",1.21
"03/21/2022","S65E","TOTAL NITROGEN","mg/L",1.13
"04/04/2022","S65E","TOTAL NITROGEN","mg/L",1.28
"04/18/2022","S65E","TOTAL NITROGEN","mg/L",1.24
"05/02/2022","S65E","TOTAL NITROGEN","mg/L",1.49
"05/16/2022","S65E","TOTAL NITROGEN","mg/L",1.33
"05/31/2022","S65E","TOTAL NITROGEN","mg/L",1.34
"06/13/2022","S65E","TOTAL NITROGEN","mg/L",1.1
"06/27/2022","S65E","TOTAL NITROGEN","mg/L",1.14
"07/11/2022","S65E","TOTAL NITROGEN","mg/L",1.68
"07/25/2022","S65E","TOTAL NITROGEN","mg/L",1.44
"08/08/2022","S65E","TOTAL NITROGEN","mg/L",1.88
"08/22/2022","S65E","TOTAL NITROGEN","mg/L",1.92
"09/06/2022","S65E","TOTAL NITROGEN","mg/L",1.66
"09/19/2022","S65E","TOTAL NITROGEN","mg/L",1.84
"10/03/2022","S65E","TOTAL NITROGEN","mg/L",1.54
"10/17/2022","S65E","TOTAL NITROGEN","mg/L",1.14
"10/31/2022","S65E","TOTAL NITROGEN","mg/L",1.15
"11/14/2022","S65E","TOTAL NITROGEN","mg/L",1.19
"11/28/2022","S65E","TOTAL NITROGEN","mg/L",1.25
"12/12/2022","S65E","TOTAL NITROGEN","mg/L",1.04
"12/27/2022","S65E","TOTAL NITROGEN","mg/L",1.04
"01/09/2023","S65E","TOTAL NITROGEN","mg/L",0.977
"01/23/2023","S65E","TOTAL NITROGEN","mg/L",1.04
"02/06/2023","S65E","TOTAL NITROGEN","mg/L",1.05
"02/20/2023","S65E","TOTAL NITROGEN","mg/L",1.04
"03/06/2023","S65E","TOTAL NITROGEN","mg/L",1.06
"03/20/2023","S65E","TOTAL NITROGEN","mg/L",1.14
"04/03/2023","S65E","TOTAL NITROGEN","mg/L",0.964
"04/17/2023","S65E","TOTAL NITROGEN","mg/L",1.12
"05/01/2023","S65E","TOTAL NITROGEN","mg/L",1.13
"11/12/1973","S65E","TOTAL SUSPENDED SOLIDS","mg/L",5.2
"11/13/1973","S65E","TOTAL SUSPENDED SOLIDS","mg/L",2
"10/23/1978","S65E","TOTAL SUSPENDED SOLIDS","mg/L",5
"11/20/1978","S65E","TOTAL SUSPENDED SOLIDS","mg/L",2
"12/19/1978","S65E","TOTAL SUSPENDED SOLIDS","mg/L",2
"01/22/1979","S65E","TOTAL SUSPENDED SOLIDS","mg/L",10
"02/20/1979","S65E","TOTAL SUSPENDED SOLIDS","mg/L",13
"03/19/1979","S65E","TOTAL SUSPENDED SOLIDS","mg/L",8
"04/16/1979","S65E","TOTAL SUSPENDED SOLIDS","mg/L",1
"04/30/1979","S65E","TOTAL SUSPENDED SOLIDS","mg/L",21.3333333333333
"06/11/1979","S65E","TOTAL SUSPENDED SOLIDS","mg/L",5
"07/09/1979","S65E","TOTAL SUSPENDED SOLIDS","mg/L",5
"07/23/1979","S65E","TOTAL SUSPENDED SOLIDS","mg/L",4
"08/06/1979","S65E","TOTAL SUSPENDED SOLIDS","mg/L",8
"08/20/1979","S65E","TOTAL SUSPENDED SOLIDS","mg/L",5
"09/05/1979","S65E","TOTAL SUSPENDED SOLIDS","mg/L",3
"09/18/1979","S65E","TOTAL SUSPENDED SOLIDS","mg/L",4
"10/01/1979","S65E","TOTAL SUSPENDED SOLIDS","mg/L",12
"10/15/1979","S65E","TOTAL SUSPENDED SOLIDS","mg/L",9
"01/08/1980","S65E","TOTAL SUSPENDED SOLIDS","mg/L",4
"03/04/1980","S65E","TOTAL SUSPENDED SOLIDS","mg/L",6
"03/18/1980","S65E","TOTAL SUSPENDED SOLIDS","mg/L",2
"04/02/1980","S65E","TOTAL SUSPENDED SOLIDS","mg/L",2
"04/30/1980","S65E","TOTAL SUSPENDED SOLIDS","mg/L",2
"05/13/1980","S65E","TOTAL SUSPENDED SOLIDS","mg/L",2
"05/28/1980","S65E","TOTAL SUSPENDED SOLIDS","mg/L",7
"06/09/1980","S65E","TOTAL SUSPENDED SOLIDS","mg/L",9
"06/25/1980","S65E","TOTAL SUSPENDED SOLIDS","mg/L",3
"07/08/1980","S65E","TOTAL SUSPENDED SOLIDS","mg/L",-1
"07/24/1980","S65E","TOTAL SUSPENDED SOLIDS","mg/L",4
"08/04/1980","S65E","TOTAL SUSPENDED SOLIDS","mg/L",10
"08/20/1980","S65E","TOTAL SUSPENDED SOLIDS","mg/L",-1
"09/03/1980","S65E","TOTAL SUSPENDED SOLIDS","mg/L",8
"09/17/1980","S65E","TOTAL SUSPENDED SOLIDS","mg/L",5
"10/01/1980","S65E","TOTAL SUSPENDED SOLIDS","mg/L",-1
"10/14/1980","S65E","TOTAL SUSPENDED SOLIDS","mg/L",-1
"10/29/1980","S65E","TOTAL SUSPENDED SOLIDS","mg/L",6
"11/12/1980","S65E","TOTAL SUSPENDED SOLIDS","mg/L",5
"12/02/1980","S65E","TOTAL SUSPENDED SOLIDS","mg/L",5.66666666666667
"12/31/1980","S65E","TOTAL SUSPENDED SOLIDS","mg/L",2
"01/14/1981","S65E","TOTAL SUSPENDED SOLIDS","mg/L",3
"01/27/1981","S65E","TOTAL SUSPENDED SOLIDS","mg/L",2
"02/11/1981","S65E","TOTAL SUSPENDED SOLIDS","mg/L",4
"02/24/1981","S65E","TOTAL SUSPENDED SOLIDS","mg/L",3
"03/11/1981","S65E","TOTAL SUSPENDED SOLIDS","mg/L",2
"03/24/1981","S65E","TOTAL SUSPENDED SOLIDS","mg/L",7
"04/08/1981","S65E","TOTAL SUSPENDED SOLIDS","mg/L",3
"04/21/1981","S65E","TOTAL SUSPENDED SOLIDS","mg/L",4
"05/06/1981","S65E","TOTAL SUSPENDED SOLIDS","mg/L",2
"05/19/1981","S65E","TOTAL SUSPENDED SOLIDS","mg/L",14
"06/02/1981","S65E","TOTAL SUSPENDED SOLIDS","mg/L",1
"06/17/1981","S65E","TOTAL SUSPENDED SOLIDS","mg/L",9
"06/30/1981","S65E","TOTAL SUSPENDED SOLIDS","mg/L",2
"07/16/1981","S65E","TOTAL SUSPENDED SOLIDS","mg/L",1
"07/28/1981","S65E","TOTAL SUSPENDED SOLIDS","mg/L",5
"08/12/1981","S65E","TOTAL SUSPENDED SOLIDS","mg/L",3
"08/25/1981","S65E","TOTAL SUSPENDED SOLIDS","mg/L",1
"09/10/1981","S65E","TOTAL SUSPENDED SOLIDS","mg/L",11
"09/23/1981","S65E","TOTAL SUSPENDED SOLIDS","mg/L",-1
"09/28/1981","S65E","TOTAL SUSPENDED SOLIDS","mg/L",1
"10/06/1981","S65E","TOTAL SUSPENDED SOLIDS","mg/L",4
"10/20/1981","S65E","TOTAL SUSPENDED SOLIDS","mg/L",7
"10/26/1981","S65E","TOTAL SUSPENDED SOLIDS","mg/L",-1
"11/04/1981","S65E","TOTAL SUSPENDED SOLIDS","mg/L",4
"11/23/1981","S65E","TOTAL SUSPENDED SOLIDS","mg/L",8.66666666666667
"12/02/1981","S65E","TOTAL SUSPENDED SOLIDS","mg/L",7
"12/21/1981","S65E","TOTAL SUSPENDED SOLIDS","mg/L",3
"12/29/1981","S65E","TOTAL SUSPENDED SOLIDS","mg/L",6
"01/18/1982","S65E","TOTAL SUSPENDED SOLIDS","mg/L",2
"02/16/1982","S65E","TOTAL SUSPENDED SOLIDS","mg/L",-1
"02/24/1982","S65E","TOTAL SUSPENDED SOLIDS","mg/L",6
"03/09/1982","S65E","TOTAL SUSPENDED SOLIDS","mg/L",6
"03/15/1982","S65E","TOTAL SUSPENDED SOLIDS","mg/L",12
"04/05/1982","S65E","TOTAL SUSPENDED SOLIDS","mg/L",4
"04/12/1982","S65E","TOTAL SUSPENDED SOLIDS","mg/L",6
"04/19/1982","S65E","TOTAL SUSPENDED SOLIDS","mg/L",5
"05/04/1982","S65E","TOTAL SUSPENDED SOLIDS","mg/L",6
"05/10/1982","S65E","TOTAL SUSPENDED SOLIDS","mg/L",3.66666666666667
"05/18/1982","S65E","TOTAL SUSPENDED SOLIDS","mg/L",2
"06/01/1982","S65E","TOTAL SUSPENDED SOLIDS","mg/L",4
"06/07/1982","S65E","TOTAL SUSPENDED SOLIDS","mg/L",4
"06/14/1982","S65E","TOTAL SUSPENDED SOLIDS","mg/L",3
"07/01/1982","S65E","TOTAL SUSPENDED SOLIDS","mg/L",4
"07/07/1982","S65E","TOTAL SUSPENDED SOLIDS","mg/L",9
"07/12/1982","S65E","TOTAL SUSPENDED SOLIDS","mg/L",7.1
"07/27/1982","S65E","TOTAL SUSPENDED SOLIDS","mg/L",7
"08/02/1982","S65E","TOTAL SUSPENDED SOLIDS","mg/L",9
"08/09/1982","S65E","TOTAL SUSPENDED SOLIDS","mg/L",7
"09/09/1982","S65E","TOTAL SUSPENDED SOLIDS","mg/L",12
"09/21/1982","S65E","TOTAL SUSPENDED SOLIDS","mg/L",2
"09/27/1982","S65E","TOTAL SUSPENDED SOLIDS","mg/L",5
"10/05/1982","S65E","TOTAL SUSPENDED SOLIDS","mg/L",2
"10/20/1982","S65E","TOTAL SUSPENDED SOLIDS","mg/L",1.33333333333333
"10/26/1982","S65E","TOTAL SUSPENDED SOLIDS","mg/L",3
"11/01/1982","S65E","TOTAL SUSPENDED SOLIDS","mg/L",5
"11/22/1982","S65E","TOTAL SUSPENDED SOLIDS","mg/L",3
"12/06/1982","S65E","TOTAL SUSPENDED SOLIDS","mg/L",4
"01/04/1983","S65E","TOTAL SUSPENDED SOLIDS","mg/L",4
"01/18/1983","S65E","TOTAL SUSPENDED SOLIDS","mg/L",4
"01/19/1983","S65E","TOTAL SUSPENDED SOLIDS","mg/L",3
"02/01/1983","S65E","TOTAL SUSPENDED SOLIDS","mg/L",4
"02/15/1983","S65E","TOTAL SUSPENDED SOLIDS","mg/L",26
"02/17/1983","S65E","TOTAL SUSPENDED SOLIDS","mg/L",11
"03/02/1983","S65E","TOTAL SUSPENDED SOLIDS","mg/L",8
"03/15/1983","S65E","TOTAL SUSPENDED SOLIDS","mg/L",12
"03/17/1983","S65E","TOTAL SUSPENDED SOLIDS","mg/L",7
"03/29/1983","S65E","TOTAL SUSPENDED SOLIDS","mg/L",8
"04/14/1983","S65E","TOTAL SUSPENDED SOLIDS","mg/L",12.6666666666667
"04/15/1983","S65E","TOTAL SUSPENDED SOLIDS","mg/L",10
"04/26/1983","S65E","TOTAL SUSPENDED SOLIDS","mg/L",14
"05/11/1983","S65E","TOTAL SUSPENDED SOLIDS","mg/L",12
"05/12/1983","S65E","TOTAL SUSPENDED SOLIDS","mg/L",-1
"05/24/1983","S65E","TOTAL SUSPENDED SOLIDS","mg/L",12
"06/07/1983","S65E","TOTAL SUSPENDED SOLIDS","mg/L",-1
"06/09/1983","S65E","TOTAL SUSPENDED SOLIDS","mg/L",4
"06/21/1983","S65E","TOTAL SUSPENDED SOLIDS","mg/L",2
"07/06/1983","S65E","TOTAL SUSPENDED SOLIDS","mg/L",5
"07/07/1983","S65E","TOTAL SUSPENDED SOLIDS","mg/L",1
"07/19/1983","S65E","TOTAL SUSPENDED SOLIDS","mg/L",6
"08/02/1983","S65E","TOTAL SUSPENDED SOLIDS","mg/L",9
"08/03/1983","S65E","TOTAL SUSPENDED SOLIDS","mg/L",10
"08/16/1983","S65E","TOTAL SUSPENDED SOLIDS","mg/L",13
"08/30/1983","S65E","TOTAL SUSPENDED SOLIDS","mg/L",15.2
"09/01/1983","S65E","TOTAL SUSPENDED SOLIDS","mg/L",40.4
"09/27/1983","S65E","TOTAL SUSPENDED SOLIDS","mg/L",5
"09/28/1983","S65E","TOTAL SUSPENDED SOLIDS","mg/L",2.33333333333333
"10/10/1983","S65E","TOTAL SUSPENDED SOLIDS","mg/L",-1
"10/25/1983","S65E","TOTAL SUSPENDED SOLIDS","mg/L",5
"10/28/1983","S65E","TOTAL SUSPENDED SOLIDS","mg/L",3
"11/08/1983","S65E","TOTAL SUSPENDED SOLIDS","mg/L",6
"11/16/1983","S65E","TOTAL SUSPENDED SOLIDS","mg/L",-1
"11/21/1983","S65E","TOTAL SUSPENDED SOLIDS","mg/L",4
"12/20/1983","S65E","TOTAL SUSPENDED SOLIDS","mg/L",7
"12/29/1983","S65E","TOTAL SUSPENDED SOLIDS","mg/L",6
"01/04/1984","S65E","TOTAL SUSPENDED SOLIDS","mg/L",13
"01/17/1984","S65E","TOTAL SUSPENDED SOLIDS","mg/L",8
"01/25/1984","S65E","TOTAL SUSPENDED SOLIDS","mg/L",2
"01/31/1984","S65E","TOTAL SUSPENDED SOLIDS","mg/L",9
"02/14/1984","S65E","TOTAL SUSPENDED SOLIDS","mg/L",12
"02/23/1984","S65E","TOTAL SUSPENDED SOLIDS","mg/L",5
"02/29/1984","S65E","TOTAL SUSPENDED SOLIDS","mg/L",7
"03/13/1984","S65E","TOTAL SUSPENDED SOLIDS","mg/L",4
"03/21/1984","S65E","TOTAL SUSPENDED SOLIDS","mg/L",4.33333333333333
"03/27/1984","S65E","TOTAL SUSPENDED SOLIDS","mg/L",4
"04/09/1984","S65E","TOTAL SUSPENDED SOLIDS","mg/L",9
"04/18/1984","S65E","TOTAL SUSPENDED SOLIDS","mg/L",7
"04/25/1984","S65E","TOTAL SUSPENDED SOLIDS","mg/L",11
"05/31/1984","S65E","TOTAL SUSPENDED SOLIDS","mg/L",21.2
"06/04/1984","S65E","TOTAL SUSPENDED SOLIDS","mg/L",9
"06/19/1984","S65E","TOTAL SUSPENDED SOLIDS","mg/L",7.7
"06/27/1984","S65E","TOTAL SUSPENDED SOLIDS","mg/L",1
"07/31/1984","S65E","TOTAL SUSPENDED SOLIDS","mg/L",-1
"08/13/1984","S65E","TOTAL SUSPENDED SOLIDS","mg/L",7
"08/22/1984","S65E","TOTAL SUSPENDED SOLIDS","mg/L",5
"08/27/1984","S65E","TOTAL SUSPENDED SOLIDS","mg/L",3
"09/10/1984","S65E","TOTAL SUSPENDED SOLIDS","mg/L",3
"09/21/1984","S65E","TOTAL SUSPENDED SOLIDS","mg/L",1
"10/09/1984","S65E","TOTAL SUSPENDED SOLIDS","mg/L",2
"10/23/1984","S65E","TOTAL SUSPENDED SOLIDS","mg/L",-1
"10/30/1984","S65E","TOTAL SUSPENDED SOLIDS","mg/L",-0.333333333333333
"11/06/1984","S65E","TOTAL SUSPENDED SOLIDS","mg/L",-1
"11/14/1984","S65E","TOTAL SUSPENDED SOLIDS","mg/L",4
"12/04/1984","S65E","TOTAL SUSPENDED SOLIDS","mg/L",3
"12/18/1984","S65E","TOTAL SUSPENDED SOLIDS","mg/L",-1
"12/27/1984","S65E","TOTAL SUSPENDED SOLIDS","mg/L",-1
"01/15/1985","S65E","TOTAL SUSPENDED SOLIDS","mg/L",12
"01/24/1985","S65E","TOTAL SUSPENDED SOLIDS","mg/L",10
"02/20/1985","S65E","TOTAL SUSPENDED SOLIDS","mg/L",2
"02/26/1985","S65E","TOTAL SUSPENDED SOLIDS","mg/L",5
"03/20/1985","S65E","TOTAL SUSPENDED SOLIDS","mg/L",1
"03/26/1985","S65E","TOTAL SUSPENDED SOLIDS","mg/L",1
"04/17/1985","S65E","TOTAL SUSPENDED SOLIDS","mg/L",4.66666666666667
"04/23/1985","S65E","TOTAL SUSPENDED SOLIDS","mg/L",5
"05/06/1985","S65E","TOTAL SUSPENDED SOLIDS","mg/L",3
"05/16/1985","S65E","TOTAL SUSPENDED SOLIDS","mg/L",7
"05/20/1985","S65E","TOTAL SUSPENDED SOLIDS","mg/L",2
"06/19/1985","S65E","TOTAL SUSPENDED SOLIDS","mg/L",3
"06/26/1985","S65E","TOTAL SUSPENDED SOLIDS","mg/L",3
"07/02/1985","S65E","TOTAL SUSPENDED SOLIDS","mg/L",10
"07/23/1985","S65E","TOTAL SUSPENDED SOLIDS","mg/L",13
"07/30/1985","S65E","TOTAL SUSPENDED SOLIDS","mg/L",4
"08/21/1985","S65E","TOTAL SUSPENDED SOLIDS","mg/L",-1
"08/27/1985","S65E","TOTAL SUSPENDED SOLIDS","mg/L",-1
"09/09/1985","S65E","TOTAL SUSPENDED SOLIDS","mg/L",2
"09/19/1985","S65E","TOTAL SUSPENDED SOLIDS","mg/L",1
"09/24/1985","S65E","TOTAL SUSPENDED SOLIDS","mg/L",-1
"10/08/1985","S65E","TOTAL SUSPENDED SOLIDS","mg/L",10
"10/17/1985","S65E","TOTAL SUSPENDED SOLIDS","mg/L",-1
"10/22/1985","S65E","TOTAL SUSPENDED SOLIDS","mg/L",-1
"11/05/1985","S65E","TOTAL SUSPENDED SOLIDS","mg/L",-1
"11/14/1985","S65E","TOTAL SUSPENDED SOLIDS","mg/L",-1
"12/03/1985","S65E","TOTAL SUSPENDED SOLIDS","mg/L",1
"12/12/1985","S65E","TOTAL SUSPENDED SOLIDS","mg/L",1
"01/14/1986","S65E","TOTAL SUSPENDED SOLIDS","mg/L",2
"01/16/1986","S65E","TOTAL SUSPENDED SOLIDS","mg/L",-1
"01/28/1986","S65E","TOTAL SUSPENDED SOLIDS","mg/L",2
"02/12/1986","S65E","TOTAL SUSPENDED SOLIDS","mg/L",3
"02/18/1986","S65E","TOTAL SUSPENDED SOLIDS","mg/L",10
"02/25/1986","S65E","TOTAL SUSPENDED SOLIDS","mg/L",6
"03/18/1986","S65E","TOTAL SUSPENDED SOLIDS","mg/L",-1
"03/25/1986","S65E","TOTAL SUSPENDED SOLIDS","mg/L",3
"04/08/1986","S65E","TOTAL SUSPENDED SOLIDS","mg/L",5
"04/15/1986","S65E","TOTAL SUSPENDED SOLIDS","mg/L",3
"04/22/1986","S65E","TOTAL SUSPENDED SOLIDS","mg/L",1
"05/06/1986","S65E","TOTAL SUSPENDED SOLIDS","mg/L",1
"05/14/1986","S65E","TOTAL SUSPENDED SOLIDS","mg/L",2
"05/20/1986","S65E","TOTAL SUSPENDED SOLIDS","mg/L",2
"06/04/1986","S65E","TOTAL SUSPENDED SOLIDS","mg/L",2
"06/19/1986","S65E","TOTAL SUSPENDED SOLIDS","mg/L",1
"07/01/1986","S65E","TOTAL SUSPENDED SOLIDS","mg/L",8
"07/15/1986","S65E","TOTAL SUSPENDED SOLIDS","mg/L",3
"07/17/1986","S65E","TOTAL SUSPENDED SOLIDS","mg/L",-1
"07/29/1986","S65E","TOTAL SUSPENDED SOLIDS","mg/L",12
"08/14/1986","S65E","TOTAL SUSPENDED SOLIDS","mg/L",-1
"08/26/1986","S65E","TOTAL SUSPENDED SOLIDS","mg/L",3
"09/09/1986","S65E","TOTAL SUSPENDED SOLIDS","mg/L",3
"09/10/1986","S65E","TOTAL SUSPENDED SOLIDS","mg/L",3
"09/23/1986","S65E","TOTAL SUSPENDED SOLIDS","mg/L",-1
"10/07/1986","S65E","TOTAL SUSPENDED SOLIDS","mg/L",1
"10/09/1986","S65E","TOTAL SUSPENDED SOLIDS","mg/L",-1
"10/21/1986","S65E","TOTAL SUSPENDED SOLIDS","mg/L",2
"11/04/1986","S65E","TOTAL SUSPENDED SOLIDS","mg/L",-1
"11/06/1986","S65E","TOTAL SUSPENDED SOLIDS","mg/L",2
"11/18/1986","S65E","TOTAL SUSPENDED SOLIDS","mg/L",1
"12/03/1986","S65E","TOTAL SUSPENDED SOLIDS","mg/L",-1
"12/04/1986","S65E","TOTAL SUSPENDED SOLIDS","mg/L",-1
"12/18/1986","S65E","TOTAL SUSPENDED SOLIDS","mg/L",2
"01/07/1987","S65E","TOTAL SUSPENDED SOLIDS","mg/L",-1
"01/08/1987","S65E","TOTAL SUSPENDED SOLIDS","mg/L",1
"01/15/1987","S65E","TOTAL SUSPENDED SOLIDS","mg/L",4
"01/22/1987","S65E","TOTAL SUSPENDED SOLIDS","mg/L",7
"01/29/1987","S65E","TOTAL SUSPENDED SOLIDS","mg/L",2
"02/03/1987","S65E","TOTAL SUSPENDED SOLIDS","mg/L",4
"02/05/1987","S65E","TOTAL SUSPENDED SOLIDS","mg/L",4
"02/12/1987","S65E","TOTAL SUSPENDED SOLIDS","mg/L",6
"02/18/1987","S65E","TOTAL SUSPENDED SOLIDS","mg/L",11
"02/19/1987","S65E","TOTAL SUSPENDED SOLIDS","mg/L",6
"02/26/1987","S65E","TOTAL SUSPENDED SOLIDS","mg/L",5
"03/03/1987","S65E","TOTAL SUSPENDED SOLIDS","mg/L",4
"03/05/1987","S65E","TOTAL SUSPENDED SOLIDS","mg/L",4
"03/12/1987","S65E","TOTAL SUSPENDED SOLIDS","mg/L",5
"03/17/1987","S65E","TOTAL SUSPENDED SOLIDS","mg/L",4
"03/19/1987","S65E","TOTAL SUSPENDED SOLIDS","mg/L",6
"03/26/1987","S65E","TOTAL SUSPENDED SOLIDS","mg/L",2
"03/31/1987","S65E","TOTAL SUSPENDED SOLIDS","mg/L",7
"04/14/1987","S65E","TOTAL SUSPENDED SOLIDS","mg/L",5
"04/22/1987","S65E","TOTAL SUSPENDED SOLIDS","mg/L",3
"04/28/1987","S65E","TOTAL SUSPENDED SOLIDS","mg/L",5
"05/11/1987","S65E","TOTAL SUSPENDED SOLIDS","mg/L",1
"05/13/1987","S65E","TOTAL SUSPENDED SOLIDS","mg/L",1
"05/20/1987","S65E","TOTAL SUSPENDED SOLIDS","mg/L",-1
"05/26/1987","S65E","TOTAL SUSPENDED SOLIDS","mg/L",-1
"06/01/1987","S65E","TOTAL SUSPENDED SOLIDS","mg/L",1
"06/17/1987","S65E","TOTAL SUSPENDED SOLIDS","mg/L",1
"06/24/1987","S65E","TOTAL SUSPENDED SOLIDS","mg/L",-1
"07/01/1987","S65E","TOTAL SUSPENDED SOLIDS","mg/L",3
"07/08/1987","S65E","TOTAL SUSPENDED SOLIDS","mg/L",1
"07/16/1987","S65E","TOTAL SUSPENDED SOLIDS","mg/L",3
"07/21/1987","S65E","TOTAL SUSPENDED SOLIDS","mg/L",1
"07/30/1987","S65E","TOTAL SUSPENDED SOLIDS","mg/L",5
"08/04/1987","S65E","TOTAL SUSPENDED SOLIDS","mg/L",-1
"08/12/1987","S65E","TOTAL SUSPENDED SOLIDS","mg/L",7
"08/18/1987","S65E","TOTAL SUSPENDED SOLIDS","mg/L",1
"08/28/1987","S65E","TOTAL SUSPENDED SOLIDS","mg/L",-1
"09/09/1987","S65E","TOTAL SUSPENDED SOLIDS","mg/L",1
"09/24/1987","S65E","TOTAL SUSPENDED SOLIDS","mg/L",-1
"09/29/1987","S65E","TOTAL SUSPENDED SOLIDS","mg/L",2
"10/07/1987","S65E","TOTAL SUSPENDED SOLIDS","mg/L",-1
"10/13/1987","S65E","TOTAL SUSPENDED SOLIDS","mg/L",3
"10/21/1987","S65E","TOTAL SUSPENDED SOLIDS","mg/L",2
"10/28/1987","S65E","TOTAL SUSPENDED SOLIDS","mg/L",-1
"11/04/1987","S65E","TOTAL SUSPENDED SOLIDS","mg/L",-1
"11/10/1987","S65E","TOTAL SUSPENDED SOLIDS","mg/L",-1
"11/18/1987","S65E","TOTAL SUSPENDED SOLIDS","mg/L",7
"11/24/1987","S65E","TOTAL SUSPENDED SOLIDS","mg/L",3
"12/03/1987","S65E","TOTAL SUSPENDED SOLIDS","mg/L",2
"12/08/1987","S65E","TOTAL SUSPENDED SOLIDS","mg/L",-1
"12/17/1987","S65E","TOTAL SUSPENDED SOLIDS","mg/L",5
"12/22/1987","S65E","TOTAL SUSPENDED SOLIDS","mg/L",4
"01/05/1988","S65E","TOTAL SUSPENDED SOLIDS","mg/L",2
"01/06/1988","S65E","TOTAL SUSPENDED SOLIDS","mg/L",5
"01/19/1988","S65E","TOTAL SUSPENDED SOLIDS","mg/L",3
"01/21/1988","S65E","TOTAL SUSPENDED SOLIDS","mg/L",3
"02/02/1988","S65E","TOTAL SUSPENDED SOLIDS","mg/L",-1
"02/04/1988","S65E","TOTAL SUSPENDED SOLIDS","mg/L",2
"02/16/1988","S65E","TOTAL SUSPENDED SOLIDS","mg/L",-1
"02/18/1988","S65E","TOTAL SUSPENDED SOLIDS","mg/L",-1
"02/25/1988","S65E","TOTAL SUSPENDED SOLIDS","mg/L",10
"03/01/1988","S65E","TOTAL SUSPENDED SOLIDS","mg/L",-1
"03/03/1988","S65E","TOTAL SUSPENDED SOLIDS","mg/L",1
"03/14/1988","S65E","TOTAL SUSPENDED SOLIDS","mg/L",4
"03/15/1988","S65E","TOTAL SUSPENDED SOLIDS","mg/L",5
"03/29/1988","S65E","TOTAL SUSPENDED SOLIDS","mg/L",0
"04/11/1988","S65E","TOTAL SUSPENDED SOLIDS","mg/L",-1
"04/12/1988","S65E","TOTAL SUSPENDED SOLIDS","mg/L",2
"04/25/1988","S65E","TOTAL SUSPENDED SOLIDS","mg/L",-1
"04/26/1988","S65E","TOTAL SUSPENDED SOLIDS","mg/L",-1
"05/09/1988","S65E","TOTAL SUSPENDED SOLIDS","mg/L",2
"05/10/1988","S65E","TOTAL SUSPENDED SOLIDS","mg/L",1
"05/23/1988","S65E","TOTAL SUSPENDED SOLIDS","mg/L",1
"05/24/1988","S65E","TOTAL SUSPENDED SOLIDS","mg/L",8
"06/07/1988","S65E","TOTAL SUSPENDED SOLIDS","mg/L",-1
"06/20/1988","S65E","TOTAL SUSPENDED SOLIDS","mg/L",-1
"06/21/1988","S65E","TOTAL SUSPENDED SOLIDS","mg/L",4
"07/05/1988","S65E","TOTAL SUSPENDED SOLIDS","mg/L",2
"07/18/1988","S65E","TOTAL SUSPENDED SOLIDS","mg/L",-1
"07/19/1988","S65E","TOTAL SUSPENDED SOLIDS","mg/L",3
"08/02/1988","S65E","TOTAL SUSPENDED SOLIDS","mg/L",-1
"08/03/1988","S65E","TOTAL SUSPENDED SOLIDS","mg/L",2
"08/15/1988","S65E","TOTAL SUSPENDED SOLIDS","mg/L",2
"08/16/1988","S65E","TOTAL SUSPENDED SOLIDS","mg/L",1
"08/29/1988","S65E","TOTAL SUSPENDED SOLIDS","mg/L",-1
"09/12/1988","S65E","TOTAL SUSPENDED SOLIDS","mg/L",-1
"09/13/1988","S65E","TOTAL SUSPENDED SOLIDS","mg/L",3
"09/26/1988","S65E","TOTAL SUSPENDED SOLIDS","mg/L",2
"09/27/1988","S65E","TOTAL SUSPENDED SOLIDS","mg/L",1
"10/10/1988","S65E","TOTAL SUSPENDED SOLIDS","mg/L",2
"10/11/1988","S65E","TOTAL SUSPENDED SOLIDS","mg/L",1
"10/25/1988","S65E","TOTAL SUSPENDED SOLIDS","mg/L",0
"11/07/1988","S65E","TOTAL SUSPENDED SOLIDS","mg/L",3
"11/21/1988","S65E","TOTAL SUSPENDED SOLIDS","mg/L",4
"11/22/1988","S65E","TOTAL SUSPENDED SOLIDS","mg/L",1
"12/05/1988","S65E","TOTAL SUSPENDED SOLIDS","mg/L",1
"12/19/1988","S65E","TOTAL SUSPENDED SOLIDS","mg/L",1
"01/03/1989","S65E","TOTAL SUSPENDED SOLIDS","mg/L",2
"01/17/1989","S65E","TOTAL SUSPENDED SOLIDS","mg/L",-1
"01/30/1989","S65E","TOTAL SUSPENDED SOLIDS","mg/L",1
"01/31/1989","S65E","TOTAL SUSPENDED SOLIDS","mg/L",-1
"02/13/1989","S65E","TOTAL SUSPENDED SOLIDS","mg/L",2
"02/14/1989","S65E","TOTAL SUSPENDED SOLIDS","mg/L",-1
"02/27/1989","S65E","TOTAL SUSPENDED SOLIDS","mg/L",3
"02/28/1989","S65E","TOTAL SUSPENDED SOLIDS","mg/L",5
"03/13/1989","S65E","TOTAL SUSPENDED SOLIDS","mg/L",3
"03/15/1989","S65E","TOTAL SUSPENDED SOLIDS","mg/L",3
"03/27/1989","S65E","TOTAL SUSPENDED SOLIDS","mg/L",2
"03/28/1989","S65E","TOTAL SUSPENDED SOLIDS","mg/L",3
"04/10/1989","S65E","TOTAL SUSPENDED SOLIDS","mg/L",3
"04/11/1989","S65E","TOTAL SUSPENDED SOLIDS","mg/L",1
"04/24/1989","S65E","TOTAL SUSPENDED SOLIDS","mg/L",3
"04/26/1989","S65E","TOTAL SUSPENDED SOLIDS","mg/L",3
"05/08/1989","S65E","TOTAL SUSPENDED SOLIDS","mg/L",3
"05/22/1989","S65E","TOTAL SUSPENDED SOLIDS","mg/L",1
"05/24/1989","S65E","TOTAL SUSPENDED SOLIDS","mg/L",4
"06/05/1989","S65E","TOTAL SUSPENDED SOLIDS","mg/L",3
"06/19/1989","S65E","TOTAL SUSPENDED SOLIDS","mg/L",3
"06/21/1989","S65E","TOTAL SUSPENDED SOLIDS","mg/L",4
"07/03/1989","S65E","TOTAL SUSPENDED SOLIDS","mg/L",2
"07/17/1989","S65E","TOTAL SUSPENDED SOLIDS","mg/L",2
"07/19/1989","S65E","TOTAL SUSPENDED SOLIDS","mg/L",4
"07/31/1989","S65E","TOTAL SUSPENDED SOLIDS","mg/L",3
"08/02/1989","S65E","TOTAL SUSPENDED SOLIDS","mg/L",2
"08/14/1989","S65E","TOTAL SUSPENDED SOLIDS","mg/L",2
"08/15/1989","S65E","TOTAL SUSPENDED SOLIDS","mg/L",4
"08/28/1989","S65E","TOTAL SUSPENDED SOLIDS","mg/L",3
"08/29/1989","S65E","TOTAL SUSPENDED SOLIDS","mg/L",2
"09/12/1989","S65E","TOTAL SUSPENDED SOLIDS","mg/L",1
"09/13/1989","S65E","TOTAL SUSPENDED SOLIDS","mg/L",-1
"09/25/1989","S65E","TOTAL SUSPENDED SOLIDS","mg/L",-1
"09/27/1989","S65E","TOTAL SUSPENDED SOLIDS","mg/L",1
"10/09/1989","S65E","TOTAL SUSPENDED SOLIDS","mg/L",-1
"10/11/1989","S65E","TOTAL SUSPENDED SOLIDS","mg/L",2
"10/23/1989","S65E","TOTAL SUSPENDED SOLIDS","mg/L",-1
"10/24/1989","S65E","TOTAL SUSPENDED SOLIDS","mg/L",-1
"11/06/1989","S65E","TOTAL SUSPENDED SOLIDS","mg/L",1
"11/08/1989","S65E","TOTAL SUSPENDED SOLIDS","mg/L",3
"11/20/1989","S65E","TOTAL SUSPENDED SOLIDS","mg/L",3
"12/04/1989","S65E","TOTAL SUSPENDED SOLIDS","mg/L",1
"12/18/1989","S65E","TOTAL SUSPENDED SOLIDS","mg/L",39.5
"01/02/1990","S65E","TOTAL SUSPENDED SOLIDS","mg/L",-1
"01/03/1990","S65E","TOTAL SUSPENDED SOLIDS","mg/L",2
"01/09/1990","S65E","TOTAL SUSPENDED SOLIDS","mg/L",5
"01/16/1990","S65E","TOTAL SUSPENDED SOLIDS","mg/L",2.5
"01/23/1990","S65E","TOTAL SUSPENDED SOLIDS","mg/L",7
"01/30/1990","S65E","TOTAL SUSPENDED SOLIDS","mg/L",3
"02/06/1990","S65E","TOTAL SUSPENDED SOLIDS","mg/L",3
"02/13/1990","S65E","TOTAL SUSPENDED SOLIDS","mg/L",7
"02/20/1990","S65E","TOTAL SUSPENDED SOLIDS","mg/L",-1
"02/27/1990","S65E","TOTAL SUSPENDED SOLIDS","mg/L",9
"02/28/1990","S65E","TOTAL SUSPENDED SOLIDS","mg/L",6
"03/16/1990","S65E","TOTAL SUSPENDED SOLIDS","mg/L",8
"03/26/1990","S65E","TOTAL SUSPENDED SOLIDS","mg/L",2
"03/27/1990","S65E","TOTAL SUSPENDED SOLIDS","mg/L",-1
"04/11/1990","S65E","TOTAL SUSPENDED SOLIDS","mg/L",-1
"04/23/1990","S65E","TOTAL SUSPENDED SOLIDS","mg/L",2
"05/07/1990","S65E","TOTAL SUSPENDED SOLIDS","mg/L",3
"05/21/1990","S65E","TOTAL SUSPENDED SOLIDS","mg/L",4
"06/05/1990","S65E","TOTAL SUSPENDED SOLIDS","mg/L",1
"06/18/1990","S65E","TOTAL SUSPENDED SOLIDS","mg/L",1
"07/02/1990","S65E","TOTAL SUSPENDED SOLIDS","mg/L",-1
"07/03/1990","S65E","TOTAL SUSPENDED SOLIDS","mg/L",2
"07/16/1990","S65E","TOTAL SUSPENDED SOLIDS","mg/L",3
"07/30/1990","S65E","TOTAL SUSPENDED SOLIDS","mg/L",2
"08/13/1990","S65E","TOTAL SUSPENDED SOLIDS","mg/L",-1
"08/27/1990","S65E","TOTAL SUSPENDED SOLIDS","mg/L",1
"09/10/1990","S65E","TOTAL SUSPENDED SOLIDS","mg/L",5
"10/08/1990","S65E","TOTAL SUSPENDED SOLIDS","mg/L",2
"10/22/1990","S65E","TOTAL SUSPENDED SOLIDS","mg/L",9
"11/05/1990","S65E","TOTAL SUSPENDED SOLIDS","mg/L",5
"11/20/1990","S65E","TOTAL SUSPENDED SOLIDS","mg/L",-1
"12/03/1990","S65E","TOTAL SUSPENDED SOLIDS","mg/L",5
"12/17/1990","S65E","TOTAL SUSPENDED SOLIDS","mg/L",-1
"12/31/1990","S65E","TOTAL SUSPENDED SOLIDS","mg/L",4
"01/14/1991","S65E","TOTAL SUSPENDED SOLIDS","mg/L",8
"01/28/1991","S65E","TOTAL SUSPENDED SOLIDS","mg/L",10
"02/11/1991","S65E","TOTAL SUSPENDED SOLIDS","mg/L",3
"02/26/1991","S65E","TOTAL SUSPENDED SOLIDS","mg/L",7
"03/11/1991","S65E","TOTAL SUSPENDED SOLIDS","mg/L",6
"03/25/1991","S65E","TOTAL SUSPENDED SOLIDS","mg/L",11
"04/08/1991","S65E","TOTAL SUSPENDED SOLIDS","mg/L",15
"04/22/1991","S65E","TOTAL SUSPENDED SOLIDS","mg/L",15
"05/06/1991","S65E","TOTAL SUSPENDED SOLIDS","mg/L",1
"05/20/1991","S65E","TOTAL SUSPENDED SOLIDS","mg/L",8
"06/03/1991","S65E","TOTAL SUSPENDED SOLIDS","mg/L",-1
"06/18/1991","S65E","TOTAL SUSPENDED SOLIDS","mg/L",1
"07/01/1991","S65E","TOTAL SUSPENDED SOLIDS","mg/L",3
"07/15/1991","S65E","TOTAL SUSPENDED SOLIDS","mg/L",2
"07/29/1991","S65E","TOTAL SUSPENDED SOLIDS","mg/L",3
"08/12/1991","S65E","TOTAL SUSPENDED SOLIDS","mg/L",2
"08/26/1991","S65E","TOTAL SUSPENDED SOLIDS","mg/L",4
"08/28/1991","S65E","TOTAL SUSPENDED SOLIDS","mg/L",3
"09/09/1991","S65E","TOTAL SUSPENDED SOLIDS","mg/L",6
"09/23/1991","S65E","TOTAL SUSPENDED SOLIDS","mg/L",-1
"10/07/1991","S65E","TOTAL SUSPENDED SOLIDS","mg/L",6
"10/21/1991","S65E","TOTAL SUSPENDED SOLIDS","mg/L",1
"11/04/1991","S65E","TOTAL SUSPENDED SOLIDS","mg/L",4
"11/20/1991","S65E","TOTAL SUSPENDED SOLIDS","mg/L",-1
"12/02/1991","S65E","TOTAL SUSPENDED SOLIDS","mg/L",-1
"12/16/1991","S65E","TOTAL SUSPENDED SOLIDS","mg/L",-1
"12/30/1991","S65E","TOTAL SUSPENDED SOLIDS","mg/L",4
"01/13/1992","S65E","TOTAL SUSPENDED SOLIDS","mg/L",1
"01/27/1992","S65E","TOTAL SUSPENDED SOLIDS","mg/L",-1
"02/11/1992","S65E","TOTAL SUSPENDED SOLIDS","mg/L",-1
"02/27/1992","S65E","TOTAL SUSPENDED SOLIDS","mg/L",3
"03/11/1992","S65E","TOTAL SUSPENDED SOLIDS","mg/L",7
"03/26/1992","S65E","TOTAL SUSPENDED SOLIDS","mg/L",2
"04/07/1992","S65E","TOTAL SUSPENDED SOLIDS","mg/L",2
"04/21/1992","S65E","TOTAL SUSPENDED SOLIDS","mg/L",3
"05/05/1992","S65E","TOTAL SUSPENDED SOLIDS","mg/L",5
"05/19/1992","S65E","TOTAL SUSPENDED SOLIDS","mg/L",2
"06/02/1992","S65E","TOTAL SUSPENDED SOLIDS","mg/L",2
"06/16/1992","S65E","TOTAL SUSPENDED SOLIDS","mg/L",-1
"06/30/1992","S65E","TOTAL SUSPENDED SOLIDS","mg/L",1
"07/08/1992","S65E","TOTAL SUSPENDED SOLIDS","mg/L",-1
"07/14/1992","S65E","TOTAL SUSPENDED SOLIDS","mg/L",-1
"07/28/1992","S65E","TOTAL SUSPENDED SOLIDS","mg/L",1
"08/11/1992","S65E","TOTAL SUSPENDED SOLIDS","mg/L",-1
"08/26/1992","S65E","TOTAL SUSPENDED SOLIDS","mg/L",-1
"09/10/1992","S65E","TOTAL SUSPENDED SOLIDS","mg/L",4
"09/22/1992","S65E","TOTAL SUSPENDED SOLIDS","mg/L",-1
"10/06/1992","S65E","TOTAL SUSPENDED SOLIDS","mg/L",3
"10/20/1992","S65E","TOTAL SUSPENDED SOLIDS","mg/L",-1
"11/03/1992","S65E","TOTAL SUSPENDED SOLIDS","mg/L",-1
"11/17/1992","S65E","TOTAL SUSPENDED SOLIDS","mg/L",-1
"11/18/1992","S65E","TOTAL SUSPENDED SOLIDS","mg/L",1
"12/02/1992","S65E","TOTAL SUSPENDED SOLIDS","mg/L",-1
"12/15/1992","S65E","TOTAL SUSPENDED SOLIDS","mg/L",1
"12/30/1992","S65E","TOTAL SUSPENDED SOLIDS","mg/L",1
"01/11/1993","S65E","TOTAL SUSPENDED SOLIDS","mg/L",-1
"01/27/1993","S65E","TOTAL SUSPENDED SOLIDS","mg/L",5
"02/08/1993","S65E","TOTAL SUSPENDED SOLIDS","mg/L",-1
"02/23/1993","S65E","TOTAL SUSPENDED SOLIDS","mg/L",2
"03/08/1993","S65E","TOTAL SUSPENDED SOLIDS","mg/L",0.5
"03/23/1993","S65E","TOTAL SUSPENDED SOLIDS","mg/L",3.25
"04/20/1993","S65E","TOTAL SUSPENDED SOLIDS","mg/L",1
"05/04/1993","S65E","TOTAL SUSPENDED SOLIDS","mg/L",4
"05/18/1993","S65E","TOTAL SUSPENDED SOLIDS","mg/L",1
"05/20/1993","S65E","TOTAL SUSPENDED SOLIDS","mg/L",1
"06/01/1993","S65E","TOTAL SUSPENDED SOLIDS","mg/L",-1
"06/15/1993","S65E","TOTAL SUSPENDED SOLIDS","mg/L",-1
"06/26/1993","S65E","TOTAL SUSPENDED SOLIDS","mg/L",-3
"06/29/1993","S65E","TOTAL SUSPENDED SOLIDS","mg/L",-3
"07/13/1993","S65E","TOTAL SUSPENDED SOLIDS","mg/L",-3
"07/27/1993","S65E","TOTAL SUSPENDED SOLIDS","mg/L",-3
"08/10/1993","S65E","TOTAL SUSPENDED SOLIDS","mg/L",-3
"08/24/1993","S65E","TOTAL SUSPENDED SOLIDS","mg/L",4
"09/07/1993","S65E","TOTAL SUSPENDED SOLIDS","mg/L",-3
"09/21/1993","S65E","TOTAL SUSPENDED SOLIDS","mg/L",-3
"10/05/1993","S65E","TOTAL SUSPENDED SOLIDS","mg/L",-3
"10/19/1993","S65E","TOTAL SUSPENDED SOLIDS","mg/L",-3
"11/02/1993","S65E","TOTAL SUSPENDED SOLIDS","mg/L",-3
"11/16/1993","S65E","TOTAL SUSPENDED SOLIDS","mg/L",-3
"12/01/1993","S65E","TOTAL SUSPENDED SOLIDS","mg/L",-3
"12/14/1993","S65E","TOTAL SUSPENDED SOLIDS","mg/L",-3
"12/28/1993","S65E","TOTAL SUSPENDED SOLIDS","mg/L",-3
"01/11/1994","S65E","TOTAL SUSPENDED SOLIDS","mg/L",-3
"01/19/1994","S65E","TOTAL SUSPENDED SOLIDS","mg/L",-3
"01/25/1994","S65E","TOTAL SUSPENDED SOLIDS","mg/L",-3
"02/08/1994","S65E","TOTAL SUSPENDED SOLIDS","mg/L",-3
"02/15/1994","S65E","TOTAL SUSPENDED SOLIDS","mg/L",-3
"02/22/1994","S65E","TOTAL SUSPENDED SOLIDS","mg/L",-3
"03/08/1994","S65E","TOTAL SUSPENDED SOLIDS","mg/L",-3
"03/15/1994","S65E","TOTAL SUSPENDED SOLIDS","mg/L",-3
"03/22/1994","S65E","TOTAL SUSPENDED SOLIDS","mg/L",-3
"04/05/1994","S65E","TOTAL SUSPENDED SOLIDS","mg/L",-3
"04/12/1994","S65E","TOTAL SUSPENDED SOLIDS","mg/L",3
"04/19/1994","S65E","TOTAL SUSPENDED SOLIDS","mg/L",3
"05/03/1994","S65E","TOTAL SUSPENDED SOLIDS","mg/L",-3
"05/17/1994","S65E","TOTAL SUSPENDED SOLIDS","mg/L",-0.4
"05/31/1994","S65E","TOTAL SUSPENDED SOLIDS","mg/L",3
"06/14/1994","S65E","TOTAL SUSPENDED SOLIDS","mg/L",0.5
"06/28/1994","S65E","TOTAL SUSPENDED SOLIDS","mg/L",-3
"07/12/1994","S65E","TOTAL SUSPENDED SOLIDS","mg/L",-3
"07/19/1994","S65E","TOTAL SUSPENDED SOLIDS","mg/L",-3
"07/26/1994","S65E","TOTAL SUSPENDED SOLIDS","mg/L",-3
"08/03/1994","S65E","TOTAL SUSPENDED SOLIDS","mg/L",-3
"08/09/1994","S65E","TOTAL SUSPENDED SOLIDS","mg/L",-3
"08/23/1994","S65E","TOTAL SUSPENDED SOLIDS","mg/L",-3
"09/06/1994","S65E","TOTAL SUSPENDED SOLIDS","mg/L",4
"09/20/1994","S65E","TOTAL SUSPENDED SOLIDS","mg/L",3
"10/04/1994","S65E","TOTAL SUSPENDED SOLIDS","mg/L",5
"10/18/1994","S65E","TOTAL SUSPENDED SOLIDS","mg/L",-3
"11/01/1994","S65E","TOTAL SUSPENDED SOLIDS","mg/L",-3
"11/15/1994","S65E","TOTAL SUSPENDED SOLIDS","mg/L",-3
"11/29/1994","S65E","TOTAL SUSPENDED SOLIDS","mg/L",5
"12/13/1994","S65E","TOTAL SUSPENDED SOLIDS","mg/L",-3
"12/27/1994","S65E","TOTAL SUSPENDED SOLIDS","mg/L",-3
"01/10/1995","S65E","TOTAL SUSPENDED SOLIDS","mg/L",-3
"01/24/1995","S65E","TOTAL SUSPENDED SOLIDS","mg/L",-3
"02/21/1995","S65E","TOTAL SUSPENDED SOLIDS","mg/L",-3
"03/07/1995","S65E","TOTAL SUSPENDED SOLIDS","mg/L",-3
"03/21/1995","S65E","TOTAL SUSPENDED SOLIDS","mg/L",-3
"04/04/1995","S65E","TOTAL SUSPENDED SOLIDS","mg/L",-3
"04/18/1995","S65E","TOTAL SUSPENDED SOLIDS","mg/L",-3
"05/02/1995","S65E","TOTAL SUSPENDED SOLIDS","mg/L",-3
"05/16/1995","S65E","TOTAL SUSPENDED SOLIDS","mg/L",-3
"05/30/1995","S65E","TOTAL SUSPENDED SOLIDS","mg/L",-3
"06/13/1995","S65E","TOTAL SUSPENDED SOLIDS","mg/L",3
"06/27/1995","S65E","TOTAL SUSPENDED SOLIDS","mg/L",-3
"07/11/1995","S65E","TOTAL SUSPENDED SOLIDS","mg/L",3
"07/25/1995","S65E","TOTAL SUSPENDED SOLIDS","mg/L",-3
"08/08/1995","S65E","TOTAL SUSPENDED SOLIDS","mg/L",9
"08/22/1995","S65E","TOTAL SUSPENDED SOLIDS","mg/L",5
"09/05/1995","S65E","TOTAL SUSPENDED SOLIDS","mg/L",8
"09/19/1995","S65E","TOTAL SUSPENDED SOLIDS","mg/L",-3
"10/03/1995","S65E","TOTAL SUSPENDED SOLIDS","mg/L",-3
"10/17/1995","S65E","TOTAL SUSPENDED SOLIDS","mg/L",-3
"10/31/1995","S65E","TOTAL SUSPENDED SOLIDS","mg/L",-3
"11/14/1995","S65E","TOTAL SUSPENDED SOLIDS","mg/L",-3
"11/28/1995","S65E","TOTAL SUSPENDED SOLIDS","mg/L",-3
"12/12/1995","S65E","TOTAL SUSPENDED SOLIDS","mg/L",-3
"12/26/1995","S65E","TOTAL SUSPENDED SOLIDS","mg/L",-3
"01/09/1996","S65E","TOTAL SUSPENDED SOLIDS","mg/L",-3
"01/23/1996","S65E","TOTAL SUSPENDED SOLIDS","mg/L",6
"02/06/1996","S65E","TOTAL SUSPENDED SOLIDS","mg/L",3
"02/20/1996","S65E","TOTAL SUSPENDED SOLIDS","mg/L",3.75
"03/05/1996","S65E","TOTAL SUSPENDED SOLIDS","mg/L",-1.5
"03/19/1996","S65E","TOTAL SUSPENDED SOLIDS","mg/L",-0.75
"04/02/1996","S65E","TOTAL SUSPENDED SOLIDS","mg/L",3
"04/16/1996","S65E","TOTAL SUSPENDED SOLIDS","mg/L",2.75
"04/30/1996","S65E","TOTAL SUSPENDED SOLIDS","mg/L",0.8
"05/14/1996","S65E","TOTAL SUSPENDED SOLIDS","mg/L",-3
"05/20/1996","S65E","TOTAL SUSPENDED SOLIDS","mg/L",-3
"05/28/1996","S65E","TOTAL SUSPENDED SOLIDS","mg/L",-3
"06/11/1996","S65E","TOTAL SUSPENDED SOLIDS","mg/L",-3
"06/25/1996","S65E","TOTAL SUSPENDED SOLIDS","mg/L",-3
"07/09/1996","S65E","TOTAL SUSPENDED SOLIDS","mg/L",-3
"07/23/1996","S65E","TOTAL SUSPENDED SOLIDS","mg/L",-3
"08/06/1996","S65E","TOTAL SUSPENDED SOLIDS","mg/L",-3
"08/20/1996","S65E","TOTAL SUSPENDED SOLIDS","mg/L",-3
"09/03/1996","S65E","TOTAL SUSPENDED SOLIDS","mg/L",-3
"09/17/1996","S65E","TOTAL SUSPENDED SOLIDS","mg/L",-3
"10/01/1996","S65E","TOTAL SUSPENDED SOLIDS","mg/L",-3
"10/15/1996","S65E","TOTAL SUSPENDED SOLIDS","mg/L",-3
"10/29/1996","S65E","TOTAL SUSPENDED SOLIDS","mg/L",-3
"11/04/1996","S65E","TOTAL SUSPENDED SOLIDS","mg/L",5
"11/12/1996","S65E","TOTAL SUSPENDED SOLIDS","mg/L",-3
"11/26/1996","S65E","TOTAL SUSPENDED SOLIDS","mg/L",-3
"12/10/1996","S65E","TOTAL SUSPENDED SOLIDS","mg/L",-3
"12/26/1996","S65E","TOTAL SUSPENDED SOLIDS","mg/L",-3
"01/07/1997","S65E","TOTAL SUSPENDED SOLIDS","mg/L",-3
"01/21/1997","S65E","TOTAL SUSPENDED SOLIDS","mg/L",-3
"02/05/1997","S65E","TOTAL SUSPENDED SOLIDS","mg/L",3.5
"02/18/1997","S65E","TOTAL SUSPENDED SOLIDS","mg/L",2.8
"02/24/1997","S65E","TOTAL SUSPENDED SOLIDS","mg/L",-3
"03/04/1997","S65E","TOTAL SUSPENDED SOLIDS","mg/L",-3
"03/18/1997","S65E","TOTAL SUSPENDED SOLIDS","mg/L",-3
"04/01/1997","S65E","TOTAL SUSPENDED SOLIDS","mg/L",-3
"04/15/1997","S65E","TOTAL SUSPENDED SOLIDS","mg/L",-3
"04/29/1997","S65E","TOTAL SUSPENDED SOLIDS","mg/L",-3
"05/13/1997","S65E","TOTAL SUSPENDED SOLIDS","mg/L",3
"05/19/1997","S65E","TOTAL SUSPENDED SOLIDS","mg/L",-3
"05/27/1997","S65E","TOTAL SUSPENDED SOLIDS","mg/L",0
"06/10/1997","S65E","TOTAL SUSPENDED SOLIDS","mg/L",3
"06/24/1997","S65E","TOTAL SUSPENDED SOLIDS","mg/L",-3
"07/08/1997","S65E","TOTAL SUSPENDED SOLIDS","mg/L",3
"07/22/1997","S65E","TOTAL SUSPENDED SOLIDS","mg/L",4
"08/05/1997","S65E","TOTAL SUSPENDED SOLIDS","mg/L",5
"08/19/1997","S65E","TOTAL SUSPENDED SOLIDS","mg/L",-3
"08/28/1997","S65E","TOTAL SUSPENDED SOLIDS","mg/L",8
"09/02/1997","S65E","TOTAL SUSPENDED SOLIDS","mg/L",-1.8
"09/16/1997","S65E","TOTAL SUSPENDED SOLIDS","mg/L",-3
"09/30/1997","S65E","TOTAL SUSPENDED SOLIDS","mg/L",-3
"10/14/1997","S65E","TOTAL SUSPENDED SOLIDS","mg/L",-3
"10/28/1997","S65E","TOTAL SUSPENDED SOLIDS","mg/L",-3
"11/12/1997","S65E","TOTAL SUSPENDED SOLIDS","mg/L",-3
"11/17/1997","S65E","TOTAL SUSPENDED SOLIDS","mg/L",10
"12/09/1997","S65E","TOTAL SUSPENDED SOLIDS","mg/L",-3
"01/06/1998","S65E","TOTAL SUSPENDED SOLIDS","mg/L",14
"01/20/1998","S65E","TOTAL SUSPENDED SOLIDS","mg/L",4
"02/03/1998","S65E","TOTAL SUSPENDED SOLIDS","mg/L",5
"02/17/1998","S65E","TOTAL SUSPENDED SOLIDS","mg/L",4
"02/18/1998","S65E","TOTAL SUSPENDED SOLIDS","mg/L",6
"03/03/1998","S65E","TOTAL SUSPENDED SOLIDS","mg/L",9
"03/17/1998","S65E","TOTAL SUSPENDED SOLIDS","mg/L",11
"03/31/1998","S65E","TOTAL SUSPENDED SOLIDS","mg/L",9
"04/14/1998","S65E","TOTAL SUSPENDED SOLIDS","mg/L",-3
"04/28/1998","S65E","TOTAL SUSPENDED SOLIDS","mg/L",3
"05/12/1998","S65E","TOTAL SUSPENDED SOLIDS","mg/L",-3
"05/18/1998","S65E","TOTAL SUSPENDED SOLIDS","mg/L",-3
"05/26/1998","S65E","TOTAL SUSPENDED SOLIDS","mg/L",-3
"06/09/1998","S65E","TOTAL SUSPENDED SOLIDS","mg/L",-3
"06/23/1998","S65E","TOTAL SUSPENDED SOLIDS","mg/L",-3
"07/07/1998","S65E","TOTAL SUSPENDED SOLIDS","mg/L",3
"07/21/1998","S65E","TOTAL SUSPENDED SOLIDS","mg/L",-3
"08/04/1998","S65E","TOTAL SUSPENDED SOLIDS","mg/L",-3
"08/18/1998","S65E","TOTAL SUSPENDED SOLIDS","mg/L",-3
"08/24/1998","S65E","TOTAL SUSPENDED SOLIDS","mg/L",3
"09/01/1998","S65E","TOTAL SUSPENDED SOLIDS","mg/L",-3
"09/15/1998","S65E","TOTAL SUSPENDED SOLIDS","mg/L",-3
"09/29/1998","S65E","TOTAL SUSPENDED SOLIDS","mg/L",-3
"10/13/1998","S65E","TOTAL SUSPENDED SOLIDS","mg/L",-3
"10/27/1998","S65E","TOTAL SUSPENDED SOLIDS","mg/L",-3
"11/09/1998","S65E","TOTAL SUSPENDED SOLIDS","mg/L",-3
"11/24/1998","S65E","TOTAL SUSPENDED SOLIDS","mg/L",-3
"12/08/1998","S65E","TOTAL SUSPENDED SOLIDS","mg/L",-3
"12/22/1998","S65E","TOTAL SUSPENDED SOLIDS","mg/L",-3
"01/05/1999","S65E","TOTAL SUSPENDED SOLIDS","mg/L",-3
"01/19/1999","S65E","TOTAL SUSPENDED SOLIDS","mg/L",-3
"01/25/1999","S65E","TOTAL SUSPENDED SOLIDS","mg/L",-3
"02/02/1999","S65E","TOTAL SUSPENDED SOLIDS","mg/L",-3
"02/16/1999","S65E","TOTAL SUSPENDED SOLIDS","mg/L",-3
"03/02/1999","S65E","TOTAL SUSPENDED SOLIDS","mg/L",-3
"03/16/1999","S65E","TOTAL SUSPENDED SOLIDS","mg/L",-1.8
"03/30/1999","S65E","TOTAL SUSPENDED SOLIDS","mg/L",-3
"04/13/1999","S65E","TOTAL SUSPENDED SOLIDS","mg/L",5
"04/19/1999","S65E","TOTAL SUSPENDED SOLIDS","mg/L",-3
"04/27/1999","S65E","TOTAL SUSPENDED SOLIDS","mg/L",3
"05/11/1999","S65E","TOTAL SUSPENDED SOLIDS","mg/L",5
"05/25/1999","S65E","TOTAL SUSPENDED SOLIDS","mg/L",7
"06/08/1999","S65E","TOTAL SUSPENDED SOLIDS","mg/L",4
"06/22/1999","S65E","TOTAL SUSPENDED SOLIDS","mg/L",-3
"07/06/1999","S65E","TOTAL SUSPENDED SOLIDS","mg/L",-3
"07/20/1999","S65E","TOTAL SUSPENDED SOLIDS","mg/L",0.5
"07/26/1999","S65E","TOTAL SUSPENDED SOLIDS","mg/L",-3
"08/03/1999","S65E","TOTAL SUSPENDED SOLIDS","mg/L",-3
"08/17/1999","S65E","TOTAL SUSPENDED SOLIDS","mg/L",3
"08/31/1999","S65E","TOTAL SUSPENDED SOLIDS","mg/L",6
"09/16/1999","S65E","TOTAL SUSPENDED SOLIDS","mg/L",-0.6
"09/28/1999","S65E","TOTAL SUSPENDED SOLIDS","mg/L",-3
"10/12/1999","S65E","TOTAL SUSPENDED SOLIDS","mg/L",5
"10/18/1999","S65E","TOTAL SUSPENDED SOLIDS","mg/L",9
"10/26/1999","S65E","TOTAL SUSPENDED SOLIDS","mg/L",17
"11/09/1999","S65E","TOTAL SUSPENDED SOLIDS","mg/L",4
"11/23/1999","S65E","TOTAL SUSPENDED SOLIDS","mg/L",6
"12/07/1999","S65E","TOTAL SUSPENDED SOLIDS","mg/L",0.5
"12/21/1999","S65E","TOTAL SUSPENDED SOLIDS","mg/L",1
"01/04/2000","S65E","TOTAL SUSPENDED SOLIDS","mg/L",3
"01/18/2000","S65E","TOTAL SUSPENDED SOLIDS","mg/L",2.5
"01/24/2000","S65E","TOTAL SUSPENDED SOLIDS","mg/L",11
"02/01/2000","S65E","TOTAL SUSPENDED SOLIDS","mg/L",8
"02/15/2000","S65E","TOTAL SUSPENDED SOLIDS","mg/L",7
"02/29/2000","S65E","TOTAL SUSPENDED SOLIDS","mg/L",1
"03/14/2000","S65E","TOTAL SUSPENDED SOLIDS","mg/L",-3
"03/28/2000","S65E","TOTAL SUSPENDED SOLIDS","mg/L",-3
"04/11/2000","S65E","TOTAL SUSPENDED SOLIDS","mg/L",-3
"04/17/2000","S65E","TOTAL SUSPENDED SOLIDS","mg/L",0.5
"04/24/2000","S65E","TOTAL SUSPENDED SOLIDS","mg/L",1
"05/09/2000","S65E","TOTAL SUSPENDED SOLIDS","mg/L",-3
"05/23/2000","S65E","TOTAL SUSPENDED SOLIDS","mg/L",5
"06/06/2000","S65E","TOTAL SUSPENDED SOLIDS","mg/L",-3
"06/20/2000","S65E","TOTAL SUSPENDED SOLIDS","mg/L",-3
"07/05/2000","S65E","TOTAL SUSPENDED SOLIDS","mg/L",-3
"07/18/2000","S65E","TOTAL SUSPENDED SOLIDS","mg/L",-3
"07/25/2000","S65E","TOTAL SUSPENDED SOLIDS","mg/L",-3
"08/01/2000","S65E","TOTAL SUSPENDED SOLIDS","mg/L",-3
"08/15/2000","S65E","TOTAL SUSPENDED SOLIDS","mg/L",-3
"08/29/2000","S65E","TOTAL SUSPENDED SOLIDS","mg/L",4
"09/12/2000","S65E","TOTAL SUSPENDED SOLIDS","mg/L",1.8
"09/26/2000","S65E","TOTAL SUSPENDED SOLIDS","mg/L",4.2
"10/10/2000","S65E","TOTAL SUSPENDED SOLIDS","mg/L",-1
"10/16/2000","S65E","TOTAL SUSPENDED SOLIDS","mg/L",1
"10/24/2000","S65E","TOTAL SUSPENDED SOLIDS","mg/L",1.6
"11/07/2000","S65E","TOTAL SUSPENDED SOLIDS","mg/L",1
"11/21/2000","S65E","TOTAL SUSPENDED SOLIDS","mg/L",1.4
"12/05/2000","S65E","TOTAL SUSPENDED SOLIDS","mg/L",1
"12/19/2000","S65E","TOTAL SUSPENDED SOLIDS","mg/L",1.4
"01/02/2001","S65E","TOTAL SUSPENDED SOLIDS","mg/L",-1
"01/16/2001","S65E","TOTAL SUSPENDED SOLIDS","mg/L",-1
"01/22/2001","S65E","TOTAL SUSPENDED SOLIDS","mg/L",-1
"01/30/2001","S65E","TOTAL SUSPENDED SOLIDS","mg/L",-1
"02/13/2001","S65E","TOTAL SUSPENDED SOLIDS","mg/L",-1
"02/27/2001","S65E","TOTAL SUSPENDED SOLIDS","mg/L",1.6
"03/13/2001","S65E","TOTAL SUSPENDED SOLIDS","mg/L",1.2
"03/27/2001","S65E","TOTAL SUSPENDED SOLIDS","mg/L",1.4
"04/10/2001","S65E","TOTAL SUSPENDED SOLIDS","mg/L",-1
"04/16/2001","S65E","TOTAL SUSPENDED SOLIDS","mg/L",0.5
"04/24/2001","S65E","TOTAL SUSPENDED SOLIDS","mg/L",-1
"05/08/2001","S65E","TOTAL SUSPENDED SOLIDS","mg/L",0.4
"05/22/2001","S65E","TOTAL SUSPENDED SOLIDS","mg/L",4.8
"06/05/2001","S65E","TOTAL SUSPENDED SOLIDS","mg/L",-1
"06/19/2001","S65E","TOTAL SUSPENDED SOLIDS","mg/L",-1
"07/03/2001","S65E","TOTAL SUSPENDED SOLIDS","mg/L",-1
"07/16/2001","S65E","TOTAL SUSPENDED SOLIDS","mg/L",0
"07/17/2001","S65E","TOTAL SUSPENDED SOLIDS","mg/L",1.6
"07/31/2001","S65E","TOTAL SUSPENDED SOLIDS","mg/L",-1
"08/14/2001","S65E","TOTAL SUSPENDED SOLIDS","mg/L",5.6
"08/28/2001","S65E","TOTAL SUSPENDED SOLIDS","mg/L",2.8
"09/11/2001","S65E","TOTAL SUSPENDED SOLIDS","mg/L",1.16
"09/25/2001","S65E","TOTAL SUSPENDED SOLIDS","mg/L",4.8
"10/08/2001","S65E","TOTAL SUSPENDED SOLIDS","mg/L",2.8
"10/09/2001","S65E","TOTAL SUSPENDED SOLIDS","mg/L",2.8
"11/06/2001","S65E","TOTAL SUSPENDED SOLIDS","mg/L",0.7
"11/20/2001","S65E","TOTAL SUSPENDED SOLIDS","mg/L",1.1
"12/04/2001","S65E","TOTAL SUSPENDED SOLIDS","mg/L",1.1
"12/18/2001","S65E","TOTAL SUSPENDED SOLIDS","mg/L",2.4
"01/02/2002","S65E","TOTAL SUSPENDED SOLIDS","mg/L",1.3
"01/15/2002","S65E","TOTAL SUSPENDED SOLIDS","mg/L",1.3
"01/29/2002","S65E","TOTAL SUSPENDED SOLIDS","mg/L",0.2
"02/12/2002","S65E","TOTAL SUSPENDED SOLIDS","mg/L",1
"02/26/2002","S65E","TOTAL SUSPENDED SOLIDS","mg/L",2.8
"03/12/2002","S65E","TOTAL SUSPENDED SOLIDS","mg/L",2
"03/18/2002","S65E","TOTAL SUSPENDED SOLIDS","mg/L",0.3
"03/26/2002","S65E","TOTAL SUSPENDED SOLIDS","mg/L",1.2
"04/09/2002","S65E","TOTAL SUSPENDED SOLIDS","mg/L",0.5
"04/23/2002","S65E","TOTAL SUSPENDED SOLIDS","mg/L",1.2
"05/07/2002","S65E","TOTAL SUSPENDED SOLIDS","mg/L",1.6
"05/21/2002","S65E","TOTAL SUSPENDED SOLIDS","mg/L",1.6
"06/04/2002","S65E","TOTAL SUSPENDED SOLIDS","mg/L",1.8
"06/18/2002","S65E","TOTAL SUSPENDED SOLIDS","mg/L",0
"06/24/2002","S65E","TOTAL SUSPENDED SOLIDS","mg/L",3.4
"07/02/2002","S65E","TOTAL SUSPENDED SOLIDS","mg/L",5.4
"07/16/2002","S65E","TOTAL SUSPENDED SOLIDS","mg/L",1.1
"07/30/2002","S65E","TOTAL SUSPENDED SOLIDS","mg/L",1
"08/13/2002","S65E","TOTAL SUSPENDED SOLIDS","mg/L",3.4
"08/27/2002","S65E","TOTAL SUSPENDED SOLIDS","mg/L",0.3
"09/10/2002","S65E","TOTAL SUSPENDED SOLIDS","mg/L",2.1
"09/16/2002","S65E","TOTAL SUSPENDED SOLIDS","mg/L",3.6
"09/24/2002","S65E","TOTAL SUSPENDED SOLIDS","mg/L",-3
"10/08/2002","S65E","TOTAL SUSPENDED SOLIDS","mg/L",-3
"10/22/2002","S65E","TOTAL SUSPENDED SOLIDS","mg/L",3.4
"11/05/2002","S65E","TOTAL SUSPENDED SOLIDS","mg/L",3.5
"11/19/2002","S65E","TOTAL SUSPENDED SOLIDS","mg/L",4.2
"12/03/2002","S65E","TOTAL SUSPENDED SOLIDS","mg/L",-3
"12/17/2002","S65E","TOTAL SUSPENDED SOLIDS","mg/L",1.84
"12/30/2002","S65E","TOTAL SUSPENDED SOLIDS","mg/L",4.95
"12/31/2002","S65E","TOTAL SUSPENDED SOLIDS","mg/L",9.3
"01/14/2003","S65E","TOTAL SUSPENDED SOLIDS","mg/L",12.1
"01/28/2003","S65E","TOTAL SUSPENDED SOLIDS","mg/L",-3
"02/11/2003","S65E","TOTAL SUSPENDED SOLIDS","mg/L",-3
"02/25/2003","S65E","TOTAL SUSPENDED SOLIDS","mg/L",-3
"03/11/2003","S65E","TOTAL SUSPENDED SOLIDS","mg/L",-3
"03/24/2003","S65E","TOTAL SUSPENDED SOLIDS","mg/L",-0.5
"03/25/2003","S65E","TOTAL SUSPENDED SOLIDS","mg/L",4
"04/08/2003","S65E","TOTAL SUSPENDED SOLIDS","mg/L",3
"04/22/2003","S65E","TOTAL SUSPENDED SOLIDS","mg/L",-3
"05/06/2003","S65E","TOTAL SUSPENDED SOLIDS","mg/L",-3
"05/20/2003","S65E","TOTAL SUSPENDED SOLIDS","mg/L",-3
"06/03/2003","S65E","TOTAL SUSPENDED SOLIDS","mg/L",-3
"06/16/2003","S65E","TOTAL SUSPENDED SOLIDS","mg/L",0.5
"06/17/2003","S65E","TOTAL SUSPENDED SOLIDS","mg/L",0.5
"07/01/2003","S65E","TOTAL SUSPENDED SOLIDS","mg/L",-3
"07/15/2003","S65E","TOTAL SUSPENDED SOLIDS","mg/L",3.3
"07/29/2003","S65E","TOTAL SUSPENDED SOLIDS","mg/L",3.4
"08/12/2003","S65E","TOTAL SUSPENDED SOLIDS","mg/L",-3
"08/26/2003","S65E","TOTAL SUSPENDED SOLIDS","mg/L",9.9
"09/09/2003","S65E","TOTAL SUSPENDED SOLIDS","mg/L",3.5
"09/15/2003","S65E","TOTAL SUSPENDED SOLIDS","mg/L",4
"09/23/2003","S65E","TOTAL SUSPENDED SOLIDS","mg/L",-3
"10/07/2003","S65E","TOTAL SUSPENDED SOLIDS","mg/L",-3
"10/21/2003","S65E","TOTAL SUSPENDED SOLIDS","mg/L",-3
"11/04/2003","S65E","TOTAL SUSPENDED SOLIDS","mg/L",4
"11/18/2003","S65E","TOTAL SUSPENDED SOLIDS","mg/L",4
"12/02/2003","S65E","TOTAL SUSPENDED SOLIDS","mg/L",5
"12/15/2003","S65E","TOTAL SUSPENDED SOLIDS","mg/L",3.43333333333333
"12/16/2003","S65E","TOTAL SUSPENDED SOLIDS","mg/L",4
"12/30/2003","S65E","TOTAL SUSPENDED SOLIDS","mg/L",-3
"01/13/2004","S65E","TOTAL SUSPENDED SOLIDS","mg/L",-3
"01/27/2004","S65E","TOTAL SUSPENDED SOLIDS","mg/L",-3
"02/10/2004","S65E","TOTAL SUSPENDED SOLIDS","mg/L",-3
"02/24/2004","S65E","TOTAL SUSPENDED SOLIDS","mg/L",-3
"03/09/2004","S65E","TOTAL SUSPENDED SOLIDS","mg/L",4
"03/15/2004","S65E","TOTAL SUSPENDED SOLIDS","mg/L",-3
"03/23/2004","S65E","TOTAL SUSPENDED SOLIDS","mg/L",3
"04/06/2004","S65E","TOTAL SUSPENDED SOLIDS","mg/L",-3
"04/20/2004","S65E","TOTAL SUSPENDED SOLIDS","mg/L",-3
"05/04/2004","S65E","TOTAL SUSPENDED SOLIDS","mg/L",-3
"05/17/2004","S65E","TOTAL SUSPENDED SOLIDS","mg/L",2.5
"05/18/2004","S65E","TOTAL SUSPENDED SOLIDS","mg/L",-3
"06/08/2004","S65E","TOTAL SUSPENDED SOLIDS","mg/L",-3
"06/22/2004","S65E","TOTAL SUSPENDED SOLIDS","mg/L",-3
"07/06/2004","S65E","TOTAL SUSPENDED SOLIDS","mg/L",-3
"07/20/2004","S65E","TOTAL SUSPENDED SOLIDS","mg/L",-3
"08/03/2004","S65E","TOTAL SUSPENDED SOLIDS","mg/L",-3
"08/17/2004","S65E","TOTAL SUSPENDED SOLIDS","mg/L",5
"08/23/2004","S65E","TOTAL SUSPENDED SOLIDS","mg/L",1.5
"08/31/2004","S65E","TOTAL SUSPENDED SOLIDS","mg/L",4
"09/14/2004","S65E","TOTAL SUSPENDED SOLIDS","mg/L",16
"09/29/2004","S65E","TOTAL SUSPENDED SOLIDS","mg/L",26
"10/12/2004","S65E","TOTAL SUSPENDED SOLIDS","mg/L",5
"10/26/2004","S65E","TOTAL SUSPENDED SOLIDS","mg/L",-1
"11/09/2004","S65E","TOTAL SUSPENDED SOLIDS","mg/L",-3
"11/22/2004","S65E","TOTAL SUSPENDED SOLIDS","mg/L",-3
"12/07/2004","S65E","TOTAL SUSPENDED SOLIDS","mg/L",-3
"12/21/2004","S65E","TOTAL SUSPENDED SOLIDS","mg/L",0
"01/04/2005","S65E","TOTAL SUSPENDED SOLIDS","mg/L",-3
"01/18/2005","S65E","TOTAL SUSPENDED SOLIDS","mg/L",3
"02/01/2005","S65E","TOTAL SUSPENDED SOLIDS","mg/L",-3
"02/14/2005","S65E","TOTAL SUSPENDED SOLIDS","mg/L",-3
"02/15/2005","S65E","TOTAL SUSPENDED SOLIDS","mg/L",-3
"03/01/2005","S65E","TOTAL SUSPENDED SOLIDS","mg/L",0
"03/15/2005","S65E","TOTAL SUSPENDED SOLIDS","mg/L",-3
"03/29/2005","S65E","TOTAL SUSPENDED SOLIDS","mg/L",3
"04/12/2005","S65E","TOTAL SUSPENDED SOLIDS","mg/L",-3
"04/26/2005","S65E","TOTAL SUSPENDED SOLIDS","mg/L",-3
"05/10/2005","S65E","TOTAL SUSPENDED SOLIDS","mg/L",4
"05/16/2005","S65E","TOTAL SUSPENDED SOLIDS","mg/L",-3
"05/24/2005","S65E","TOTAL SUSPENDED SOLIDS","mg/L",-3
"06/07/2005","S65E","TOTAL SUSPENDED SOLIDS","mg/L",-0.333333333333333
"06/21/2005","S65E","TOTAL SUSPENDED SOLIDS","mg/L",3
"07/05/2005","S65E","TOTAL SUSPENDED SOLIDS","mg/L",2
"07/19/2005","S65E","TOTAL SUSPENDED SOLIDS","mg/L",0.5
"08/02/2005","S65E","TOTAL SUSPENDED SOLIDS","mg/L",-3
"08/16/2005","S65E","TOTAL SUSPENDED SOLIDS","mg/L",-3
"08/22/2005","S65E","TOTAL SUSPENDED SOLIDS","mg/L",3
"08/30/2005","S65E","TOTAL SUSPENDED SOLIDS","mg/L",-3
"09/12/2005","S65E","TOTAL SUSPENDED SOLIDS","mg/L",0.5
"09/26/2005","S65E","TOTAL SUSPENDED SOLIDS","mg/L",5
"10/11/2005","S65E","TOTAL SUSPENDED SOLIDS","mg/L",-3
"11/08/2005","S65E","TOTAL SUSPENDED SOLIDS","mg/L",-3
"11/14/2005","S65E","TOTAL SUSPENDED SOLIDS","mg/L",4
"11/16/2005","S65E","TOTAL SUSPENDED SOLIDS","mg/L",4
"12/06/2005","S65E","TOTAL SUSPENDED SOLIDS","mg/L",-3
"12/20/2005","S65E","TOTAL SUSPENDED SOLIDS","mg/L",-3
"01/03/2006","S65E","TOTAL SUSPENDED SOLIDS","mg/L",-3
"01/17/2006","S65E","TOTAL SUSPENDED SOLIDS","mg/L",-3
"01/30/2006","S65E","TOTAL SUSPENDED SOLIDS","mg/L",-3
"02/13/2006","S65E","TOTAL SUSPENDED SOLIDS","mg/L",-3
"02/21/2006","S65E","TOTAL SUSPENDED SOLIDS","mg/L",0.5
"02/28/2006","S65E","TOTAL SUSPENDED SOLIDS","mg/L",-3
"03/13/2006","S65E","TOTAL SUSPENDED SOLIDS","mg/L",-3
"03/28/2006","S65E","TOTAL SUSPENDED SOLIDS","mg/L",-3
"04/11/2006","S65E","TOTAL SUSPENDED SOLIDS","mg/L",-3
"04/24/2006","S65E","TOTAL SUSPENDED SOLIDS","mg/L",-3
"05/08/2006","S65E","TOTAL SUSPENDED SOLIDS","mg/L",-3
"05/22/2006","S65E","TOTAL SUSPENDED SOLIDS","mg/L",-3
"05/23/2006","S65E","TOTAL SUSPENDED SOLIDS","mg/L",0.5
"06/06/2006","S65E","TOTAL SUSPENDED SOLIDS","mg/L",-3
"06/19/2006","S65E","TOTAL SUSPENDED SOLIDS","mg/L",-3
"07/18/2006","S65E","TOTAL SUSPENDED SOLIDS","mg/L",3
"07/31/2006","S65E","TOTAL SUSPENDED SOLIDS","mg/L",-3
"08/14/2006","S65E","TOTAL SUSPENDED SOLIDS","mg/L",-3
"08/21/2006","S65E","TOTAL SUSPENDED SOLIDS","mg/L",-3
"08/31/2006","S65E","TOTAL SUSPENDED SOLIDS","mg/L",-3
"09/11/2006","S65E","TOTAL SUSPENDED SOLIDS","mg/L",1
"09/25/2006","S65E","TOTAL SUSPENDED SOLIDS","mg/L",4
"10/10/2006","S65E","TOTAL SUSPENDED SOLIDS","mg/L",-3
"10/24/2006","S65E","TOTAL SUSPENDED SOLIDS","mg/L",-3
"11/07/2006","S65E","TOTAL SUSPENDED SOLIDS","mg/L",-3
"11/21/2006","S65E","TOTAL SUSPENDED SOLIDS","mg/L",-3
"11/27/2006","S65E","TOTAL SUSPENDED SOLIDS","mg/L",-3
"12/05/2006","S65E","TOTAL SUSPENDED SOLIDS","mg/L",-3
"12/19/2006","S65E","TOTAL SUSPENDED SOLIDS","mg/L",-3
"01/02/2007","S65E","TOTAL SUSPENDED SOLIDS","mg/L",-3
"01/16/2007","S65E","TOTAL SUSPENDED SOLIDS","mg/L",-3
"01/30/2007","S65E","TOTAL SUSPENDED SOLIDS","mg/L",-3
"02/13/2007","S65E","TOTAL SUSPENDED SOLIDS","mg/L",-3
"02/26/2007","S65E","TOTAL SUSPENDED SOLIDS","mg/L",-3
"02/27/2007","S65E","TOTAL SUSPENDED SOLIDS","mg/L",-3
"03/13/2007","S65E","TOTAL SUSPENDED SOLIDS","mg/L",-3
"03/27/2007","S65E","TOTAL SUSPENDED SOLIDS","mg/L",-3
"04/10/2007","S65E","TOTAL SUSPENDED SOLIDS","mg/L",-3
"04/24/2007","S65E","TOTAL SUSPENDED SOLIDS","mg/L",-3
"05/08/2007","S65E","TOTAL SUSPENDED SOLIDS","mg/L",-3
"05/21/2007","S65E","TOTAL SUSPENDED SOLIDS","mg/L",-3
"05/22/2007","S65E","TOTAL SUSPENDED SOLIDS","mg/L",-3
"06/05/2007","S65E","TOTAL SUSPENDED SOLIDS","mg/L",-3
"06/19/2007","S65E","TOTAL SUSPENDED SOLIDS","mg/L",-3
"07/02/2007","S65E","TOTAL SUSPENDED SOLIDS","mg/L",4
"07/17/2007","S65E","TOTAL SUSPENDED SOLIDS","mg/L",-3
"08/06/2007","S65E","TOTAL SUSPENDED SOLIDS","mg/L",0.5
"08/20/2007","S65E","TOTAL SUSPENDED SOLIDS","mg/L",-3
"08/21/2007","S65E","TOTAL SUSPENDED SOLIDS","mg/L",-3
"09/04/2007","S65E","TOTAL SUSPENDED SOLIDS","mg/L",-3
"09/17/2007","S65E","TOTAL SUSPENDED SOLIDS","mg/L",-3
"10/01/2007","S65E","TOTAL SUSPENDED SOLIDS","mg/L",-3
"10/15/2007","S65E","TOTAL SUSPENDED SOLIDS","mg/L",0.5
"10/29/2007","S65E","TOTAL SUSPENDED SOLIDS","mg/L",-3
"11/05/2007","S65E","TOTAL SUSPENDED SOLIDS","mg/L",-3
"11/20/2007","S65E","TOTAL SUSPENDED SOLIDS","mg/L",3
"11/26/2007","S65E","TOTAL SUSPENDED SOLIDS","mg/L",-3
"12/03/2007","S65E","TOTAL SUSPENDED SOLIDS","mg/L",-3
"12/18/2007","S65E","TOTAL SUSPENDED SOLIDS","mg/L",-3
"01/17/2008","S65E","TOTAL SUSPENDED SOLIDS","mg/L",3
"01/29/2008","S65E","TOTAL SUSPENDED SOLIDS","mg/L",-3
"02/04/2008","S65E","TOTAL SUSPENDED SOLIDS","mg/L",-3
"02/19/2008","S65E","TOTAL SUSPENDED SOLIDS","mg/L",4
"02/20/2008","S65E","TOTAL SUSPENDED SOLIDS","mg/L",4
"03/03/2008","S65E","TOTAL SUSPENDED SOLIDS","mg/L",1.2
"03/17/2008","S65E","TOTAL SUSPENDED SOLIDS","mg/L",0.5
"04/07/2008","S65E","TOTAL SUSPENDED SOLIDS","mg/L",5
"04/21/2008","S65E","TOTAL SUSPENDED SOLIDS","mg/L",4
"05/06/2008","S65E","TOTAL SUSPENDED SOLIDS","mg/L",5
"05/19/2008","S65E","TOTAL SUSPENDED SOLIDS","mg/L",0.5
"05/28/2008","S65E","TOTAL SUSPENDED SOLIDS","mg/L",3
"06/03/2008","S65E","TOTAL SUSPENDED SOLIDS","mg/L",-3
"06/17/2008","S65E","TOTAL SUSPENDED SOLIDS","mg/L",-3
"07/01/2008","S65E","TOTAL SUSPENDED SOLIDS","mg/L",-3
"07/16/2008","S65E","TOTAL SUSPENDED SOLIDS","mg/L",-3
"08/06/2008","S65E","TOTAL SUSPENDED SOLIDS","mg/L",4
"08/26/2008","S65E","TOTAL SUSPENDED SOLIDS","mg/L",18
"08/28/2008","S65E","TOTAL SUSPENDED SOLIDS","mg/L",13
"09/08/2008","S65E","TOTAL SUSPENDED SOLIDS","mg/L",0.6
"09/22/2008","S65E","TOTAL SUSPENDED SOLIDS","mg/L",4
"10/06/2008","S65E","TOTAL SUSPENDED SOLIDS","mg/L",1
"10/20/2008","S65E","TOTAL SUSPENDED SOLIDS","mg/L",0.5
"11/13/2008","S65E","TOTAL SUSPENDED SOLIDS","mg/L",-3
"11/19/2008","S65E","TOTAL SUSPENDED SOLIDS","mg/L",-3
"11/24/2008","S65E","TOTAL SUSPENDED SOLIDS","mg/L",-3
"12/10/2008","S65E","TOTAL SUSPENDED SOLIDS","mg/L",-3
"12/23/2008","S65E","TOTAL SUSPENDED SOLIDS","mg/L",-3
"01/14/2009","S65E","TOTAL SUSPENDED SOLIDS","mg/L",0
"01/27/2009","S65E","TOTAL SUSPENDED SOLIDS","mg/L",-3
"02/02/2009","S65E","TOTAL SUSPENDED SOLIDS","mg/L",-3
"02/17/2009","S65E","TOTAL SUSPENDED SOLIDS","mg/L",-3
"02/18/2009","S65E","TOTAL SUSPENDED SOLIDS","mg/L",-3
"03/03/2009","S65E","TOTAL SUSPENDED SOLIDS","mg/L",-3
"03/17/2009","S65E","TOTAL SUSPENDED SOLIDS","mg/L",-3
"03/31/2009","S65E","TOTAL SUSPENDED SOLIDS","mg/L",-3
"04/14/2009","S65E","TOTAL SUSPENDED SOLIDS","mg/L",-3
"04/29/2009","S65E","TOTAL SUSPENDED SOLIDS","mg/L",4
"05/13/2009","S65E","TOTAL SUSPENDED SOLIDS","mg/L",-3
"05/20/2009","S65E","TOTAL SUSPENDED SOLIDS","mg/L",6
"05/27/2009","S65E","TOTAL SUSPENDED SOLIDS","mg/L",7
"06/02/2009","S65E","TOTAL SUSPENDED SOLIDS","mg/L",2
"06/16/2009","S65E","TOTAL SUSPENDED SOLIDS","mg/L",-0.666666666666667
"07/07/2009","S65E","TOTAL SUSPENDED SOLIDS","mg/L",0.5
"07/20/2009","S65E","TOTAL SUSPENDED SOLIDS","mg/L",3
"08/04/2009","S65E","TOTAL SUSPENDED SOLIDS","mg/L",-3
"08/18/2009","S65E","TOTAL SUSPENDED SOLIDS","mg/L",0
"08/26/2009","S65E","TOTAL SUSPENDED SOLIDS","mg/L",6
"09/08/2009","S65E","TOTAL SUSPENDED SOLIDS","mg/L",1.5
"09/22/2009","S65E","TOTAL SUSPENDED SOLIDS","mg/L",1
"10/07/2009","S65E","TOTAL SUSPENDED SOLIDS","mg/L",-3
"10/21/2009","S65E","TOTAL SUSPENDED SOLIDS","mg/L",1
"11/09/2009","S65E","TOTAL SUSPENDED SOLIDS","mg/L",-3
"11/18/2009","S65E","TOTAL SUSPENDED SOLIDS","mg/L",-3
"11/30/2009","S65E","TOTAL SUSPENDED SOLIDS","mg/L",-3
"12/16/2009","S65E","TOTAL SUSPENDED SOLIDS","mg/L",-3
"12/28/2009","S65E","TOTAL SUSPENDED SOLIDS","mg/L",-3
"01/11/2010","S65E","TOTAL SUSPENDED SOLIDS","mg/L",-3
"01/25/2010","S65E","TOTAL SUSPENDED SOLIDS","mg/L",-3
"02/08/2010","S65E","TOTAL SUSPENDED SOLIDS","mg/L",4
"02/17/2010","S65E","TOTAL SUSPENDED SOLIDS","mg/L",4
"02/24/2010","S65E","TOTAL SUSPENDED SOLIDS","mg/L",4
"03/15/2010","S65E","TOTAL SUSPENDED SOLIDS","mg/L",2.4
"03/29/2010","S65E","TOTAL SUSPENDED SOLIDS","mg/L",4
"04/12/2010","S65E","TOTAL SUSPENDED SOLIDS","mg/L",-3
"04/26/2010","S65E","TOTAL SUSPENDED SOLIDS","mg/L",-3
"05/10/2010","S65E","TOTAL SUSPENDED SOLIDS","mg/L",-3
"05/24/2010","S65E","TOTAL SUSPENDED SOLIDS","mg/L",3
"05/26/2010","S65E","TOTAL SUSPENDED SOLIDS","mg/L",-3
"06/07/2010","S65E","TOTAL SUSPENDED SOLIDS","mg/L",-3
"06/21/2010","S65E","TOTAL SUSPENDED SOLIDS","mg/L",-3
"07/08/2010","S65E","TOTAL SUSPENDED SOLIDS","mg/L",-3
"07/19/2010","S65E","TOTAL SUSPENDED SOLIDS","mg/L",-3
"08/02/2010","S65E","TOTAL SUSPENDED SOLIDS","mg/L",-3
"08/16/2010","S65E","TOTAL SUSPENDED SOLIDS","mg/L",-3
"08/18/2010","S65E","TOTAL SUSPENDED SOLIDS","mg/L",-3
"09/14/2010","S65E","TOTAL SUSPENDED SOLIDS","mg/L",-3
"09/27/2010","S65E","TOTAL SUSPENDED SOLIDS","mg/L",-3
"10/11/2010","S65E","TOTAL SUSPENDED SOLIDS","mg/L",-3
"10/26/2010","S65E","TOTAL SUSPENDED SOLIDS","mg/L",-3
"11/09/2010","S65E","TOTAL SUSPENDED SOLIDS","mg/L",-3
"11/17/2010","S65E","TOTAL SUSPENDED SOLIDS","mg/L",-3
"11/29/2010","S65E","TOTAL SUSPENDED SOLIDS","mg/L",-3
"12/09/2010","S65E","TOTAL SUSPENDED SOLIDS","mg/L",-3
"12/22/2010","S65E","TOTAL SUSPENDED SOLIDS","mg/L",4
"01/10/2011","S65E","TOTAL SUSPENDED SOLIDS","mg/L",-3
"01/24/2011","S65E","TOTAL SUSPENDED SOLIDS","mg/L",3
"02/07/2011","S65E","TOTAL SUSPENDED SOLIDS","mg/L",3
"02/17/2011","S65E","TOTAL SUSPENDED SOLIDS","mg/L",-3
"02/23/2011","S65E","TOTAL SUSPENDED SOLIDS","mg/L",-3
"03/09/2011","S65E","TOTAL SUSPENDED SOLIDS","mg/L",-1
"03/23/2011","S65E","TOTAL SUSPENDED SOLIDS","mg/L",-3
"04/13/2011","S65E","TOTAL SUSPENDED SOLIDS","mg/L",5
"04/27/2011","S65E","TOTAL SUSPENDED SOLIDS","mg/L",5
"05/11/2011","S65E","TOTAL SUSPENDED SOLIDS","mg/L",6
"05/18/2011","S65E","TOTAL SUSPENDED SOLIDS","mg/L",6
"05/25/2011","S65E","TOTAL SUSPENDED SOLIDS","mg/L",4
"06/08/2011","S65E","TOTAL SUSPENDED SOLIDS","mg/L",3
"06/20/2011","S65E","TOTAL SUSPENDED SOLIDS","mg/L",-3
"07/06/2011","S65E","TOTAL SUSPENDED SOLIDS","mg/L",4
"07/20/2011","S65E","TOTAL SUSPENDED SOLIDS","mg/L",-3
"08/03/2011","S65E","TOTAL SUSPENDED SOLIDS","mg/L",4
"08/17/2011","S65E","TOTAL SUSPENDED SOLIDS","mg/L",-3
"08/24/2011","S65E","TOTAL SUSPENDED SOLIDS","mg/L",-3
"08/31/2011","S65E","TOTAL SUSPENDED SOLIDS","mg/L",-3
"09/14/2011","S65E","TOTAL SUSPENDED SOLIDS","mg/L",3
"09/28/2011","S65E","TOTAL SUSPENDED SOLIDS","mg/L",-3
"10/12/2011","S65E","TOTAL SUSPENDED SOLIDS","mg/L",79
"10/26/2011","S65E","TOTAL SUSPENDED SOLIDS","mg/L",4
"11/07/2011","S65E","TOTAL SUSPENDED SOLIDS","mg/L",-3
"11/16/2011","S65E","TOTAL SUSPENDED SOLIDS","mg/L",-3
"11/22/2011","S65E","TOTAL SUSPENDED SOLIDS","mg/L",-3
"12/07/2011","S65E","TOTAL SUSPENDED SOLIDS","mg/L",-3
"12/21/2011","S65E","TOTAL SUSPENDED SOLIDS","mg/L",-3
"01/04/2012","S65E","TOTAL SUSPENDED SOLIDS","mg/L",-3
"01/18/2012","S65E","TOTAL SUSPENDED SOLIDS","mg/L",-3
"02/01/2012","S65E","TOTAL SUSPENDED SOLIDS","mg/L",-3
"02/15/2012","S65E","TOTAL SUSPENDED SOLIDS","mg/L",-3
"02/22/2012","S65E","TOTAL SUSPENDED SOLIDS","mg/L",-3
"02/29/2012","S65E","TOTAL SUSPENDED SOLIDS","mg/L",-3
"03/14/2012","S65E","TOTAL SUSPENDED SOLIDS","mg/L",-3
"03/28/2012","S65E","TOTAL SUSPENDED SOLIDS","mg/L",-3
"04/11/2012","S65E","TOTAL SUSPENDED SOLIDS","mg/L",-3
"04/25/2012","S65E","TOTAL SUSPENDED SOLIDS","mg/L",-3
"05/09/2012","S65E","TOTAL SUSPENDED SOLIDS","mg/L",-3
"05/16/2012","S65E","TOTAL SUSPENDED SOLIDS","mg/L",-3
"05/23/2012","S65E","TOTAL SUSPENDED SOLIDS","mg/L",-3
"06/06/2012","S65E","TOTAL SUSPENDED SOLIDS","mg/L",4
"06/20/2012","S65E","TOTAL SUSPENDED SOLIDS","mg/L",3
"07/11/2012","S65E","TOTAL SUSPENDED SOLIDS","mg/L",-3
"07/25/2012","S65E","TOTAL SUSPENDED SOLIDS","mg/L",-3
"08/08/2012","S65E","TOTAL SUSPENDED SOLIDS","mg/L",-3
"08/22/2012","S65E","TOTAL SUSPENDED SOLIDS","mg/L",-3
"09/05/2012","S65E","TOTAL SUSPENDED SOLIDS","mg/L",7
"09/19/2012","S65E","TOTAL SUSPENDED SOLIDS","mg/L",-3
"10/03/2012","S65E","TOTAL SUSPENDED SOLIDS","mg/L",-3
"10/17/2012","S65E","TOTAL SUSPENDED SOLIDS","mg/L",-3
"10/31/2012","S65E","TOTAL SUSPENDED SOLIDS","mg/L",3
"11/14/2012","S65E","TOTAL SUSPENDED SOLIDS","mg/L",-3
"11/28/2012","S65E","TOTAL SUSPENDED SOLIDS","mg/L",-3
"12/05/2012","S65E","TOTAL SUSPENDED SOLIDS","mg/L",-3
"12/19/2012","S65E","TOTAL SUSPENDED SOLIDS","mg/L",-3
"01/02/2013","S65E","TOTAL SUSPENDED SOLIDS","mg/L",-3
"01/16/2013","S65E","TOTAL SUSPENDED SOLIDS","mg/L",-3
"01/30/2013","S65E","TOTAL SUSPENDED SOLIDS","mg/L",-3
"02/06/2013","S65E","TOTAL SUSPENDED SOLIDS","mg/L",-3
"02/13/2013","S65E","TOTAL SUSPENDED SOLIDS","mg/L",-3
"02/27/2013","S65E","TOTAL SUSPENDED SOLIDS","mg/L",-3
"03/13/2013","S65E","TOTAL SUSPENDED SOLIDS","mg/L",-3
"03/27/2013","S65E","TOTAL SUSPENDED SOLIDS","mg/L",4
"04/10/2013","S65E","TOTAL SUSPENDED SOLIDS","mg/L",-3
"04/24/2013","S65E","TOTAL SUSPENDED SOLIDS","mg/L",-3
"05/08/2013","S65E","TOTAL SUSPENDED SOLIDS","mg/L",-3
"05/22/2013","S65E","TOTAL SUSPENDED SOLIDS","mg/L",5
"06/05/2013","S65E","TOTAL SUSPENDED SOLIDS","mg/L",3
"06/19/2013","S65E","TOTAL SUSPENDED SOLIDS","mg/L",-3
"07/02/2013","S65E","TOTAL SUSPENDED SOLIDS","mg/L",-3
"07/17/2013","S65E","TOTAL SUSPENDED SOLIDS","mg/L",-3
"07/31/2013","S65E","TOTAL SUSPENDED SOLIDS","mg/L",6
"08/07/2013","S65E","TOTAL SUSPENDED SOLIDS","mg/L",5
"08/14/2013","S65E","TOTAL SUSPENDED SOLIDS","mg/L",-3
"08/28/2013","S65E","TOTAL SUSPENDED SOLIDS","mg/L",-3
"09/11/2013","S65E","TOTAL SUSPENDED SOLIDS","mg/L",-3
"09/25/2013","S65E","TOTAL SUSPENDED SOLIDS","mg/L",3
"10/09/2013","S65E","TOTAL SUSPENDED SOLIDS","mg/L",-3
"10/23/2013","S65E","TOTAL SUSPENDED SOLIDS","mg/L",-3
"11/04/2013","S65E","TOTAL SUSPENDED SOLIDS","mg/L",-3
"11/06/2013","S65E","TOTAL SUSPENDED SOLIDS","mg/L",-3
"11/20/2013","S65E","TOTAL SUSPENDED SOLIDS","mg/L",-3
"12/04/2013","S65E","TOTAL SUSPENDED SOLIDS","mg/L",-3
"12/18/2013","S65E","TOTAL SUSPENDED SOLIDS","mg/L",-3
"12/30/2013","S65E","TOTAL SUSPENDED SOLIDS","mg/L",-3
"01/15/2014","S65E","TOTAL SUSPENDED SOLIDS","mg/L",-3
"01/29/2014","S65E","TOTAL SUSPENDED SOLIDS","mg/L",-3
"02/03/2014","S65E","TOTAL SUSPENDED SOLIDS","mg/L",-3
"02/12/2014","S65E","TOTAL SUSPENDED SOLIDS","mg/L",3
"02/26/2014","S65E","TOTAL SUSPENDED SOLIDS","mg/L",4
"03/12/2014","S65E","TOTAL SUSPENDED SOLIDS","mg/L",-3
"03/26/2014","S65E","TOTAL SUSPENDED SOLIDS","mg/L",4
"04/09/2014","S65E","TOTAL SUSPENDED SOLIDS","mg/L",5
"04/23/2014","S65E","TOTAL SUSPENDED SOLIDS","mg/L",5
"05/05/2014","S65E","TOTAL SUSPENDED SOLIDS","mg/L",6
"05/07/2014","S65E","TOTAL SUSPENDED SOLIDS","mg/L",4
"05/21/2014","S65E","TOTAL SUSPENDED SOLIDS","mg/L",6
"06/04/2014","S65E","TOTAL SUSPENDED SOLIDS","mg/L",4
"06/18/2014","S65E","TOTAL SUSPENDED SOLIDS","mg/L",7
"07/01/2014","S65E","TOTAL SUSPENDED SOLIDS","mg/L",-3
"07/16/2014","S65E","TOTAL SUSPENDED SOLIDS","mg/L",-3
"07/30/2014","S65E","TOTAL SUSPENDED SOLIDS","mg/L",-3
"08/13/2014","S65E","TOTAL SUSPENDED SOLIDS","mg/L",-3
"08/18/2014","S65E","TOTAL SUSPENDED SOLIDS","mg/L",-3
"08/27/2014","S65E","TOTAL SUSPENDED SOLIDS","mg/L",-3
"09/10/2014","S65E","TOTAL SUSPENDED SOLIDS","mg/L",-3
"09/24/2014","S65E","TOTAL SUSPENDED SOLIDS","mg/L",3
"10/08/2014","S65E","TOTAL SUSPENDED SOLIDS","mg/L",3
"10/22/2014","S65E","TOTAL SUSPENDED SOLIDS","mg/L",3
"11/03/2014","S65E","TOTAL SUSPENDED SOLIDS","mg/L",3
"11/05/2014","S65E","TOTAL SUSPENDED SOLIDS","mg/L",-3
"11/19/2014","S65E","TOTAL SUSPENDED SOLIDS","mg/L",-3
"12/03/2014","S65E","TOTAL SUSPENDED SOLIDS","mg/L",-3
"12/17/2014","S65E","TOTAL SUSPENDED SOLIDS","mg/L",4
"12/30/2014","S65E","TOTAL SUSPENDED SOLIDS","mg/L",-3
"01/14/2015","S65E","TOTAL SUSPENDED SOLIDS","mg/L",-3
"01/28/2015","S65E","TOTAL SUSPENDED SOLIDS","mg/L",3
"02/02/2015","S65E","TOTAL SUSPENDED SOLIDS","mg/L",-3
"02/11/2015","S65E","TOTAL SUSPENDED SOLIDS","mg/L",-3
"02/25/2015","S65E","TOTAL SUSPENDED SOLIDS","mg/L",-3
"03/11/2015","S65E","TOTAL SUSPENDED SOLIDS","mg/L",-3
"03/25/2015","S65E","TOTAL SUSPENDED SOLIDS","mg/L",-3
"04/08/2015","S65E","TOTAL SUSPENDED SOLIDS","mg/L",-3
"04/22/2015","S65E","TOTAL SUSPENDED SOLIDS","mg/L",-3
"05/04/2015","S65E","TOTAL SUSPENDED SOLIDS","mg/L",-3
"05/06/2015","S65E","TOTAL SUSPENDED SOLIDS","mg/L",-3
"05/20/2015","S65E","TOTAL SUSPENDED SOLIDS","mg/L",-3
"06/03/2015","S65E","TOTAL SUSPENDED SOLIDS","mg/L",-3
"06/17/2015","S65E","TOTAL SUSPENDED SOLIDS","mg/L",3
"07/01/2015","S65E","TOTAL SUSPENDED SOLIDS","mg/L",-3
"07/15/2015","S65E","TOTAL SUSPENDED SOLIDS","mg/L",-6
"07/29/2015","S65E","TOTAL SUSPENDED SOLIDS","mg/L",-3
"08/03/2015","S65E","TOTAL SUSPENDED SOLIDS","mg/L",-3
"08/12/2015","S65E","TOTAL SUSPENDED SOLIDS","mg/L",-3
"08/26/2015","S65E","TOTAL SUSPENDED SOLIDS","mg/L",-3
"09/09/2015","S65E","TOTAL SUSPENDED SOLIDS","mg/L",-3
"09/23/2015","S65E","TOTAL SUSPENDED SOLIDS","mg/L",-3
"10/07/2015","S65E","TOTAL SUSPENDED SOLIDS","mg/L",3
"10/21/2015","S65E","TOTAL SUSPENDED SOLIDS","mg/L",5
"10/26/2015","S65E","TOTAL SUSPENDED SOLIDS","mg/L",-3
"11/04/2015","S65E","TOTAL SUSPENDED SOLIDS","mg/L",-3
"11/18/2015","S65E","TOTAL SUSPENDED SOLIDS","mg/L",4
"12/02/2015","S65E","TOTAL SUSPENDED SOLIDS","mg/L",-3
"12/21/2015","S65E","TOTAL SUSPENDED SOLIDS","mg/L",-3
"01/04/2016","S65E","TOTAL SUSPENDED SOLIDS","mg/L",-3
"01/20/2016","S65E","TOTAL SUSPENDED SOLIDS","mg/L",-3
"02/01/2016","S65E","TOTAL SUSPENDED SOLIDS","mg/L",-3
"02/15/2016","S65E","TOTAL SUSPENDED SOLIDS","mg/L",3
"02/29/2016","S65E","TOTAL SUSPENDED SOLIDS","mg/L",7
"03/14/2016","S65E","TOTAL SUSPENDED SOLIDS","mg/L",-3
"03/28/2016","S65E","TOTAL SUSPENDED SOLIDS","mg/L",-3
"04/11/2016","S65E","TOTAL SUSPENDED SOLIDS","mg/L",9
"04/25/2016","S65E","TOTAL SUSPENDED SOLIDS","mg/L",4
"05/09/2016","S65E","TOTAL SUSPENDED SOLIDS","mg/L",5
"05/23/2016","S65E","TOTAL SUSPENDED SOLIDS","mg/L",28
"06/06/2016","S65E","TOTAL SUSPENDED SOLIDS","mg/L",4
"06/20/2016","S65E","TOTAL SUSPENDED SOLIDS","mg/L",-3
"07/06/2016","S65E","TOTAL SUSPENDED SOLIDS","mg/L",4
"07/18/2016","S65E","TOTAL SUSPENDED SOLIDS","mg/L",7
"08/01/2016","S65E","TOTAL SUSPENDED SOLIDS","mg/L",6
"08/15/2016","S65E","TOTAL SUSPENDED SOLIDS","mg/L",6
"08/29/2016","S65E","TOTAL SUSPENDED SOLIDS","mg/L",5
"09/12/2016","S65E","TOTAL SUSPENDED SOLIDS","mg/L",7
"09/26/2016","S65E","TOTAL SUSPENDED SOLIDS","mg/L",4
"10/10/2016","S65E","TOTAL SUSPENDED SOLIDS","mg/L",4
"10/24/2016","S65E","TOTAL SUSPENDED SOLIDS","mg/L",4
"11/07/2016","S65E","TOTAL SUSPENDED SOLIDS","mg/L",5
"11/21/2016","S65E","TOTAL SUSPENDED SOLIDS","mg/L",5
"12/19/2016","S65E","TOTAL SUSPENDED SOLIDS","mg/L",5
"01/09/2017","S65E","TOTAL SUSPENDED SOLIDS","mg/L",6
"01/23/2017","S65E","TOTAL SUSPENDED SOLIDS","mg/L",-4
"02/06/2017","S65E","TOTAL SUSPENDED SOLIDS","mg/L",7
"02/20/2017","S65E","TOTAL SUSPENDED SOLIDS","mg/L",8
"03/06/2017","S65E","TOTAL SUSPENDED SOLIDS","mg/L",12
"03/13/2017","S65E","TOTAL SUSPENDED SOLIDS","mg/L",8
"03/20/2017","S65E","TOTAL SUSPENDED SOLIDS","mg/L",11
"04/17/2017","S65E","TOTAL SUSPENDED SOLIDS","mg/L",3
"04/24/2017","S65E","TOTAL SUSPENDED SOLIDS","mg/L",4
"05/01/2017","S65E","TOTAL SUSPENDED SOLIDS","mg/L",4
"05/08/2017","S65E","TOTAL SUSPENDED SOLIDS","mg/L",7
"06/05/2017","S65E","TOTAL SUSPENDED SOLIDS","mg/L",4
"06/12/2017","S65E","TOTAL SUSPENDED SOLIDS","mg/L",5
"06/19/2017","S65E","TOTAL SUSPENDED SOLIDS","mg/L",4
"07/05/2017","S65E","TOTAL SUSPENDED SOLIDS","mg/L",4
"07/17/2017","S65E","TOTAL SUSPENDED SOLIDS","mg/L",3
"08/01/2017","S65E","TOTAL SUSPENDED SOLIDS","mg/L",4
"08/14/2017","S65E","TOTAL SUSPENDED SOLIDS","mg/L",7
"08/28/2017","S65E","TOTAL SUSPENDED SOLIDS","mg/L",7
"09/13/2017","S65E","TOTAL SUSPENDED SOLIDS","mg/L",16
"09/25/2017","S65E","TOTAL SUSPENDED SOLIDS","mg/L",-6
"10/09/2017","S65E","TOTAL SUSPENDED SOLIDS","mg/L",8
"10/23/2017","S65E","TOTAL SUSPENDED SOLIDS","mg/L",9
"11/06/2017","S65E","TOTAL SUSPENDED SOLIDS","mg/L",6
"11/20/2017","S65E","TOTAL SUSPENDED SOLIDS","mg/L",10
"12/04/2017","S65E","TOTAL SUSPENDED SOLIDS","mg/L",6
"12/18/2017","S65E","TOTAL SUSPENDED SOLIDS","mg/L",4
"01/16/2018","S65E","TOTAL SUSPENDED SOLIDS","mg/L",4
"02/12/2018","S65E","TOTAL SUSPENDED SOLIDS","mg/L",4
"03/12/2018","S65E","TOTAL SUSPENDED SOLIDS","mg/L",6
"03/26/2018","S65E","TOTAL SUSPENDED SOLIDS","mg/L",4
"04/09/2018","S65E","TOTAL SUSPENDED SOLIDS","mg/L",8
"04/23/2018","S65E","TOTAL SUSPENDED SOLIDS","mg/L",7
"05/07/2018","S65E","TOTAL SUSPENDED SOLIDS","mg/L",5
"05/21/2018","S65E","TOTAL SUSPENDED SOLIDS","mg/L",8
"06/04/2018","S65E","TOTAL SUSPENDED SOLIDS","mg/L",10
"06/18/2018","S65E","TOTAL SUSPENDED SOLIDS","mg/L",4
"07/02/2018","S65E","TOTAL SUSPENDED SOLIDS","mg/L",5
"07/16/2018","S65E","TOTAL SUSPENDED SOLIDS","mg/L",6
"07/30/2018","S65E","TOTAL SUSPENDED SOLIDS","mg/L",22
"08/06/2018","S65E","TOTAL SUSPENDED SOLIDS","mg/L",14
"08/20/2018","S65E","TOTAL SUSPENDED SOLIDS","mg/L",10
"09/04/2018","S65E","TOTAL SUSPENDED SOLIDS","mg/L",5
"09/17/2018","S65E","TOTAL SUSPENDED SOLIDS","mg/L",6
"10/01/2018","S65E","TOTAL SUSPENDED SOLIDS","mg/L",6
"10/04/2018","S65E","TOTAL SUSPENDED SOLIDS","mg/L",4
"10/15/2018","S65E","TOTAL SUSPENDED SOLIDS","mg/L",5
"10/29/2018","S65E","TOTAL SUSPENDED SOLIDS","mg/L",6
"11/13/2018","S65E","TOTAL SUSPENDED SOLIDS","mg/L",-3
"11/26/2018","S65E","TOTAL SUSPENDED SOLIDS","mg/L",5
"12/11/2018","S65E","TOTAL SUSPENDED SOLIDS","mg/L",3
"12/26/2018","S65E","TOTAL SUSPENDED SOLIDS","mg/L",6
"01/07/2019","S65E","TOTAL SUSPENDED SOLIDS","mg/L",3
"01/22/2019","S65E","TOTAL SUSPENDED SOLIDS","mg/L",8
"02/04/2019","S65E","TOTAL SUSPENDED SOLIDS","mg/L",9
"02/18/2019","S65E","TOTAL SUSPENDED SOLIDS","mg/L",9
"03/04/2019","S65E","TOTAL SUSPENDED SOLIDS","mg/L",7
"03/06/2019","S65E","TOTAL SUSPENDED SOLIDS","mg/L",9
"03/18/2019","S65E","TOTAL SUSPENDED SOLIDS","mg/L",7
"04/08/2019","S65E","TOTAL SUSPENDED SOLIDS","mg/L",8
"04/22/2019","S65E","TOTAL SUSPENDED SOLIDS","mg/L",9
"05/06/2019","S65E","TOTAL SUSPENDED SOLIDS","mg/L",8
"05/20/2019","S65E","TOTAL SUSPENDED SOLIDS","mg/L",10
"06/03/2019","S65E","TOTAL SUSPENDED SOLIDS","mg/L",7
"06/17/2019","S65E","TOTAL SUSPENDED SOLIDS","mg/L",5
"06/20/2019","S65E","TOTAL SUSPENDED SOLIDS","mg/L",6
"07/01/2019","S65E","TOTAL SUSPENDED SOLIDS","mg/L",9
"07/15/2019","S65E","TOTAL SUSPENDED SOLIDS","mg/L",4
"07/29/2019","S65E","TOTAL SUSPENDED SOLIDS","mg/L",9
"08/12/2019","S65E","TOTAL SUSPENDED SOLIDS","mg/L",4
"08/26/2019","S65E","TOTAL SUSPENDED SOLIDS","mg/L",6
"09/09/2019","S65E","TOTAL SUSPENDED SOLIDS","mg/L",4
"09/23/2019","S65E","TOTAL SUSPENDED SOLIDS","mg/L",5
"10/08/2019","S65E","TOTAL SUSPENDED SOLIDS","mg/L",4
"10/21/2019","S65E","TOTAL SUSPENDED SOLIDS","mg/L",3
"11/04/2019","S65E","TOTAL SUSPENDED SOLIDS","mg/L",4
"11/18/2019","S65E","TOTAL SUSPENDED SOLIDS","mg/L",-3
"12/02/2019","S65E","TOTAL SUSPENDED SOLIDS","mg/L",4
"12/16/2019","S65E","TOTAL SUSPENDED SOLIDS","mg/L",6
"12/30/2019","S65E","TOTAL SUSPENDED SOLIDS","mg/L",6
"01/13/2020","S65E","TOTAL SUSPENDED SOLIDS","mg/L",6
"01/27/2020","S65E","TOTAL SUSPENDED SOLIDS","mg/L",8
"02/10/2020","S65E","TOTAL SUSPENDED SOLIDS","mg/L",10
"02/24/2020","S65E","TOTAL SUSPENDED SOLIDS","mg/L",11
"03/09/2020","S65E","TOTAL SUSPENDED SOLIDS","mg/L",10
"03/23/2020","S65E","TOTAL SUSPENDED SOLIDS","mg/L",7
"04/06/2020","S65E","TOTAL SUSPENDED SOLIDS","mg/L",6
"04/20/2020","S65E","TOTAL SUSPENDED SOLIDS","mg/L",4
"05/04/2020","S65E","TOTAL SUSPENDED SOLIDS","mg/L",9
"05/18/2020","S65E","TOTAL SUSPENDED SOLIDS","mg/L",7
"06/01/2020","S65E","TOTAL SUSPENDED SOLIDS","mg/L",10
"06/15/2020","S65E","TOTAL SUSPENDED SOLIDS","mg/L",6
"06/29/2020","S65E","TOTAL SUSPENDED SOLIDS","mg/L",5
"07/13/2020","S65E","TOTAL SUSPENDED SOLIDS","mg/L",4
"07/27/2020","S65E","TOTAL SUSPENDED SOLIDS","mg/L",5
"08/10/2020","S65E","TOTAL SUSPENDED SOLIDS","mg/L",4
"08/24/2020","S65E","TOTAL SUSPENDED SOLIDS","mg/L",4
"09/08/2020","S65E","TOTAL SUSPENDED SOLIDS","mg/L",8
"09/21/2020","S65E","TOTAL SUSPENDED SOLIDS","mg/L",7
"10/05/2020","S65E","TOTAL SUSPENDED SOLIDS","mg/L",4
"10/19/2020","S65E","TOTAL SUSPENDED SOLIDS","mg/L",-4
"11/02/2020","S65E","TOTAL SUSPENDED SOLIDS","mg/L",5
"11/16/2020","S65E","TOTAL SUSPENDED SOLIDS","mg/L",-4
"11/30/2020","S65E","TOTAL SUSPENDED SOLIDS","mg/L",3
"12/14/2020","S65E","TOTAL SUSPENDED SOLIDS","mg/L",5
"12/28/2020","S65E","TOTAL SUSPENDED SOLIDS","mg/L",4
"01/11/2021","S65E","TOTAL SUSPENDED SOLIDS","mg/L",7
"01/25/2021","S65E","TOTAL SUSPENDED SOLIDS","mg/L",7
"02/08/2021","S65E","TOTAL SUSPENDED SOLIDS","mg/L",5
"02/22/2021","S65E","TOTAL SUSPENDED SOLIDS","mg/L",7
"03/08/2021","S65E","TOTAL SUSPENDED SOLIDS","mg/L",7
"03/22/2021","S65E","TOTAL SUSPENDED SOLIDS","mg/L",8
"04/05/2021","S65E","TOTAL SUSPENDED SOLIDS","mg/L",7
"04/19/2021","S65E","TOTAL SUSPENDED SOLIDS","mg/L",8
"05/03/2021","S65E","TOTAL SUSPENDED SOLIDS","mg/L",7
"05/17/2021","S65E","TOTAL SUSPENDED SOLIDS","mg/L",6
"06/01/2021","S65E","TOTAL SUSPENDED SOLIDS","mg/L",6
"06/14/2021","S65E","TOTAL SUSPENDED SOLIDS","mg/L",6
"06/28/2021","S65E","TOTAL SUSPENDED SOLIDS","mg/L",4
"07/12/2021","S65E","TOTAL SUSPENDED SOLIDS","mg/L",5
"07/26/2021","S65E","TOTAL SUSPENDED SOLIDS","mg/L",6
"08/09/2021","S65E","TOTAL SUSPENDED SOLIDS","mg/L",-4
"08/23/2021","S65E","TOTAL SUSPENDED SOLIDS","mg/L",6
"09/07/2021","S65E","TOTAL SUSPENDED SOLIDS","mg/L",5
"09/20/2021","S65E","TOTAL SUSPENDED SOLIDS","mg/L",-4
"10/04/2021","S65E","TOTAL SUSPENDED SOLIDS","mg/L",-4
"10/18/2021","S65E","TOTAL SUSPENDED SOLIDS","mg/L",4
"11/01/2021","S65E","TOTAL SUSPENDED SOLIDS","mg/L",5
"11/15/2021","S65E","TOTAL SUSPENDED SOLIDS","mg/L",7
"11/29/2021","S65E","TOTAL SUSPENDED SOLIDS","mg/L",7
"12/13/2021","S65E","TOTAL SUSPENDED SOLIDS","mg/L",5
"12/27/2021","S65E","TOTAL SUSPENDED SOLIDS","mg/L",4
"01/10/2022","S65E","TOTAL SUSPENDED SOLIDS","mg/L",7
"01/24/2022","S65E","TOTAL SUSPENDED SOLIDS","mg/L",5
"02/07/2022","S65E","TOTAL SUSPENDED SOLIDS","mg/L",9
"02/21/2022","S65E","TOTAL SUSPENDED SOLIDS","mg/L",9
"03/07/2022","S65E","TOTAL SUSPENDED SOLIDS","mg/L",6
"03/21/2022","S65E","TOTAL SUSPENDED SOLIDS","mg/L",8
"04/04/2022","S65E","TOTAL SUSPENDED SOLIDS","mg/L",9
"04/18/2022","S65E","TOTAL SUSPENDED SOLIDS","mg/L",8
"05/02/2022","S65E","TOTAL SUSPENDED SOLIDS","mg/L",5
"05/16/2022","S65E","TOTAL SUSPENDED SOLIDS","mg/L",6
"05/31/2022","S65E","TOTAL SUSPENDED SOLIDS","mg/L",9
"06/13/2022","S65E","TOTAL SUSPENDED SOLIDS","mg/L",4
"06/27/2022","S65E","TOTAL SUSPENDED SOLIDS","mg/L",4
"07/11/2022","S65E","TOTAL SUSPENDED SOLIDS","mg/L",-4
"07/25/2022","S65E","TOTAL SUSPENDED SOLIDS","mg/L",-4
"08/08/2022","S65E","TOTAL SUSPENDED SOLIDS","mg/L",-4
"08/22/2022","S65E","TOTAL SUSPENDED SOLIDS","mg/L",-6
"09/06/2022","S65E","TOTAL SUSPENDED SOLIDS","mg/L",-3
"09/19/2022","S65E","TOTAL SUSPENDED SOLIDS","mg/L",-4
"10/03/2022","S65E","TOTAL SUSPENDED SOLIDS","mg/L",14
"10/17/2022","S65E","TOTAL SUSPENDED SOLIDS","mg/L",4
"10/31/2022","S65E","TOTAL SUSPENDED SOLIDS","mg/L",4
"11/14/2022","S65E","TOTAL SUSPENDED SOLIDS","mg/L",4
"11/28/2022","S65E","TOTAL SUSPENDED SOLIDS","mg/L",-3
"12/12/2022","S65E","TOTAL SUSPENDED SOLIDS","mg/L",-4
"12/27/2022","S65E","TOTAL SUSPENDED SOLIDS","mg/L",-3
"01/09/2023","S65E","TOTAL SUSPENDED SOLIDS","mg/L",-4
"01/23/2023","S65E","TOTAL SUSPENDED SOLIDS","mg/L",-4
"02/06/2023","S65E","TOTAL SUSPENDED SOLIDS","mg/L",-3
"02/20/2023","S65E","TOTAL SUSPENDED SOLIDS","mg/L",-3
"03/06/2023","S65E","TOTAL SUSPENDED SOLIDS","mg/L",-3
"03/20/2023","S65E","TOTAL SUSPENDED SOLIDS","mg/L",3
"04/03/2023","S65E","TOTAL SUSPENDED SOLIDS","mg/L",-4
"04/17/2023","S65E","TOTAL SUSPENDED SOLIDS","mg/L",-3
"05/01/2023","S65E","TOTAL SUSPENDED SOLIDS","mg/L",6
"08/13/1974","S65E","TURBIDITY","NTU",7.25
"06/22/1976","S65E","TURBIDITY","NTU",5.2
"06/25/1976","S65E","TURBIDITY","NTU",4.7
"07/20/1976","S65E","TURBIDITY","NTU",1.9
"08/24/1976","S65E","TURBIDITY","NTU",8.15
"09/21/1976","S65E","TURBIDITY","NTU",4.7
"10/19/1976","S65E","TURBIDITY","NTU",5.05
"12/06/1976","S65E","TURBIDITY","NTU",1.8
"01/25/1977","S65E","TURBIDITY","NTU",1.95
"03/21/1977","S65E","TURBIDITY","NTU",1
"07/25/1977","S65E","TURBIDITY","NTU",2.35
"09/20/1977","S65E","TURBIDITY","NTU",0.8
"12/01/1977","S65E","TURBIDITY","NTU",0.65
"01/24/1978","S65E","TURBIDITY","NTU",2.1
"03/21/1978","S65E","TURBIDITY","NTU",2.85
"05/30/1978","S65E","TURBIDITY","NTU",2.55
"06/21/1978","S65E","TURBIDITY","NTU",1.35
"07/25/1978","S65E","TURBIDITY","NTU",1.75
"08/22/1978","S65E","TURBIDITY","NTU",2.15
"09/18/1978","S65E","TURBIDITY","NTU",2.55
"10/09/1978","S65E","TURBIDITY","NTU",1.75
"10/17/1978","S65E","TURBIDITY","NTU",2.05
"10/23/1978","S65E","TURBIDITY","NTU",1.6
"11/14/1978","S65E","TURBIDITY","NTU",1.35
"11/20/1978","S65E","TURBIDITY","NTU",1
"12/04/1978","S65E","TURBIDITY","NTU",1.5
"12/12/1978","S65E","TURBIDITY","NTU",0.6
"12/19/1978","S65E","TURBIDITY","NTU",1
"01/08/1979","S65E","TURBIDITY","NTU",1
"01/22/1979","S65E","TURBIDITY","NTU",3.1
"01/23/1979","S65E","TURBIDITY","NTU",2.55
"02/05/1979","S65E","TURBIDITY","NTU",2.3
"02/20/1979","S65E","TURBIDITY","NTU",4.06666666666667
"03/05/1979","S65E","TURBIDITY","NTU",3.4
"03/19/1979","S65E","TURBIDITY","NTU",2.3
"04/02/1979","S65E","TURBIDITY","NTU",3.8
"04/16/1979","S65E","TURBIDITY","NTU",2.6
"04/24/1979","S65E","TURBIDITY","NTU",2
"04/30/1979","S65E","TURBIDITY","NTU",2.1
"05/14/1979","S65E","TURBIDITY","NTU",1.8
"05/22/1979","S65E","TURBIDITY","NTU",2.35
"05/29/1979","S65E","TURBIDITY","NTU",1.8
"06/11/1979","S65E","TURBIDITY","NTU",1.1
"06/18/1979","S65E","TURBIDITY","NTU",1.45
"06/25/1979","S65E","TURBIDITY","NTU",1
"07/09/1979","S65E","TURBIDITY","NTU",1.2
"07/17/1979","S65E","TURBIDITY","NTU",1.2
"07/23/1979","S65E","TURBIDITY","NTU",0.9
"08/06/1979","S65E","TURBIDITY","NTU",1.4
"08/20/1979","S65E","TURBIDITY","NTU",1
"08/21/1979","S65E","TURBIDITY","NTU",1.5
"09/05/1979","S65E","TURBIDITY","NTU",2.2
"09/18/1979","S65E","TURBIDITY","NTU",2.33333333333333
"10/01/1979","S65E","TURBIDITY","NTU",0.8
"10/02/1979","S65E","TURBIDITY","NTU",1.2
"10/15/1979","S65E","TURBIDITY","NTU",2.5
"10/29/1979","S65E","TURBIDITY","NTU",1.4
"11/13/1979","S65E","TURBIDITY","NTU",1.2
"12/11/1979","S65E","TURBIDITY","NTU",1.2
"01/22/1980","S65E","TURBIDITY","NTU",0.7
"02/19/1980","S65E","TURBIDITY","NTU",1.3
"03/04/1980","S65E","TURBIDITY","NTU",1
"03/18/1980","S65E","TURBIDITY","NTU",1.4
"04/02/1980","S65E","TURBIDITY","NTU",2.3
"04/16/1980","S65E","TURBIDITY","NTU",1
"04/30/1980","S65E","TURBIDITY","NTU",0.9
"05/12/1980","S65E","TURBIDITY","NTU",1.2
"05/13/1980","S65E","TURBIDITY","NTU",1.3
"05/28/1980","S65E","TURBIDITY","NTU",2.1
"06/09/1980","S65E","TURBIDITY","NTU",1.3
"06/25/1980","S65E","TURBIDITY","NTU",0.6
"07/07/1980","S65E","TURBIDITY","NTU",0.8
"07/08/1980","S65E","TURBIDITY","NTU",1.1
"07/24/1980","S65E","TURBIDITY","NTU",2.3
"08/04/1980","S65E","TURBIDITY","NTU",1.2
"08/20/1980","S65E","TURBIDITY","NTU",1
"09/02/1980","S65E","TURBIDITY","NTU",1
"09/03/1980","S65E","TURBIDITY","NTU",1
"09/17/1980","S65E","TURBIDITY","NTU",1
"09/30/1980","S65E","TURBIDITY","NTU",1.5
"10/01/1980","S65E","TURBIDITY","NTU",1.1
"10/14/1980","S65E","TURBIDITY","NTU",0.7
"10/28/1980","S65E","TURBIDITY","NTU",1.13333333333333
"10/29/1980","S65E","TURBIDITY","NTU",0.7
"11/12/1980","S65E","TURBIDITY","NTU",0.8
"11/25/1980","S65E","TURBIDITY","NTU",1
"12/02/1980","S65E","TURBIDITY","NTU",1.06666666666667
"12/23/1980","S65E","TURBIDITY","NTU",1.2
"12/31/1980","S65E","TURBIDITY","NTU",1.1
"01/14/1981","S65E","TURBIDITY","NTU",1
"01/20/1981","S65E","TURBIDITY","NTU",0.8
"01/27/1981","S65E","TURBIDITY","NTU",1.1
"02/11/1981","S65E","TURBIDITY","NTU",0.9
"02/17/1981","S65E","TURBIDITY","NTU",1.6
"02/24/1981","S65E","TURBIDITY","NTU",0.9
"03/11/1981","S65E","TURBIDITY","NTU",1.2
"03/16/1981","S65E","TURBIDITY","NTU",0.8
"03/24/1981","S65E","TURBIDITY","NTU",1.3
"04/08/1981","S65E","TURBIDITY","NTU",0.7
"04/13/1981","S65E","TURBIDITY","NTU",0.533333333333333
"04/21/1981","S65E","TURBIDITY","NTU",1
"05/06/1981","S65E","TURBIDITY","NTU",0.7
"05/11/1981","S65E","TURBIDITY","NTU",0.6
"05/19/1981","S65E","TURBIDITY","NTU",0.9
"06/02/1981","S65E","TURBIDITY","NTU",0.6
"06/17/1981","S65E","TURBIDITY","NTU",1.8
"06/30/1981","S65E","TURBIDITY","NTU",1.5
"07/06/1981","S65E","TURBIDITY","NTU",1.2
"07/16/1981","S65E","TURBIDITY","NTU",1.6
"07/28/1981","S65E","TURBIDITY","NTU",2.1
"08/03/1981","S65E","TURBIDITY","NTU",1.9
"08/12/1981","S65E","TURBIDITY","NTU",0.7
"08/25/1981","S65E","TURBIDITY","NTU",2.83333333333333
"08/31/1981","S65E","TURBIDITY","NTU",5.5
"09/10/1981","S65E","TURBIDITY","NTU",3.8
"09/23/1981","S65E","TURBIDITY","NTU",3.2
"09/28/1981","S65E","TURBIDITY","NTU",1.96666666666667
"10/06/1981","S65E","TURBIDITY","NTU",1.8
"10/20/1981","S65E","TURBIDITY","NTU",1.56666666666667
"10/26/1981","S65E","TURBIDITY","NTU",1.2
"11/04/1981","S65E","TURBIDITY","NTU",1.4
"11/23/1981","S65E","TURBIDITY","NTU",1.46666666666667
"12/02/1981","S65E","TURBIDITY","NTU",1
"12/21/1981","S65E","TURBIDITY","NTU",1.2
"12/29/1981","S65E","TURBIDITY","NTU",1
"01/18/1982","S65E","TURBIDITY","NTU",0.8
"02/16/1982","S65E","TURBIDITY","NTU",2.9
"02/24/1982","S65E","TURBIDITY","NTU",1.9
"03/09/1982","S65E","TURBIDITY","NTU",1.5
"03/15/1982","S65E","TURBIDITY","NTU",1.2
"04/05/1982","S65E","TURBIDITY","NTU",1.8
"04/12/1982","S65E","TURBIDITY","NTU",1.2
"04/19/1982","S65E","TURBIDITY","NTU",2.5
"05/04/1982","S65E","TURBIDITY","NTU",1.7
"05/10/1982","S65E","TURBIDITY","NTU",3.6
"05/18/1982","S65E","TURBIDITY","NTU",4
"06/01/1982","S65E","TURBIDITY","NTU",6.3
"06/07/1982","S65E","TURBIDITY","NTU",2.4
"06/14/1982","S65E","TURBIDITY","NTU",2.6
"07/01/1982","S65E","TURBIDITY","NTU",4.7
"07/07/1982","S65E","TURBIDITY","NTU",5.7
"07/12/1982","S65E","TURBIDITY","NTU",5
"07/27/1982","S65E","TURBIDITY","NTU",4.2
"08/02/1982","S65E","TURBIDITY","NTU",6.4
"08/09/1982","S65E","TURBIDITY","NTU",4.1
"08/25/1982","S65E","TURBIDITY","NTU",2.73333333333333
"09/01/1982","S65E","TURBIDITY","NTU",4
"09/09/1982","S65E","TURBIDITY","NTU",2.1
"09/21/1982","S65E","TURBIDITY","NTU",2.9
"10/05/1982","S65E","TURBIDITY","NTU",2.7
"10/20/1982","S65E","TURBIDITY","NTU",3.03333333333333
"10/26/1982","S65E","TURBIDITY","NTU",1.76666666666667
"11/01/1982","S65E","TURBIDITY","NTU",2
"11/22/1982","S65E","TURBIDITY","NTU",1.45
"12/06/1982","S65E","TURBIDITY","NTU",1.5
"12/20/1982","S65E","TURBIDITY","NTU",2.5
"12/22/1982","S65E","TURBIDITY","NTU",3
"01/04/1983","S65E","TURBIDITY","NTU",1.7
"01/18/1983","S65E","TURBIDITY","NTU",2.5
"01/19/1983","S65E","TURBIDITY","NTU",1.2
"02/01/1983","S65E","TURBIDITY","NTU",1.4
"02/15/1983","S65E","TURBIDITY","NTU",14.6
"02/17/1983","S65E","TURBIDITY","NTU",6.1
"03/02/1983","S65E","TURBIDITY","NTU",2.9
"03/15/1983","S65E","TURBIDITY","NTU",4
"03/17/1983","S65E","TURBIDITY","NTU",4.7
"03/29/1983","S65E","TURBIDITY","NTU",3.3
"04/14/1983","S65E","TURBIDITY","NTU",4.93333333333333
"04/15/1983","S65E","TURBIDITY","NTU",3.5
"04/26/1983","S65E","TURBIDITY","NTU",5.5
"05/11/1983","S65E","TURBIDITY","NTU",2.3
"06/07/1983","S65E","TURBIDITY","NTU",1.9
"06/09/1983","S65E","TURBIDITY","NTU",1.2
"06/21/1983","S65E","TURBIDITY","NTU",1.9
"07/06/1983","S65E","TURBIDITY","NTU",1.5
"07/07/1983","S65E","TURBIDITY","NTU",2
"07/19/1983","S65E","TURBIDITY","NTU",2.5
"08/02/1983","S65E","TURBIDITY","NTU",2.2
"08/03/1983","S65E","TURBIDITY","NTU",1.8
"08/16/1983","S65E","TURBIDITY","NTU",3.1
"08/30/1983","S65E","TURBIDITY","NTU",2.4
"09/01/1983","S65E","TURBIDITY","NTU",12.5
"09/12/1983","S65E","TURBIDITY","NTU",2.4
"09/27/1983","S65E","TURBIDITY","NTU",3
"09/28/1983","S65E","TURBIDITY","NTU",2.66666666666667
"10/10/1983","S65E","TURBIDITY","NTU",1.8
"10/25/1983","S65E","TURBIDITY","NTU",1.8
"10/28/1983","S65E","TURBIDITY","NTU",1.5
"11/08/1983","S65E","TURBIDITY","NTU",2.8
"11/16/1983","S65E","TURBIDITY","NTU",1.2
"11/21/1983","S65E","TURBIDITY","NTU",1.5
"12/20/1983","S65E","TURBIDITY","NTU",4
"12/29/1983","S65E","TURBIDITY","NTU",4.6
"01/04/1984","S65E","TURBIDITY","NTU",6.5
"01/17/1984","S65E","TURBIDITY","NTU",4
"01/25/1984","S65E","TURBIDITY","NTU",2.7
"01/31/1984","S65E","TURBIDITY","NTU",3.6
"02/14/1984","S65E","TURBIDITY","NTU",5.3
"02/23/1984","S65E","TURBIDITY","NTU",3.8
"02/29/1984","S65E","TURBIDITY","NTU",5
"03/13/1984","S65E","TURBIDITY","NTU",1.9
"03/21/1984","S65E","TURBIDITY","NTU",3.83333333333333
"03/27/1984","S65E","TURBIDITY","NTU",5
"04/09/1984","S65E","TURBIDITY","NTU",4.8
"04/18/1984","S65E","TURBIDITY","NTU",4.2
"04/25/1984","S65E","TURBIDITY","NTU",8.5
"05/31/1984","S65E","TURBIDITY","NTU",10.5
"06/04/1984","S65E","TURBIDITY","NTU",3.8
"06/19/1984","S65E","TURBIDITY","NTU",2.5
"06/27/1984","S65E","TURBIDITY","NTU",1.7
"07/31/1984","S65E","TURBIDITY","NTU",1
"08/13/1984","S65E","TURBIDITY","NTU",3.7
"08/22/1984","S65E","TURBIDITY","NTU",3.3
"08/27/1984","S65E","TURBIDITY","NTU",3.3
"09/10/1984","S65E","TURBIDITY","NTU",2.3
"09/21/1984","S65E","TURBIDITY","NTU",1.4
"09/25/1984","S65E","TURBIDITY","NTU",1.1
"10/09/1984","S65E","TURBIDITY","NTU",1.8
"10/23/1984","S65E","TURBIDITY","NTU",0.8
"10/30/1984","S65E","TURBIDITY","NTU",1.36666666666667
"11/06/1984","S65E","TURBIDITY","NTU",1.8
"11/14/1984","S65E","TURBIDITY","NTU",2.8
"12/04/1984","S65E","TURBIDITY","NTU",2.3
"12/18/1984","S65E","TURBIDITY","NTU",2.4
"12/27/1984","S65E","TURBIDITY","NTU",1.4
"01/15/1985","S65E","TURBIDITY","NTU",6
"01/24/1985","S65E","TURBIDITY","NTU",1.9
"02/20/1985","S65E","TURBIDITY","NTU",1.6
"02/26/1985","S65E","TURBIDITY","NTU",1.9
"03/20/1985","S65E","TURBIDITY","NTU",1.7
"03/26/1985","S65E","TURBIDITY","NTU",2.2
"04/17/1985","S65E","TURBIDITY","NTU",2.3
"04/23/1985","S65E","TURBIDITY","NTU",1.5
"05/06/1985","S65E","TURBIDITY","NTU",0.9
"05/16/1985","S65E","TURBIDITY","NTU",2.3
"05/20/1985","S65E","TURBIDITY","NTU",1.3
"06/19/1985","S65E","TURBIDITY","NTU",3.2
"06/26/1985","S65E","TURBIDITY","NTU",1
"07/02/1985","S65E","TURBIDITY","NTU",2.7
"07/23/1985","S65E","TURBIDITY","NTU",2.2
"07/30/1985","S65E","TURBIDITY","NTU",1.6
"08/21/1985","S65E","TURBIDITY","NTU",0.7
"08/27/1985","S65E","TURBIDITY","NTU",1.2
"09/09/1985","S65E","TURBIDITY","NTU",1.8
"09/19/1985","S65E","TURBIDITY","NTU",1.7
"09/24/1985","S65E","TURBIDITY","NTU",1.1
"10/08/1985","S65E","TURBIDITY","NTU",2.4
"10/17/1985","S65E","TURBIDITY","NTU",0.733333333333333
"10/22/1985","S65E","TURBIDITY","NTU",1.2
"11/05/1985","S65E","TURBIDITY","NTU",1
"11/14/1985","S65E","TURBIDITY","NTU",0.7
"12/03/1985","S65E","TURBIDITY","NTU",1.7
"12/12/1985","S65E","TURBIDITY","NTU",0.7
"01/14/1986","S65E","TURBIDITY","NTU",1.1
"01/16/1986","S65E","TURBIDITY","NTU",0.8
"01/28/1986","S65E","TURBIDITY","NTU",3
"02/12/1986","S65E","TURBIDITY","NTU",3.5
"02/18/1986","S65E","TURBIDITY","NTU",3
"02/25/1986","S65E","TURBIDITY","NTU",4
"03/18/1986","S65E","TURBIDITY","NTU",3.3
"03/25/1986","S65E","TURBIDITY","NTU",2.6
"04/08/1986","S65E","TURBIDITY","NTU",4.8
"04/15/1986","S65E","TURBIDITY","NTU",5.7
"04/22/1986","S65E","TURBIDITY","NTU",3.5
"05/06/1986","S65E","TURBIDITY","NTU",1.8
"05/14/1986","S65E","TURBIDITY","NTU",2.8
"05/20/1986","S65E","TURBIDITY","NTU",2.2
"06/04/1986","S65E","TURBIDITY","NTU",1.6
"06/19/1986","S65E","TURBIDITY","NTU",2.3
"07/01/1986","S65E","TURBIDITY","NTU",3
"07/15/1986","S65E","TURBIDITY","NTU",1.7
"07/17/1986","S65E","TURBIDITY","NTU",1.4
"07/29/1986","S65E","TURBIDITY","NTU",5.9
"08/14/1986","S65E","TURBIDITY","NTU",0.85
"08/26/1986","S65E","TURBIDITY","NTU",2.3
"09/09/1986","S65E","TURBIDITY","NTU",2.2
"09/10/1986","S65E","TURBIDITY","NTU",1.2
"09/23/1986","S65E","TURBIDITY","NTU",1.4
"10/07/1986","S65E","TURBIDITY","NTU",1.4
"10/09/1986","S65E","TURBIDITY","NTU",0.6
"10/21/1986","S65E","TURBIDITY","NTU",1.2
"11/04/1986","S65E","TURBIDITY","NTU",1
"11/06/1986","S65E","TURBIDITY","NTU",1
"11/18/1986","S65E","TURBIDITY","NTU",2.6
"12/03/1986","S65E","TURBIDITY","NTU",1.4
"12/04/1986","S65E","TURBIDITY","NTU",2.7
"12/18/1986","S65E","TURBIDITY","NTU",2.5
"01/07/1987","S65E","TURBIDITY","NTU",6.4
"01/08/1987","S65E","TURBIDITY","NTU",2.4
"01/15/1987","S65E","TURBIDITY","NTU",3
"01/22/1987","S65E","TURBIDITY","NTU",3.65
"01/29/1987","S65E","TURBIDITY","NTU",2
"02/03/1987","S65E","TURBIDITY","NTU",4
"02/05/1987","S65E","TURBIDITY","NTU",4.9
"02/12/1987","S65E","TURBIDITY","NTU",4.4
"02/18/1987","S65E","TURBIDITY","NTU",7
"02/19/1987","S65E","TURBIDITY","NTU",5
"02/26/1987","S65E","TURBIDITY","NTU",4.2
"03/03/1987","S65E","TURBIDITY","NTU",5
"03/05/1987","S65E","TURBIDITY","NTU",5.5
"03/12/1987","S65E","TURBIDITY","NTU",4.9
"03/17/1987","S65E","TURBIDITY","NTU",3.1
"03/19/1987","S65E","TURBIDITY","NTU",2.9
"03/26/1987","S65E","TURBIDITY","NTU",1.8
"03/31/1987","S65E","TURBIDITY","NTU",1.9
"04/14/1987","S65E","TURBIDITY","NTU",5
"04/22/1987","S65E","TURBIDITY","NTU",4.8
"04/28/1987","S65E","TURBIDITY","NTU",4.3
"05/11/1987","S65E","TURBIDITY","NTU",2.5
"05/13/1987","S65E","TURBIDITY","NTU",2.7
"05/20/1987","S65E","TURBIDITY","NTU",2.7
"05/26/1987","S65E","TURBIDITY","NTU",1.8
"06/01/1987","S65E","TURBIDITY","NTU",1.5
"06/17/1987","S65E","TURBIDITY","NTU",2.4
"06/24/1987","S65E","TURBIDITY","NTU",1.5
"07/01/1987","S65E","TURBIDITY","NTU",3.2
"07/08/1987","S65E","TURBIDITY","NTU",2.1
"07/16/1987","S65E","TURBIDITY","NTU",3.2
"07/21/1987","S65E","TURBIDITY","NTU",1.3
"07/30/1987","S65E","TURBIDITY","NTU",0.9
"08/04/1987","S65E","TURBIDITY","NTU",1.7
"08/12/1987","S65E","TURBIDITY","NTU",3.6
"08/18/1987","S65E","TURBIDITY","NTU",1.7
"08/28/1987","S65E","TURBIDITY","NTU",1.3
"09/09/1987","S65E","TURBIDITY","NTU",1.7
"09/24/1987","S65E","TURBIDITY","NTU",2.1
"09/29/1987","S65E","TURBIDITY","NTU",1.5
"10/07/1987","S65E","TURBIDITY","NTU",3.1
"10/13/1987","S65E","TURBIDITY","NTU",1.9
"10/21/1987","S65E","TURBIDITY","NTU",2.4
"10/28/1987","S65E","TURBIDITY","NTU",1.1
"11/04/1987","S65E","TURBIDITY","NTU",2.7
"11/10/1987","S65E","TURBIDITY","NTU",2.3
"11/18/1987","S65E","TURBIDITY","NTU",2.8
"11/24/1987","S65E","TURBIDITY","NTU",4.2
"12/03/1987","S65E","TURBIDITY","NTU",3.5
"12/08/1987","S65E","TURBIDITY","NTU",4.6
"12/17/1987","S65E","TURBIDITY","NTU",2
"12/22/1987","S65E","TURBIDITY","NTU",4.3
"01/05/1988","S65E","TURBIDITY","NTU",2.1
"01/06/1988","S65E","TURBIDITY","NTU",2.4
"01/12/1988","S65E","TURBIDITY","NTU",3.8
"01/19/1988","S65E","TURBIDITY","NTU",2.45
"01/21/1988","S65E","TURBIDITY","NTU",1.9
"01/25/1988","S65E","TURBIDITY","NTU",2.7
"02/01/1988","S65E","TURBIDITY","NTU",2.6
"02/02/1988","S65E","TURBIDITY","NTU",2
"02/04/1988","S65E","TURBIDITY","NTU",2.3
"02/08/1988","S65E","TURBIDITY","NTU",3.4
"02/16/1988","S65E","TURBIDITY","NTU",1.7
"02/17/1988","S65E","TURBIDITY","NTU",1.8
"02/18/1988","S65E","TURBIDITY","NTU",2.2
"02/22/1988","S65E","TURBIDITY","NTU",2.1
"02/25/1988","S65E","TURBIDITY","NTU",6.2
"02/29/1988","S65E","TURBIDITY","NTU",4.3
"03/01/1988","S65E","TURBIDITY","NTU",2.6
"03/03/1988","S65E","TURBIDITY","NTU",2.7
"03/07/1988","S65E","TURBIDITY","NTU",1.3
"03/14/1988","S65E","TURBIDITY","NTU",3.5
"03/15/1988","S65E","TURBIDITY","NTU",4.2
"03/21/1988","S65E","TURBIDITY","NTU",9.3
"03/28/1988","S65E","TURBIDITY","NTU",5.9
"03/29/1988","S65E","TURBIDITY","NTU",4.1
"04/04/1988","S65E","TURBIDITY","NTU",3.2
"04/11/1988","S65E","TURBIDITY","NTU",2.35
"04/12/1988","S65E","TURBIDITY","NTU",3.1
"04/18/1988","S65E","TURBIDITY","NTU",3.8
"04/25/1988","S65E","TURBIDITY","NTU",3.85
"04/26/1988","S65E","TURBIDITY","NTU",2.9
"05/02/1988","S65E","TURBIDITY","NTU",4.3
"05/09/1988","S65E","TURBIDITY","NTU",2.15
"05/10/1988","S65E","TURBIDITY","NTU",2.7
"05/17/1988","S65E","TURBIDITY","NTU",2.4
"05/23/1988","S65E","TURBIDITY","NTU",2.7
"05/24/1988","S65E","TURBIDITY","NTU",2.7
"06/01/1988","S65E","TURBIDITY","NTU",3.1
"06/07/1988","S65E","TURBIDITY","NTU",1.75
"06/14/1988","S65E","TURBIDITY","NTU",1.7
"06/20/1988","S65E","TURBIDITY","NTU",1.3
"06/21/1988","S65E","TURBIDITY","NTU",1.8
"06/28/1988","S65E","TURBIDITY","NTU",2
"07/05/1988","S65E","TURBIDITY","NTU",7.1
"07/06/1988","S65E","TURBIDITY","NTU",6.1
"07/12/1988","S65E","TURBIDITY","NTU",6.1
"07/18/1988","S65E","TURBIDITY","NTU",2.8
"07/19/1988","S65E","TURBIDITY","NTU",1.9
"07/25/1988","S65E","TURBIDITY","NTU",0.9
"08/02/1988","S65E","TURBIDITY","NTU",1.2
"08/03/1988","S65E","TURBIDITY","NTU",1.3
"08/15/1988","S65E","TURBIDITY","NTU",1.4
"08/16/1988","S65E","TURBIDITY","NTU",3.2
"08/17/1988","S65E","TURBIDITY","NTU",2.3
"08/23/1988","S65E","TURBIDITY","NTU",2.2
"08/29/1988","S65E","TURBIDITY","NTU",1.4
"08/30/1988","S65E","TURBIDITY","NTU",1
"09/07/1988","S65E","TURBIDITY","NTU",2.6
"09/12/1988","S65E","TURBIDITY","NTU",2.65
"09/13/1988","S65E","TURBIDITY","NTU",4.3
"09/19/1988","S65E","TURBIDITY","NTU",6.1
"09/26/1988","S65E","TURBIDITY","NTU",3.15
"09/27/1988","S65E","TURBIDITY","NTU",2.8
"10/03/1988","S65E","TURBIDITY","NTU",2.5
"10/10/1988","S65E","TURBIDITY","NTU",2.3
"10/11/1988","S65E","TURBIDITY","NTU",2.6
"10/17/1988","S65E","TURBIDITY","NTU",2.5
"10/24/1988","S65E","TURBIDITY","NTU",2
"10/25/1988","S65E","TURBIDITY","NTU",1.6
"10/31/1988","S65E","TURBIDITY","NTU",1.9
"11/07/1988","S65E","TURBIDITY","NTU",2
"11/21/1988","S65E","TURBIDITY","NTU",1.4
"11/22/1988","S65E","TURBIDITY","NTU",1.2
"12/05/1988","S65E","TURBIDITY","NTU",1.8
"12/19/1988","S65E","TURBIDITY","NTU",1.8
"01/03/1989","S65E","TURBIDITY","NTU",1.8
"01/17/1989","S65E","TURBIDITY","NTU",2.75
"01/23/1989","S65E","TURBIDITY","NTU",3.1
"01/30/1989","S65E","TURBIDITY","NTU",3.05
"01/31/1989","S65E","TURBIDITY","NTU",2.4
"02/06/1989","S65E","TURBIDITY","NTU",4.2
"02/13/1989","S65E","TURBIDITY","NTU",3.1
"02/14/1989","S65E","TURBIDITY","NTU",2
"02/22/1989","S65E","TURBIDITY","NTU",3.6
"02/27/1989","S65E","TURBIDITY","NTU",2.95
"02/28/1989","S65E","TURBIDITY","NTU",3.3
"03/09/1989","S65E","TURBIDITY","NTU",4.5
"03/13/1989","S65E","TURBIDITY","NTU",3.3
"03/15/1989","S65E","TURBIDITY","NTU",4.8
"03/16/1989","S65E","TURBIDITY","NTU",3.3
"03/21/1989","S65E","TURBIDITY","NTU",3.1
"03/27/1989","S65E","TURBIDITY","NTU",2.85
"03/28/1989","S65E","TURBIDITY","NTU",1.9
"04/10/1989","S65E","TURBIDITY","NTU",3
"04/11/1989","S65E","TURBIDITY","NTU",2.9
"04/17/1989","S65E","TURBIDITY","NTU",3.4
"04/24/1989","S65E","TURBIDITY","NTU",5.5
"04/25/1989","S65E","TURBIDITY","NTU",6.2
"04/26/1989","S65E","TURBIDITY","NTU",4.3
"05/01/1989","S65E","TURBIDITY","NTU",4.9
"05/08/1989","S65E","TURBIDITY","NTU",3.85
"05/10/1989","S65E","TURBIDITY","NTU",4
"05/16/1989","S65E","TURBIDITY","NTU",3.1
"05/22/1989","S65E","TURBIDITY","NTU",3.6
"05/24/1989","S65E","TURBIDITY","NTU",5
"05/30/1989","S65E","TURBIDITY","NTU",3.6
"06/05/1989","S65E","TURBIDITY","NTU",3.9
"06/12/1989","S65E","TURBIDITY","NTU",3.9
"06/19/1989","S65E","TURBIDITY","NTU",3.2
"06/21/1989","S65E","TURBIDITY","NTU",3.7
"06/26/1989","S65E","TURBIDITY","NTU",4.4
"07/03/1989","S65E","TURBIDITY","NTU",4.7
"07/05/1989","S65E","TURBIDITY","NTU",4.9
"07/11/1989","S65E","TURBIDITY","NTU",6.1
"07/17/1989","S65E","TURBIDITY","NTU",6.2
"07/18/1989","S65E","TURBIDITY","NTU",4.6
"07/19/1989","S65E","TURBIDITY","NTU",5.3
"07/25/1989","S65E","TURBIDITY","NTU",3.2
"07/31/1989","S65E","TURBIDITY","NTU",4.3
"08/02/1989","S65E","TURBIDITY","NTU",9.9
"08/08/1989","S65E","TURBIDITY","NTU",7.4
"08/14/1989","S65E","TURBIDITY","NTU",2.6
"08/15/1989","S65E","TURBIDITY","NTU",4.3
"08/22/1989","S65E","TURBIDITY","NTU",3.3
"08/28/1989","S65E","TURBIDITY","NTU",2.1
"08/29/1989","S65E","TURBIDITY","NTU",5.1
"09/05/1989","S65E","TURBIDITY","NTU",3.8
"09/11/1989","S65E","TURBIDITY","NTU",4.3
"09/12/1989","S65E","TURBIDITY","NTU",1.8
"09/13/1989","S65E","TURBIDITY","NTU",2.1
"09/19/1989","S65E","TURBIDITY","NTU",4.8
"09/25/1989","S65E","TURBIDITY","NTU",17
"09/27/1989","S65E","TURBIDITY","NTU",2.25
"10/03/1989","S65E","TURBIDITY","NTU",2.9
"10/09/1989","S65E","TURBIDITY","NTU",0.95
"10/11/1989","S65E","TURBIDITY","NTU",1.3
"10/23/1989","S65E","TURBIDITY","NTU",1.1
"10/24/1989","S65E","TURBIDITY","NTU",1.1
"11/06/1989","S65E","TURBIDITY","NTU",1.2
"11/08/1989","S65E","TURBIDITY","NTU",0.8
"11/20/1989","S65E","TURBIDITY","NTU",1.3
"12/04/1989","S65E","TURBIDITY","NTU",0.8
"12/18/1989","S65E","TURBIDITY","NTU",1.7
"01/02/1990","S65E","TURBIDITY","NTU",1
"01/03/1990","S65E","TURBIDITY","NTU",1
"01/09/1990","S65E","TURBIDITY","NTU",1.5
"01/16/1990","S65E","TURBIDITY","NTU",1.85
"01/23/1990","S65E","TURBIDITY","NTU",2.9
"01/30/1990","S65E","TURBIDITY","NTU",4.15
"02/06/1990","S65E","TURBIDITY","NTU",1.3
"02/13/1990","S65E","TURBIDITY","NTU",4.7
"02/20/1990","S65E","TURBIDITY","NTU",1.7
"02/27/1990","S65E","TURBIDITY","NTU",6.5
"02/28/1990","S65E","TURBIDITY","NTU",5.4
"03/16/1990","S65E","TURBIDITY","NTU",2.8
"03/26/1990","S65E","TURBIDITY","NTU",2.4
"03/27/1990","S65E","TURBIDITY","NTU",2.9
"04/11/1990","S65E","TURBIDITY","NTU",2.8
"04/23/1990","S65E","TURBIDITY","NTU",2.2
"05/07/1990","S65E","TURBIDITY","NTU",2.3
"05/21/1990","S65E","TURBIDITY","NTU",11.6
"06/05/1990","S65E","TURBIDITY","NTU",2.1
"06/18/1990","S65E","TURBIDITY","NTU",1.6
"07/02/1990","S65E","TURBIDITY","NTU",2.5
"07/03/1990","S65E","TURBIDITY","NTU",1.5
"07/16/1990","S65E","TURBIDITY","NTU",1.7
"07/30/1990","S65E","TURBIDITY","NTU",2.4
"08/13/1990","S65E","TURBIDITY","NTU",2
"08/27/1990","S65E","TURBIDITY","NTU",2.5
"09/10/1990","S65E","TURBIDITY","NTU",2.9
"09/24/1990","S65E","TURBIDITY","NTU",0.8
"10/08/1990","S65E","TURBIDITY","NTU",2.5
"10/22/1990","S65E","TURBIDITY","NTU",3.6
"11/05/1990","S65E","TURBIDITY","NTU",1.1
"11/20/1990","S65E","TURBIDITY","NTU",1.1
"12/03/1990","S65E","TURBIDITY","NTU",0.9
"12/17/1990","S65E","TURBIDITY","NTU",0.8
"12/31/1990","S65E","TURBIDITY","NTU",1.5
"01/14/1991","S65E","TURBIDITY","NTU",1.1
"01/28/1991","S65E","TURBIDITY","NTU",1.4
"02/11/1991","S65E","TURBIDITY","NTU",1.6
"02/26/1991","S65E","TURBIDITY","NTU",1.8
"03/11/1991","S65E","TURBIDITY","NTU",1
"03/25/1991","S65E","TURBIDITY","NTU",1.1
"04/08/1991","S65E","TURBIDITY","NTU",1
"04/22/1991","S65E","TURBIDITY","NTU",1.6
"05/06/1991","S65E","TURBIDITY","NTU",4.9
"05/20/1991","S65E","TURBIDITY","NTU",2.5
"06/03/1991","S65E","TURBIDITY","NTU",3.6
"06/18/1991","S65E","TURBIDITY","NTU",2.6
"07/01/1991","S65E","TURBIDITY","NTU",2.6
"07/15/1991","S65E","TURBIDITY","NTU",1.6
"07/29/1991","S65E","TURBIDITY","NTU",3.2
"08/12/1991","S65E","TURBIDITY","NTU",2.8
"08/26/1991","S65E","TURBIDITY","NTU",3.8
"08/28/1991","S65E","TURBIDITY","NTU",2.8
"09/09/1991","S65E","TURBIDITY","NTU",3.1
"09/23/1991","S65E","TURBIDITY","NTU",1.6
"10/07/1991","S65E","TURBIDITY","NTU",1.5
"10/21/1991","S65E","TURBIDITY","NTU",2.2
"11/04/1991","S65E","TURBIDITY","NTU",2
"11/20/1991","S65E","TURBIDITY","NTU",1.6
"12/02/1991","S65E","TURBIDITY","NTU",1.4
"12/16/1991","S65E","TURBIDITY","NTU",1.1
"12/30/1991","S65E","TURBIDITY","NTU",2.2
"01/13/1992","S65E","TURBIDITY","NTU",2.1
"01/27/1992","S65E","TURBIDITY","NTU",1.3
"02/11/1992","S65E","TURBIDITY","NTU",2.3
"02/27/1992","S65E","TURBIDITY","NTU",3.3
"03/11/1992","S65E","TURBIDITY","NTU",5.8
"03/26/1992","S65E","TURBIDITY","NTU",1.9
"04/07/1992","S65E","TURBIDITY","NTU",2.2
"04/21/1992","S65E","TURBIDITY","NTU",3.3
"05/05/1992","S65E","TURBIDITY","NTU",4.2
"05/19/1992","S65E","TURBIDITY","NTU",2.8
"06/02/1992","S65E","TURBIDITY","NTU",3.9
"06/16/1992","S65E","TURBIDITY","NTU",2.4
"06/30/1992","S65E","TURBIDITY","NTU",2.2
"07/08/1992","S65E","TURBIDITY","NTU",2
"07/14/1992","S65E","TURBIDITY","NTU",2.7
"07/28/1992","S65E","TURBIDITY","NTU",1.6
"08/11/1992","S65E","TURBIDITY","NTU",1.1
"08/26/1992","S65E","TURBIDITY","NTU",3
"09/10/1992","S65E","TURBIDITY","NTU",2.5
"09/22/1992","S65E","TURBIDITY","NTU",1.4
"10/06/1992","S65E","TURBIDITY","NTU",1.8
"10/20/1992","S65E","TURBIDITY","NTU",1.8
"11/03/1992","S65E","TURBIDITY","NTU",1.4
"11/17/1992","S65E","TURBIDITY","NTU",1.3
"11/18/1992","S65E","TURBIDITY","NTU",1.3
"12/02/1992","S65E","TURBIDITY","NTU",1
"12/15/1992","S65E","TURBIDITY","NTU",1.5
"12/30/1992","S65E","TURBIDITY","NTU",2.3
"01/11/1993","S65E","TURBIDITY","NTU",0.8
"01/27/1993","S65E","TURBIDITY","NTU",4.6
"02/08/1993","S65E","TURBIDITY","NTU",2
"02/23/1993","S65E","TURBIDITY","NTU",2
"03/08/1993","S65E","TURBIDITY","NTU",1.5
"03/23/1993","S65E","TURBIDITY","NTU",1.15
"04/20/1993","S65E","TURBIDITY","NTU",2.7
"05/04/1993","S65E","TURBIDITY","NTU",1.8
"05/18/1993","S65E","TURBIDITY","NTU",1.3
"05/20/1993","S65E","TURBIDITY","NTU",1.8
"06/01/1993","S65E","TURBIDITY","NTU",1.5
"06/15/1993","S65E","TURBIDITY","NTU",1
"06/26/1993","S65E","TURBIDITY","NTU",0.9
"06/29/1993","S65E","TURBIDITY","NTU",1.5
"07/13/1993","S65E","TURBIDITY","NTU",1.2
"07/27/1993","S65E","TURBIDITY","NTU",1.5
"08/10/1993","S65E","TURBIDITY","NTU",1
"08/24/1993","S65E","TURBIDITY","NTU",23
"09/07/1993","S65E","TURBIDITY","NTU",1.5
"09/21/1993","S65E","TURBIDITY","NTU",0.9
"10/05/1993","S65E","TURBIDITY","NTU",0.8
"10/19/1993","S65E","TURBIDITY","NTU",0.6
"11/02/1993","S65E","TURBIDITY","NTU",0.6
"11/16/1993","S65E","TURBIDITY","NTU",1
"12/01/1993","S65E","TURBIDITY","NTU",0.5
"12/14/1993","S65E","TURBIDITY","NTU",0.58
"12/28/1993","S65E","TURBIDITY","NTU",0.6
"01/11/1994","S65E","TURBIDITY","NTU",0.9
"01/19/1994","S65E","TURBIDITY","NTU",0.9
"01/25/1994","S65E","TURBIDITY","NTU",1
"02/08/1994","S65E","TURBIDITY","NTU",0.9
"02/15/1994","S65E","TURBIDITY","NTU",0.9
"02/22/1994","S65E","TURBIDITY","NTU",1.2
"03/08/1994","S65E","TURBIDITY","NTU",1.4
"03/15/1994","S65E","TURBIDITY","NTU",1.2
"03/22/1994","S65E","TURBIDITY","NTU",1.8
"04/05/1994","S65E","TURBIDITY","NTU",2.2
"04/12/1994","S65E","TURBIDITY","NTU",2.475
"04/19/1994","S65E","TURBIDITY","NTU",2.8
"05/03/1994","S65E","TURBIDITY","NTU",1.9
"05/17/1994","S65E","TURBIDITY","NTU",1.72
"05/31/1994","S65E","TURBIDITY","NTU",1.23
"06/14/1994","S65E","TURBIDITY","NTU",1.645
"06/28/1994","S65E","TURBIDITY","NTU",1.2
"07/12/1994","S65E","TURBIDITY","NTU",2
"07/19/1994","S65E","TURBIDITY","NTU",1.98
"07/26/1994","S65E","TURBIDITY","NTU",2.1
"08/03/1994","S65E","TURBIDITY","NTU",2
"08/09/1994","S65E","TURBIDITY","NTU",1.59
"08/23/1994","S65E","TURBIDITY","NTU",1.06
"09/06/1994","S65E","TURBIDITY","NTU",2.9
"09/20/1994","S65E","TURBIDITY","NTU",2.6
"10/04/1994","S65E","TURBIDITY","NTU",2.9
"10/18/1994","S65E","TURBIDITY","NTU",1.65
"11/01/1994","S65E","TURBIDITY","NTU",1.89
"11/15/1994","S65E","TURBIDITY","NTU",1.62
"11/29/1994","S65E","TURBIDITY","NTU",2.1
"12/13/1994","S65E","TURBIDITY","NTU",1.17
"12/27/1994","S65E","TURBIDITY","NTU",1.45
"01/10/1995","S65E","TURBIDITY","NTU",1.05
"01/24/1995","S65E","TURBIDITY","NTU",1.24
"02/21/1995","S65E","TURBIDITY","NTU",3.1
"03/07/1995","S65E","TURBIDITY","NTU",1.27
"03/21/1995","S65E","TURBIDITY","NTU",1.74
"04/04/1995","S65E","TURBIDITY","NTU",1.39
"04/18/1995","S65E","TURBIDITY","NTU",1.2
"05/02/1995","S65E","TURBIDITY","NTU",2.4
"05/16/1995","S65E","TURBIDITY","NTU",3.6
"05/30/1995","S65E","TURBIDITY","NTU",2
"06/13/1995","S65E","TURBIDITY","NTU",2.6
"06/27/1995","S65E","TURBIDITY","NTU",3.7
"07/11/1995","S65E","TURBIDITY","NTU",1.9
"07/25/1995","S65E","TURBIDITY","NTU",1.44
"08/08/1995","S65E","TURBIDITY","NTU",4
"08/22/1995","S65E","TURBIDITY","NTU",4.4
"09/05/1995","S65E","TURBIDITY","NTU",6.4
"09/19/1995","S65E","TURBIDITY","NTU",2.61
"10/03/1995","S65E","TURBIDITY","NTU",1.34
"10/17/1995","S65E","TURBIDITY","NTU",1.95
"10/31/1995","S65E","TURBIDITY","NTU",1.87
"11/14/1995","S65E","TURBIDITY","NTU",1.72
"11/28/1995","S65E","TURBIDITY","NTU",1.4
"12/12/1995","S65E","TURBIDITY","NTU",2.13
"12/26/1995","S65E","TURBIDITY","NTU",2.19
"01/09/1996","S65E","TURBIDITY","NTU",2.78
"01/23/1996","S65E","TURBIDITY","NTU",5.04
"02/06/1996","S65E","TURBIDITY","NTU",4.954
"02/20/1996","S65E","TURBIDITY","NTU",7.53025
"03/05/1996","S65E","TURBIDITY","NTU",3.4325
"03/19/1996","S65E","TURBIDITY","NTU",2.895
"04/02/1996","S65E","TURBIDITY","NTU",4.695
"04/16/1996","S65E","TURBIDITY","NTU",4.4675
"04/30/1996","S65E","TURBIDITY","NTU",2.4082
"05/14/1996","S65E","TURBIDITY","NTU",1.4055
"05/20/1996","S65E","TURBIDITY","NTU",0.905
"05/28/1996","S65E","TURBIDITY","NTU",1.3075
"06/11/1996","S65E","TURBIDITY","NTU",1.45
"06/25/1996","S65E","TURBIDITY","NTU",1.20725
"07/09/1996","S65E","TURBIDITY","NTU",0.923
"07/23/1996","S65E","TURBIDITY","NTU",0.535
"08/06/1996","S65E","TURBIDITY","NTU",0.3885
"08/20/1996","S65E","TURBIDITY","NTU",0.645
"09/03/1996","S65E","TURBIDITY","NTU",0.92
"09/17/1996","S65E","TURBIDITY","NTU",0.575
"10/01/1996","S65E","TURBIDITY","NTU",0.48
"10/15/1996","S65E","TURBIDITY","NTU",0.64
"10/29/1996","S65E","TURBIDITY","NTU",0.58
"11/04/1996","S65E","TURBIDITY","NTU",3.66
"11/12/1996","S65E","TURBIDITY","NTU",0.9456
"11/26/1996","S65E","TURBIDITY","NTU",0.902
"12/10/1996","S65E","TURBIDITY","NTU",0.615
"12/26/1996","S65E","TURBIDITY","NTU",1.094
"01/07/1997","S65E","TURBIDITY","NTU",0.745
"01/21/1997","S65E","TURBIDITY","NTU",1.472
"02/05/1997","S65E","TURBIDITY","NTU",3.285
"02/18/1997","S65E","TURBIDITY","NTU",1.848
"02/24/1997","S65E","TURBIDITY","NTU",2.51
"03/04/1997","S65E","TURBIDITY","NTU",1.2
"03/18/1997","S65E","TURBIDITY","NTU",2.82
"04/01/1997","S65E","TURBIDITY","NTU",1.06
"04/15/1997","S65E","TURBIDITY","NTU",2.23
"04/29/1997","S65E","TURBIDITY","NTU",3.88
"05/13/1997","S65E","TURBIDITY","NTU",3
"05/19/1997","S65E","TURBIDITY","NTU",2.77
"05/27/1997","S65E","TURBIDITY","NTU",1.565
"06/10/1997","S65E","TURBIDITY","NTU",2.55
"06/24/1997","S65E","TURBIDITY","NTU",0.83
"07/08/1997","S65E","TURBIDITY","NTU",2.81
"07/22/1997","S65E","TURBIDITY","NTU",1.15
"08/05/1997","S65E","TURBIDITY","NTU",3.11
"08/19/1997","S65E","TURBIDITY","NTU",2.66
"08/28/1997","S65E","TURBIDITY","NTU",3.68
"09/02/1997","S65E","TURBIDITY","NTU",1.358
"09/16/1997","S65E","TURBIDITY","NTU",1.97
"09/30/1997","S65E","TURBIDITY","NTU",1.32
"10/14/1997","S65E","TURBIDITY","NTU",1.17
"10/28/1997","S65E","TURBIDITY","NTU",1.45
"11/12/1997","S65E","TURBIDITY","NTU",1.57
"11/17/1997","S65E","TURBIDITY","NTU",6.62
"12/09/1997","S65E","TURBIDITY","NTU",2.7
"12/23/1997","S65E","TURBIDITY","NTU",8.39
"01/06/1998","S65E","TURBIDITY","NTU",8.22
"01/20/1998","S65E","TURBIDITY","NTU",5.18
"02/03/1998","S65E","TURBIDITY","NTU",6.19
"02/17/1998","S65E","TURBIDITY","NTU",5.11
"02/18/1998","S65E","TURBIDITY","NTU",5.31
"03/03/1998","S65E","TURBIDITY","NTU",5.6
"03/17/1998","S65E","TURBIDITY","NTU",3.25
"03/31/1998","S65E","TURBIDITY","NTU",5.14
"04/14/1998","S65E","TURBIDITY","NTU",4.4
"04/28/1998","S65E","TURBIDITY","NTU",2.52
"05/12/1998","S65E","TURBIDITY","NTU",1.74
"05/18/1998","S65E","TURBIDITY","NTU",2.23
"05/26/1998","S65E","TURBIDITY","NTU",1.31
"06/09/1998","S65E","TURBIDITY","NTU",1.47
"06/23/1998","S65E","TURBIDITY","NTU",1.7
"07/07/1998","S65E","TURBIDITY","NTU",4.22
"07/21/1998","S65E","TURBIDITY","NTU",1.53
"08/04/1998","S65E","TURBIDITY","NTU",2.03
"08/18/1998","S65E","TURBIDITY","NTU",1.78
"08/24/1998","S65E","TURBIDITY","NTU",1.42
"09/01/1998","S65E","TURBIDITY","NTU",2.12
"09/15/1998","S65E","TURBIDITY","NTU",1.4
"09/29/1998","S65E","TURBIDITY","NTU",2.29
"10/13/1998","S65E","TURBIDITY","NTU",1.44
"10/27/1998","S65E","TURBIDITY","NTU",1.7
"11/09/1998","S65E","TURBIDITY","NTU",2.78
"11/24/1998","S65E","TURBIDITY","NTU",1.29
"12/08/1998","S65E","TURBIDITY","NTU",2.38
"12/22/1998","S65E","TURBIDITY","NTU",1.5
"01/05/1999","S65E","TURBIDITY","NTU",1.88
"01/19/1999","S65E","TURBIDITY","NTU",1.11
"01/25/1999","S65E","TURBIDITY","NTU",1.63
"02/02/1999","S65E","TURBIDITY","NTU",1.17
"02/16/1999","S65E","TURBIDITY","NTU",1.94
"03/02/1999","S65E","TURBIDITY","NTU",0.9675
"03/16/1999","S65E","TURBIDITY","NTU",0.812
"03/30/1999","S65E","TURBIDITY","NTU",2.7
"04/13/1999","S65E","TURBIDITY","NTU",7.12
"04/19/1999","S65E","TURBIDITY","NTU",3.91
"04/27/1999","S65E","TURBIDITY","NTU",4.27
"05/11/1999","S65E","TURBIDITY","NTU",3.95
"05/25/1999","S65E","TURBIDITY","NTU",5.36
"06/08/1999","S65E","TURBIDITY","NTU",2.95
"06/22/1999","S65E","TURBIDITY","NTU",3.17
"07/06/1999","S65E","TURBIDITY","NTU",1.0355
"07/20/1999","S65E","TURBIDITY","NTU",1.3995
"07/26/1999","S65E","TURBIDITY","NTU",2.09
"08/03/1999","S65E","TURBIDITY","NTU",0.695
"08/17/1999","S65E","TURBIDITY","NTU",2.01
"08/31/1999","S65E","TURBIDITY","NTU",3.09
"09/16/1999","S65E","TURBIDITY","NTU",1.51
"09/28/1999","S65E","TURBIDITY","NTU",1.6
"10/12/1999","S65E","TURBIDITY","NTU",4.18
"10/18/1999","S65E","TURBIDITY","NTU",7.1
"10/26/1999","S65E","TURBIDITY","NTU",11.7
"11/09/1999","S65E","TURBIDITY","NTU",8.29
"11/23/1999","S65E","TURBIDITY","NTU",10.4
"12/07/1999","S65E","TURBIDITY","NTU",6.9085
"12/21/1999","S65E","TURBIDITY","NTU",5.7
"01/04/2000","S65E","TURBIDITY","NTU",5.586
"01/18/2000","S65E","TURBIDITY","NTU",3.77
"01/24/2000","S65E","TURBIDITY","NTU",11.2
"02/01/2000","S65E","TURBIDITY","NTU",8.63
"02/15/2000","S65E","TURBIDITY","NTU",6.84
"02/29/2000","S65E","TURBIDITY","NTU",3.24
"03/14/2000","S65E","TURBIDITY","NTU",3.68
"03/28/2000","S65E","TURBIDITY","NTU",5.03
"04/11/2000","S65E","TURBIDITY","NTU",4.53
"04/17/2000","S65E","TURBIDITY","NTU",4.73
"04/24/2000","S65E","TURBIDITY","NTU",3.055
"05/09/2000","S65E","TURBIDITY","NTU",4.07
"05/23/2000","S65E","TURBIDITY","NTU",5.4
"06/06/2000","S65E","TURBIDITY","NTU",2.55
"06/20/2000","S65E","TURBIDITY","NTU",2.49
"07/05/2000","S65E","TURBIDITY","NTU",1.74
"07/18/2000","S65E","TURBIDITY","NTU",1.65
"07/25/2000","S65E","TURBIDITY","NTU",1.45
"08/01/2000","S65E","TURBIDITY","NTU",0.84
"08/15/2000","S65E","TURBIDITY","NTU",0.9
"08/29/2000","S65E","TURBIDITY","NTU",1.98
"09/12/2000","S65E","TURBIDITY","NTU",1.37
"09/26/2000","S65E","TURBIDITY","NTU",2.04
"10/10/2000","S65E","TURBIDITY","NTU",0.755
"10/16/2000","S65E","TURBIDITY","NTU",1.86
"10/24/2000","S65E","TURBIDITY","NTU",1.63
"11/07/2000","S65E","TURBIDITY","NTU",2.71
"11/21/2000","S65E","TURBIDITY","NTU",2.68
"12/05/2000","S65E","TURBIDITY","NTU",2.14
"12/19/2000","S65E","TURBIDITY","NTU",2.28
"01/02/2001","S65E","TURBIDITY","NTU",1.1075
"01/16/2001","S65E","TURBIDITY","NTU",2.19
"01/22/2001","S65E","TURBIDITY","NTU",2.57
"01/30/2001","S65E","TURBIDITY","NTU",2.5
"02/13/2001","S65E","TURBIDITY","NTU",2.33
"02/27/2001","S65E","TURBIDITY","NTU",2.22
"03/13/2001","S65E","TURBIDITY","NTU",3.46
"03/27/2001","S65E","TURBIDITY","NTU",3.01
"04/10/2001","S65E","TURBIDITY","NTU",3.06
"04/16/2001","S65E","TURBIDITY","NTU",1.395
"04/24/2001","S65E","TURBIDITY","NTU",1.912
"05/08/2001","S65E","TURBIDITY","NTU",1.385
"05/22/2001","S65E","TURBIDITY","NTU",3.07
"06/05/2001","S65E","TURBIDITY","NTU",1.23
"06/19/2001","S65E","TURBIDITY","NTU",0.48
"07/03/2001","S65E","TURBIDITY","NTU",0.4938
"07/16/2001","S65E","TURBIDITY","NTU",1.55
"07/17/2001","S65E","TURBIDITY","NTU",2.14
"07/31/2001","S65E","TURBIDITY","NTU",1.23
"08/14/2001","S65E","TURBIDITY","NTU",5.02
"08/28/2001","S65E","TURBIDITY","NTU",2.2
"09/11/2001","S65E","TURBIDITY","NTU",1.266
"09/25/2001","S65E","TURBIDITY","NTU",2.9
"10/08/2001","S65E","TURBIDITY","NTU",2.52
"10/09/2001","S65E","TURBIDITY","NTU",2.52
"11/06/2001","S65E","TURBIDITY","NTU",1.17
"11/20/2001","S65E","TURBIDITY","NTU",1.42
"12/04/2001","S65E","TURBIDITY","NTU",1.66
"12/18/2001","S65E","TURBIDITY","NTU",3.2
"01/02/2002","S65E","TURBIDITY","NTU",1.905
"01/15/2002","S65E","TURBIDITY","NTU",1.22
"01/29/2002","S65E","TURBIDITY","NTU",1.195
"02/12/2002","S65E","TURBIDITY","NTU",1.51
"02/26/2002","S65E","TURBIDITY","NTU",3.36
"03/12/2002","S65E","TURBIDITY","NTU",2.93
"03/18/2002","S65E","TURBIDITY","NTU",0.925
"03/26/2002","S65E","TURBIDITY","NTU",2.37
"04/09/2002","S65E","TURBIDITY","NTU",1.545
"04/23/2002","S65E","TURBIDITY","NTU",2.22
"05/07/2002","S65E","TURBIDITY","NTU",1.91
"05/21/2002","S65E","TURBIDITY","NTU",1.5
"06/04/2002","S65E","TURBIDITY","NTU",1.79
"06/18/2002","S65E","TURBIDITY","NTU",0.673333333333333
"06/24/2002","S65E","TURBIDITY","NTU",1.785
"07/02/2002","S65E","TURBIDITY","NTU",5.45
"07/16/2002","S65E","TURBIDITY","NTU",1.995
"07/30/2002","S65E","TURBIDITY","NTU",1.215
"08/13/2002","S65E","TURBIDITY","NTU",2.03
"08/27/2002","S65E","TURBIDITY","NTU",1.01
"09/10/2002","S65E","TURBIDITY","NTU",1.605
"09/16/2002","S65E","TURBIDITY","NTU",2.39
"09/24/2002","S65E","TURBIDITY","NTU",0.72
"10/08/2002","S65E","TURBIDITY","NTU",2.33
"10/22/2002","S65E","TURBIDITY","NTU",3.07
"11/05/2002","S65E","TURBIDITY","NTU",2.91
"11/19/2002","S65E","TURBIDITY","NTU",2.85
"12/03/2002","S65E","TURBIDITY","NTU",2.69
"12/17/2002","S65E","TURBIDITY","NTU",2.468
"12/30/2002","S65E","TURBIDITY","NTU",3.295
"01/14/2003","S65E","TURBIDITY","NTU",5.82
"01/28/2003","S65E","TURBIDITY","NTU",2.03
"02/11/2003","S65E","TURBIDITY","NTU",1.83
"02/25/2003","S65E","TURBIDITY","NTU",2.34
"03/11/2003","S65E","TURBIDITY","NTU",1.95
"03/24/2003","S65E","TURBIDITY","NTU",3.615
"03/25/2003","S65E","TURBIDITY","NTU",4.41
"04/08/2003","S65E","TURBIDITY","NTU",2.37
"04/22/2003","S65E","TURBIDITY","NTU",1.79
"05/06/2003","S65E","TURBIDITY","NTU",1.37
"05/20/2003","S65E","TURBIDITY","NTU",2.21
"06/03/2003","S65E","TURBIDITY","NTU",1.7295
"06/16/2003","S65E","TURBIDITY","NTU",4.82
"06/17/2003","S65E","TURBIDITY","NTU",2.255
"07/01/2003","S65E","TURBIDITY","NTU",3.03
"07/15/2003","S65E","TURBIDITY","NTU",2.26
"07/29/2003","S65E","TURBIDITY","NTU",2.47
"08/12/2003","S65E","TURBIDITY","NTU",2.19
"08/26/2003","S65E","TURBIDITY","NTU",6.08
"09/09/2003","S65E","TURBIDITY","NTU",2.6
"09/15/2003","S65E","TURBIDITY","NTU",2.8
"09/23/2003","S65E","TURBIDITY","NTU",2.2
"10/07/2003","S65E","TURBIDITY","NTU",1.5
"10/21/2003","S65E","TURBIDITY","NTU",3.3
"11/04/2003","S65E","TURBIDITY","NTU",5
"11/18/2003","S65E","TURBIDITY","NTU",5.1
"12/02/2003","S65E","TURBIDITY","NTU",6
"12/15/2003","S65E","TURBIDITY","NTU",2.03333333333333
"12/16/2003","S65E","TURBIDITY","NTU",4.9
"12/30/2003","S65E","TURBIDITY","NTU",0.95
"01/13/2004","S65E","TURBIDITY","NTU",3.2
"01/27/2004","S65E","TURBIDITY","NTU",2.8
"02/10/2004","S65E","TURBIDITY","NTU",1.3
"02/24/2004","S65E","TURBIDITY","NTU",2.8
"03/09/2004","S65E","TURBIDITY","NTU",4.1
"03/15/2004","S65E","TURBIDITY","NTU",3
"03/23/2004","S65E","TURBIDITY","NTU",2.7
"04/06/2004","S65E","TURBIDITY","NTU",2.6
"04/20/2004","S65E","TURBIDITY","NTU",4.1
"05/04/2004","S65E","TURBIDITY","NTU",1.75
"05/17/2004","S65E","TURBIDITY","NTU",5.3
"05/18/2004","S65E","TURBIDITY","NTU",4.7
"06/08/2004","S65E","TURBIDITY","NTU",1.3
"06/22/2004","S65E","TURBIDITY","NTU",1.5
"07/06/2004","S65E","TURBIDITY","NTU",0.6
"07/20/2004","S65E","TURBIDITY","NTU",0.75
"08/03/2004","S65E","TURBIDITY","NTU",1.5
"08/17/2004","S65E","TURBIDITY","NTU",3.6
"08/23/2004","S65E","TURBIDITY","NTU",2.3
"08/31/2004","S65E","TURBIDITY","NTU",3.9
"09/14/2004","S65E","TURBIDITY","NTU",6.2
"09/29/2004","S65E","TURBIDITY","NTU",13.6
"10/12/2004","S65E","TURBIDITY","NTU",4.2
"10/26/2004","S65E","TURBIDITY","NTU",0.9
"11/09/2004","S65E","TURBIDITY","NTU",2.3
"11/22/2004","S65E","TURBIDITY","NTU",2.3
"12/07/2004","S65E","TURBIDITY","NTU",2.4
"12/21/2004","S65E","TURBIDITY","NTU",1.15
"01/04/2005","S65E","TURBIDITY","NTU",2.1
"01/18/2005","S65E","TURBIDITY","NTU",4.2
"02/01/2005","S65E","TURBIDITY","NTU",2.5
"02/14/2005","S65E","TURBIDITY","NTU",2.2
"02/15/2005","S65E","TURBIDITY","NTU",2.7
"03/01/2005","S65E","TURBIDITY","NTU",1.55
"03/15/2005","S65E","TURBIDITY","NTU",2.3
"03/29/2005","S65E","TURBIDITY","NTU",3.9
"04/12/2005","S65E","TURBIDITY","NTU",2.5
"04/26/2005","S65E","TURBIDITY","NTU",2.6
"05/10/2005","S65E","TURBIDITY","NTU",3.3
"05/16/2005","S65E","TURBIDITY","NTU",1
"05/24/2005","S65E","TURBIDITY","NTU",2.5
"06/07/2005","S65E","TURBIDITY","NTU",0.866666666666667
"06/21/2005","S65E","TURBIDITY","NTU",2.3
"07/05/2005","S65E","TURBIDITY","NTU",1.95
"07/19/2005","S65E","TURBIDITY","NTU",1.2
"08/02/2005","S65E","TURBIDITY","NTU",1.35
"08/16/2005","S65E","TURBIDITY","NTU",1.8
"08/22/2005","S65E","TURBIDITY","NTU",2.7
"08/30/2005","S65E","TURBIDITY","NTU",2.2
"09/12/2005","S65E","TURBIDITY","NTU",1.5
"09/26/2005","S65E","TURBIDITY","NTU",4.5
"10/11/2005","S65E","TURBIDITY","NTU",3
"11/08/2005","S65E","TURBIDITY","NTU",1.15
"11/14/2005","S65E","TURBIDITY","NTU",3.5
"11/16/2005","S65E","TURBIDITY","NTU",3.1
"12/06/2005","S65E","TURBIDITY","NTU",1.9
"12/20/2005","S65E","TURBIDITY","NTU",2.5
"01/03/2006","S65E","TURBIDITY","NTU",1.9
"01/17/2006","S65E","TURBIDITY","NTU",2.8
"01/30/2006","S65E","TURBIDITY","NTU",2.6
"02/13/2006","S65E","TURBIDITY","NTU",1.05
"02/21/2006","S65E","TURBIDITY","NTU",1.2
"02/28/2006","S65E","TURBIDITY","NTU",2.3
"03/13/2006","S65E","TURBIDITY","NTU",1.4
"03/28/2006","S65E","TURBIDITY","NTU",3.6
"04/11/2006","S65E","TURBIDITY","NTU",1
"04/24/2006","S65E","TURBIDITY","NTU",2.7
"05/08/2006","S65E","TURBIDITY","NTU",4.1
"05/22/2006","S65E","TURBIDITY","NTU",3.3
"05/23/2006","S65E","TURBIDITY","NTU",3.15
"06/06/2006","S65E","TURBIDITY","NTU",1.7
"06/19/2006","S65E","TURBIDITY","NTU",1.8
"07/18/2006","S65E","TURBIDITY","NTU",3
"07/31/2006","S65E","TURBIDITY","NTU",2.1
"08/14/2006","S65E","TURBIDITY","NTU",2.3
"08/21/2006","S65E","TURBIDITY","NTU",2.9
"08/31/2006","S65E","TURBIDITY","NTU",3.1
"09/11/2006","S65E","TURBIDITY","NTU",2.96666666666667
"09/25/2006","S65E","TURBIDITY","NTU",4.8
"10/10/2006","S65E","TURBIDITY","NTU",1.7
"10/24/2006","S65E","TURBIDITY","NTU",0.8
"11/07/2006","S65E","TURBIDITY","NTU",3.8
"11/21/2006","S65E","TURBIDITY","NTU",2.3
"11/27/2006","S65E","TURBIDITY","NTU",2
"12/05/2006","S65E","TURBIDITY","NTU",1.05
"12/19/2006","S65E","TURBIDITY","NTU",1.35
"01/02/2007","S65E","TURBIDITY","NTU",1.25
"01/16/2007","S65E","TURBIDITY","NTU",4.3
"01/30/2007","S65E","TURBIDITY","NTU",1.5
"02/13/2007","S65E","TURBIDITY","NTU",4
"02/26/2007","S65E","TURBIDITY","NTU",3.3
"02/27/2007","S65E","TURBIDITY","NTU",3.5
"03/13/2007","S65E","TURBIDITY","NTU",2.8
"03/27/2007","S65E","TURBIDITY","NTU",4.8
"04/10/2007","S65E","TURBIDITY","NTU",4.3
"04/24/2007","S65E","TURBIDITY","NTU",6.8
"05/08/2007","S65E","TURBIDITY","NTU",2.25
"05/21/2007","S65E","TURBIDITY","NTU",4.1
"05/22/2007","S65E","TURBIDITY","NTU",4.2
"06/05/2007","S65E","TURBIDITY","NTU",2.48
"06/19/2007","S65E","TURBIDITY","NTU",2.7
"07/02/2007","S65E","TURBIDITY","NTU",3.7
"07/17/2007","S65E","TURBIDITY","NTU",2.6
"08/06/2007","S65E","TURBIDITY","NTU",1.15
"08/20/2007","S65E","TURBIDITY","NTU",1.25
"08/21/2007","S65E","TURBIDITY","NTU",1
"09/04/2007","S65E","TURBIDITY","NTU",1.3
"09/17/2007","S65E","TURBIDITY","NTU",2.6
"10/01/2007","S65E","TURBIDITY","NTU",4.2
"10/15/2007","S65E","TURBIDITY","NTU",2.25
"10/29/2007","S65E","TURBIDITY","NTU",3.5
"11/05/2007","S65E","TURBIDITY","NTU",3.4
"11/20/2007","S65E","TURBIDITY","NTU",3.9
"11/26/2007","S65E","TURBIDITY","NTU",4
"12/03/2007","S65E","TURBIDITY","NTU",2.24
"12/18/2007","S65E","TURBIDITY","NTU",4.4
"01/17/2008","S65E","TURBIDITY","NTU",4.6
"01/29/2008","S65E","TURBIDITY","NTU",2.25
"02/04/2008","S65E","TURBIDITY","NTU",4.4
"02/19/2008","S65E","TURBIDITY","NTU",4
"02/20/2008","S65E","TURBIDITY","NTU",5.4
"03/03/2008","S65E","TURBIDITY","NTU",2.78
"03/17/2008","S65E","TURBIDITY","NTU",2.1
"04/07/2008","S65E","TURBIDITY","NTU",4.5
"04/21/2008","S65E","TURBIDITY","NTU",4.7
"05/06/2008","S65E","TURBIDITY","NTU",4.2
"05/19/2008","S65E","TURBIDITY","NTU",1.95
"05/28/2008","S65E","TURBIDITY","NTU",4.1
"06/03/2008","S65E","TURBIDITY","NTU",1.88
"06/17/2008","S65E","TURBIDITY","NTU",3
"07/01/2008","S65E","TURBIDITY","NTU",1.45
"07/16/2008","S65E","TURBIDITY","NTU",1
"08/06/2008","S65E","TURBIDITY","NTU",2.9
"08/26/2008","S65E","TURBIDITY","NTU",7.4
"08/28/2008","S65E","TURBIDITY","NTU",6.1
"09/08/2008","S65E","TURBIDITY","NTU",1.94
"09/22/2008","S65E","TURBIDITY","NTU",3.7
"10/06/2008","S65E","TURBIDITY","NTU",3.05
"10/20/2008","S65E","TURBIDITY","NTU",4.3
"11/13/2008","S65E","TURBIDITY","NTU",1.75
"11/19/2008","S65E","TURBIDITY","NTU",3.8
"11/24/2008","S65E","TURBIDITY","NTU",3.5
"12/10/2008","S65E","TURBIDITY","NTU",1.65
"12/23/2008","S65E","TURBIDITY","NTU",1.9
"01/14/2009","S65E","TURBIDITY","NTU",2.7
"01/27/2009","S65E","TURBIDITY","NTU",5
"02/02/2009","S65E","TURBIDITY","NTU",4.1
"02/17/2009","S65E","TURBIDITY","NTU",3.1
"02/18/2009","S65E","TURBIDITY","NTU",-0.1
"03/03/2009","S65E","TURBIDITY","NTU",2.66
"03/17/2009","S65E","TURBIDITY","NTU",2.7
"03/31/2009","S65E","TURBIDITY","NTU",1.4
"04/14/2009","S65E","TURBIDITY","NTU",1.85
"04/29/2009","S65E","TURBIDITY","NTU",3.9
"05/13/2009","S65E","TURBIDITY","NTU",3
"05/20/2009","S65E","TURBIDITY","NTU",6.3
"05/27/2009","S65E","TURBIDITY","NTU",7.8
"06/02/2009","S65E","TURBIDITY","NTU",2.6
"06/16/2009","S65E","TURBIDITY","NTU",0.933333333333333
"07/07/2009","S65E","TURBIDITY","NTU",0.8
"07/20/2009","S65E","TURBIDITY","NTU",3.4
"08/04/2009","S65E","TURBIDITY","NTU",1.15
"08/18/2009","S65E","TURBIDITY","NTU",2.3
"08/26/2009","S65E","TURBIDITY","NTU",5.2
"09/08/2009","S65E","TURBIDITY","NTU",1.75
"09/22/2009","S65E","TURBIDITY","NTU",2.02
"10/07/2009","S65E","TURBIDITY","NTU",1.7
"10/21/2009","S65E","TURBIDITY","NTU",2.5
"11/09/2009","S65E","TURBIDITY","NTU",1.7
"11/18/2009","S65E","TURBIDITY","NTU",1.55
"11/30/2009","S65E","TURBIDITY","NTU",1.55
"12/16/2009","S65E","TURBIDITY","NTU",1.35
"12/28/2009","S65E","TURBIDITY","NTU",1.15
"01/11/2010","S65E","TURBIDITY","NTU",3.2
"01/25/2010","S65E","TURBIDITY","NTU",2.2
"02/08/2010","S65E","TURBIDITY","NTU",4.9
"02/17/2010","S65E","TURBIDITY","NTU",5
"02/24/2010","S65E","TURBIDITY","NTU",3.4
"03/15/2010","S65E","TURBIDITY","NTU",2.6
"03/29/2010","S65E","TURBIDITY","NTU",3.7
"04/12/2010","S65E","TURBIDITY","NTU",1.25
"04/26/2010","S65E","TURBIDITY","NTU",2.1
"05/10/2010","S65E","TURBIDITY","NTU",0.8
"05/24/2010","S65E","TURBIDITY","NTU",2.8
"05/26/2010","S65E","TURBIDITY","NTU",2.1
"06/07/2010","S65E","TURBIDITY","NTU",1.75
"06/21/2010","S65E","TURBIDITY","NTU",2.2
"07/08/2010","S65E","TURBIDITY","NTU",1.25
"07/19/2010","S65E","TURBIDITY","NTU",2.2
"08/02/2010","S65E","TURBIDITY","NTU",1.3
"08/16/2010","S65E","TURBIDITY","NTU",2.2
"08/18/2010","S65E","TURBIDITY","NTU",2.3
"09/14/2010","S65E","TURBIDITY","NTU",2
"09/27/2010","S65E","TURBIDITY","NTU",4.2
"10/11/2010","S65E","TURBIDITY","NTU",2
"10/26/2010","S65E","TURBIDITY","NTU",3.5
"11/09/2010","S65E","TURBIDITY","NTU",3.5
"11/17/2010","S65E","TURBIDITY","NTU",3.1
"11/29/2010","S65E","TURBIDITY","NTU",2.8
"12/09/2010","S65E","TURBIDITY","NTU",2.3
"12/22/2010","S65E","TURBIDITY","NTU",2.5
"01/10/2011","S65E","TURBIDITY","NTU",4.6
"01/24/2011","S65E","TURBIDITY","NTU",2.7
"02/07/2011","S65E","TURBIDITY","NTU",2.8
"02/17/2011","S65E","TURBIDITY","NTU",2.9
"02/23/2011","S65E","TURBIDITY","NTU",2.2
"03/09/2011","S65E","TURBIDITY","NTU",2.7
"03/23/2011","S65E","TURBIDITY","NTU",2.2
"04/13/2011","S65E","TURBIDITY","NTU",5.1
"04/27/2011","S65E","TURBIDITY","NTU",4.2
"05/11/2011","S65E","TURBIDITY","NTU",4.2
"05/18/2011","S65E","TURBIDITY","NTU",4.2
"05/25/2011","S65E","TURBIDITY","NTU",4.2
"06/08/2011","S65E","TURBIDITY","NTU",3.3
"06/20/2011","S65E","TURBIDITY","NTU",2.4
"07/06/2011","S65E","TURBIDITY","NTU",2.6
"07/20/2011","S65E","TURBIDITY","NTU",3.5
"08/03/2011","S65E","TURBIDITY","NTU",2
"08/17/2011","S65E","TURBIDITY","NTU",2
"08/24/2011","S65E","TURBIDITY","NTU",1.5
"08/31/2011","S65E","TURBIDITY","NTU",1.4
"09/14/2011","S65E","TURBIDITY","NTU",3
"09/28/2011","S65E","TURBIDITY","NTU",1.7
"10/12/2011","S65E","TURBIDITY","NTU",26.6
"10/26/2011","S65E","TURBIDITY","NTU",3.2
"11/07/2011","S65E","TURBIDITY","NTU",1.2
"11/16/2011","S65E","TURBIDITY","NTU",1.4
"11/22/2011","S65E","TURBIDITY","NTU",2.3
"12/07/2011","S65E","TURBIDITY","NTU",2.7
"12/21/2011","S65E","TURBIDITY","NTU",2.2
"01/04/2012","S65E","TURBIDITY","NTU",2.8
"01/18/2012","S65E","TURBIDITY","NTU",1.9
"02/01/2012","S65E","TURBIDITY","NTU",3.1
"02/15/2012","S65E","TURBIDITY","NTU",2.1
"02/22/2012","S65E","TURBIDITY","NTU",2
"02/29/2012","S65E","TURBIDITY","NTU",1.9
"03/14/2012","S65E","TURBIDITY","NTU",2.3
"03/28/2012","S65E","TURBIDITY","NTU",2.3
"04/11/2012","S65E","TURBIDITY","NTU",2.9
"04/25/2012","S65E","TURBIDITY","NTU",5.3
"05/09/2012","S65E","TURBIDITY","NTU",2
"05/16/2012","S65E","TURBIDITY","NTU",3.1
"05/23/2012","S65E","TURBIDITY","NTU",4.4
"06/06/2012","S65E","TURBIDITY","NTU",3.5
"06/20/2012","S65E","TURBIDITY","NTU",3.1
"07/11/2012","S65E","TURBIDITY","NTU",2.6
"07/25/2012","S65E","TURBIDITY","NTU",1.8
"08/08/2012","S65E","TURBIDITY","NTU",1.25
"08/22/2012","S65E","TURBIDITY","NTU",1.3
"09/05/2012","S65E","TURBIDITY","NTU",6
"09/19/2012","S65E","TURBIDITY","NTU",4.1
"10/03/2012","S65E","TURBIDITY","NTU",3.9
"10/17/2012","S65E","TURBIDITY","NTU",4.3
"10/31/2012","S65E","TURBIDITY","NTU",3.8
"11/14/2012","S65E","TURBIDITY","NTU",3.55
"11/28/2012","S65E","TURBIDITY","NTU",3.7
"12/05/2012","S65E","TURBIDITY","NTU",3.4
"12/19/2012","S65E","TURBIDITY","NTU",4.4
"01/02/2013","S65E","TURBIDITY","NTU",1.8
"01/16/2013","S65E","TURBIDITY","NTU",1.9
"01/30/2013","S65E","TURBIDITY","NTU",3
"02/06/2013","S65E","TURBIDITY","NTU",4.1
"02/13/2013","S65E","TURBIDITY","NTU",2
"02/27/2013","S65E","TURBIDITY","NTU",3.5
"03/13/2013","S65E","TURBIDITY","NTU",2.7
"03/27/2013","S65E","TURBIDITY","NTU",2.6
"04/10/2013","S65E","TURBIDITY","NTU",2
"04/24/2013","S65E","TURBIDITY","NTU",3.8
"05/08/2013","S65E","TURBIDITY","NTU",2.35
"05/22/2013","S65E","TURBIDITY","NTU",3.6
"06/05/2013","S65E","TURBIDITY","NTU",2.8
"06/19/2013","S65E","TURBIDITY","NTU",2.2
"07/02/2013","S65E","TURBIDITY","NTU",3.3
"07/17/2013","S65E","TURBIDITY","NTU",1.9
"07/31/2013","S65E","TURBIDITY","NTU",4.1
"08/07/2013","S65E","TURBIDITY","NTU",3.3
"08/14/2013","S65E","TURBIDITY","NTU",4.2
"08/28/2013","S65E","TURBIDITY","NTU",2.3
"09/11/2013","S65E","TURBIDITY","NTU",2.4
"09/25/2013","S65E","TURBIDITY","NTU",3
"10/09/2013","S65E","TURBIDITY","NTU",2.7
"10/23/2013","S65E","TURBIDITY","NTU",2.6
"11/04/2013","S65E","TURBIDITY","NTU",4.3
"11/06/2013","S65E","TURBIDITY","NTU",4.6
"11/20/2013","S65E","TURBIDITY","NTU",2.8
"12/04/2013","S65E","TURBIDITY","NTU",1.9
"12/18/2013","S65E","TURBIDITY","NTU",2
"12/30/2013","S65E","TURBIDITY","NTU",2.9
"01/15/2014","S65E","TURBIDITY","NTU",2.6
"01/29/2014","S65E","TURBIDITY","NTU",2.9
"02/03/2014","S65E","TURBIDITY","NTU",3.6
"02/12/2014","S65E","TURBIDITY","NTU",5.4
"02/26/2014","S65E","TURBIDITY","NTU",3.4
"03/12/2014","S65E","TURBIDITY","NTU",3.9
"03/26/2014","S65E","TURBIDITY","NTU",3.9
"04/09/2014","S65E","TURBIDITY","NTU",4.2
"04/23/2014","S65E","TURBIDITY","NTU",4.9
"05/05/2014","S65E","TURBIDITY","NTU",3.8
"05/07/2014","S65E","TURBIDITY","NTU",2.9
"05/21/2014","S65E","TURBIDITY","NTU",3.5
"06/04/2014","S65E","TURBIDITY","NTU",2.9
"06/18/2014","S65E","TURBIDITY","NTU",4.2
"07/01/2014","S65E","TURBIDITY","NTU",3.2
"07/16/2014","S65E","TURBIDITY","NTU",3.5
"07/30/2014","S65E","TURBIDITY","NTU",2.1
"08/13/2014","S65E","TURBIDITY","NTU",2.6
"08/18/2014","S65E","TURBIDITY","NTU",2.9
"08/27/2014","S65E","TURBIDITY","NTU",3.5
"09/10/2014","S65E","TURBIDITY","NTU",2.3
"09/24/2014","S65E","TURBIDITY","NTU",2.7
"10/08/2014","S65E","TURBIDITY","NTU",3.8
"10/22/2014","S65E","TURBIDITY","NTU",2.9
"11/03/2014","S65E","TURBIDITY","NTU",4.9
"11/05/2014","S65E","TURBIDITY","NTU",3.3
"11/19/2014","S65E","TURBIDITY","NTU",2.9
"12/03/2014","S65E","TURBIDITY","NTU",2.7
"12/17/2014","S65E","TURBIDITY","NTU",3.2
"12/30/2014","S65E","TURBIDITY","NTU",2
"01/14/2015","S65E","TURBIDITY","NTU",2.2
"01/28/2015","S65E","TURBIDITY","NTU",2.7
"02/02/2015","S65E","TURBIDITY","NTU",2.5
"02/11/2015","S65E","TURBIDITY","NTU",1.8
"02/25/2015","S65E","TURBIDITY","NTU",1.7
"03/11/2015","S65E","TURBIDITY","NTU",2.4
"03/25/2015","S65E","TURBIDITY","NTU",3.1
"04/08/2015","S65E","TURBIDITY","NTU",2.2
"04/22/2015","S65E","TURBIDITY","NTU",2.8
"05/04/2015","S65E","TURBIDITY","NTU",2.5
"05/06/2015","S65E","TURBIDITY","NTU",2.2
"05/20/2015","S65E","TURBIDITY","NTU",2.7
"06/03/2015","S65E","TURBIDITY","NTU",2.9
"06/17/2015","S65E","TURBIDITY","NTU",4.5
"07/01/2015","S65E","TURBIDITY","NTU",3.9
"07/15/2015","S65E","TURBIDITY","NTU",6.7
"07/29/2015","S65E","TURBIDITY","NTU",2.4
"08/03/2015","S65E","TURBIDITY","NTU",3
"08/12/2015","S65E","TURBIDITY","NTU",3.2
"08/26/2015","S65E","TURBIDITY","NTU",5.9
"09/09/2015","S65E","TURBIDITY","NTU",3.5
"09/23/2015","S65E","TURBIDITY","NTU",2.6
"10/07/2015","S65E","TURBIDITY","NTU",2.7
"10/21/2015","S65E","TURBIDITY","NTU",3.2
"10/26/2015","S65E","TURBIDITY","NTU",3.4
"11/04/2015","S65E","TURBIDITY","NTU",3.1
"11/18/2015","S65E","TURBIDITY","NTU",3.8
"12/02/2015","S65E","TURBIDITY","NTU",2.4
"12/21/2015","S65E","TURBIDITY","NTU",2.4
"01/04/2016","S65E","TURBIDITY","NTU",2.3
"01/20/2016","S65E","TURBIDITY","NTU",3.9
"02/01/2016","S65E","TURBIDITY","NTU",3.9
"02/15/2016","S65E","TURBIDITY","NTU",2.4
"02/29/2016","S65E","TURBIDITY","NTU",4.7
"03/14/2016","S65E","TURBIDITY","NTU",1.1
"03/28/2016","S65E","TURBIDITY","NTU",4.2
"04/11/2016","S65E","TURBIDITY","NTU",7
"04/25/2016","S65E","TURBIDITY","NTU",4.1
"05/09/2016","S65E","TURBIDITY","NTU",8.1
"05/23/2016","S65E","TURBIDITY","NTU",18.6
"06/06/2016","S65E","TURBIDITY","NTU",5.3
"06/20/2016","S65E","TURBIDITY","NTU",3
"07/06/2016","S65E","TURBIDITY","NTU",5.1
"07/18/2016","S65E","TURBIDITY","NTU",9.8
"08/01/2016","S65E","TURBIDITY","NTU",7.8
"08/15/2016","S65E","TURBIDITY","NTU",5.9
"08/29/2016","S65E","TURBIDITY","NTU",5.1
"09/12/2016","S65E","TURBIDITY","NTU",5.1
"09/26/2016","S65E","TURBIDITY","NTU",3.1
"10/10/2016","S65E","TURBIDITY","NTU",3.9
"10/24/2016","S65E","TURBIDITY","NTU",3
"11/07/2016","S65E","TURBIDITY","NTU",5.9
"11/21/2016","S65E","TURBIDITY","NTU",3.6
"12/19/2016","S65E","TURBIDITY","NTU",3.6
"01/09/2017","S65E","TURBIDITY","NTU",7
"01/23/2017","S65E","TURBIDITY","NTU",3
"02/06/2017","S65E","TURBIDITY","NTU",12.4
"02/20/2017","S65E","TURBIDITY","NTU",16.5
"03/06/2017","S65E","TURBIDITY","NTU",19.5
"03/13/2017","S65E","TURBIDITY","NTU",12.6
"03/20/2017","S65E","TURBIDITY","NTU",9.2
"04/17/2017","S65E","TURBIDITY","NTU",10.3
"04/24/2017","S65E","TURBIDITY","NTU",8
"05/01/2017","S65E","TURBIDITY","NTU",6.8
"05/08/2017","S65E","TURBIDITY","NTU",7.2
"06/05/2017","S65E","TURBIDITY","NTU",3.3
"06/12/2017","S65E","TURBIDITY","NTU",3.9
"06/19/2017","S65E","TURBIDITY","NTU",4.3
"07/05/2017","S65E","TURBIDITY","NTU",5
"07/17/2017","S65E","TURBIDITY","NTU",5
"08/01/2017","S65E","TURBIDITY","NTU",4.6
"08/14/2017","S65E","TURBIDITY","NTU",5.5
"08/28/2017","S65E","TURBIDITY","NTU",5.9
"09/13/2017","S65E","TURBIDITY","NTU",13.7
"09/25/2017","S65E","TURBIDITY","NTU",8.1
"10/09/2017","S65E","TURBIDITY","NTU",5.8
"10/23/2017","S65E","TURBIDITY","NTU",5.9
"11/06/2017","S65E","TURBIDITY","NTU",4.3
"11/20/2017","S65E","TURBIDITY","NTU",7
"12/04/2017","S65E","TURBIDITY","NTU",5.4
"12/18/2017","S65E","TURBIDITY","NTU",4.4
"01/16/2018","S65E","TURBIDITY","NTU",3.7
"02/12/2018","S65E","TURBIDITY","NTU",3.7
"03/12/2018","S65E","TURBIDITY","NTU",5.2
"03/26/2018","S65E","TURBIDITY","NTU",4.2
"04/09/2018","S65E","TURBIDITY","NTU",8.4
"04/23/2018","S65E","TURBIDITY","NTU",7.3
"05/07/2018","S65E","TURBIDITY","NTU",5.5
"05/21/2018","S65E","TURBIDITY","NTU",5.5
"06/04/2018","S65E","TURBIDITY","NTU",5.7
"06/18/2018","S65E","TURBIDITY","NTU",3.6
"07/02/2018","S65E","TURBIDITY","NTU",3.8
"07/16/2018","S65E","TURBIDITY","NTU",5.5
"07/30/2018","S65E","TURBIDITY","NTU",13.1
"08/06/2018","S65E","TURBIDITY","NTU",10.1
"08/20/2018","S65E","TURBIDITY","NTU",7.2
"09/04/2018","S65E","TURBIDITY","NTU",3.7
"09/17/2018","S65E","TURBIDITY","NTU",4.4
"10/01/2018","S65E","TURBIDITY","NTU",5.5
"10/04/2018","S65E","TURBIDITY","NTU",2.6
"10/15/2018","S65E","TURBIDITY","NTU",4.6
"10/29/2018","S65E","TURBIDITY","NTU",5.6
"11/13/2018","S65E","TURBIDITY","NTU",4.5
"11/26/2018","S65E","TURBIDITY","NTU",5.56666666666667
"12/11/2018","S65E","TURBIDITY","NTU",3.4
"12/26/2018","S65E","TURBIDITY","NTU",4.3
"01/07/2019","S65E","TURBIDITY","NTU",3.9
"01/22/2019","S65E","TURBIDITY","NTU",6
"02/04/2019","S65E","TURBIDITY","NTU",6.1
"02/18/2019","S65E","TURBIDITY","NTU",6.7
"03/04/2019","S65E","TURBIDITY","NTU",4.93333333333333
"03/06/2019","S65E","TURBIDITY","NTU",5.9
"03/18/2019","S65E","TURBIDITY","NTU",4.8
"04/08/2019","S65E","TURBIDITY","NTU",5.3
"04/22/2019","S65E","TURBIDITY","NTU",6.5
"05/06/2019","S65E","TURBIDITY","NTU",4.3
"05/20/2019","S65E","TURBIDITY","NTU",5.8
"06/03/2019","S65E","TURBIDITY","NTU",4.5
"06/17/2019","S65E","TURBIDITY","NTU",3.5
"06/20/2019","S65E","TURBIDITY","NTU",3.5
"07/01/2019","S65E","TURBIDITY","NTU",5.1
"07/15/2019","S65E","TURBIDITY","NTU",3.9
"07/29/2019","S65E","TURBIDITY","NTU",6.8
"08/12/2019","S65E","TURBIDITY","NTU",2.9
"08/26/2019","S65E","TURBIDITY","NTU",5.4
"09/09/2019","S65E","TURBIDITY","NTU",3.5
"09/23/2019","S65E","TURBIDITY","NTU",3.9
"10/08/2019","S65E","TURBIDITY","NTU",4
"10/21/2019","S65E","TURBIDITY","NTU",4.6
"11/04/2019","S65E","TURBIDITY","NTU",3.5
"11/18/2019","S65E","TURBIDITY","NTU",3.8
"12/02/2019","S65E","TURBIDITY","NTU",4.4
"12/16/2019","S65E","TURBIDITY","NTU",4.9
"01/07/2020","S65E","TURBIDITY","NTU",5.2
"01/13/2020","S65E","TURBIDITY","NTU",4.1
"01/27/2020","S65E","TURBIDITY","NTU",7.2
"02/10/2020","S65E","TURBIDITY","NTU",6.9
"02/24/2020","S65E","TURBIDITY","NTU",7.4
"03/09/2020","S65E","TURBIDITY","NTU",6.5
"03/23/2020","S65E","TURBIDITY","NTU",5.4
"04/06/2020","S65E","TURBIDITY","NTU",4.4
"04/20/2020","S65E","TURBIDITY","NTU",4
"05/04/2020","S65E","TURBIDITY","NTU",5.1
"05/18/2020","S65E","TURBIDITY","NTU",3.8
"06/01/2020","S65E","TURBIDITY","NTU",5.3
"06/15/2020","S65E","TURBIDITY","NTU",2.9
"06/29/2020","S65E","TURBIDITY","NTU",3.6
"07/13/2020","S65E","TURBIDITY","NTU",2.8
"07/27/2020","S65E","TURBIDITY","NTU",4.2
"08/10/2020","S65E","TURBIDITY","NTU",2.6
"08/24/2020","S65E","TURBIDITY","NTU",2.3
"09/08/2020","S65E","TURBIDITY","NTU",3.4
"09/21/2020","S65E","TURBIDITY","NTU",3.7
"10/05/2020","S65E","TURBIDITY","NTU",3.1
"10/19/2020","S65E","TURBIDITY","NTU",2.4
"11/02/2020","S65E","TURBIDITY","NTU",4
"11/16/2020","S65E","TURBIDITY","NTU",2.6
"11/30/2020","S65E","TURBIDITY","NTU",2.4
"12/14/2020","S65E","TURBIDITY","NTU",2.5
"12/28/2020","S65E","TURBIDITY","NTU",3.2
"01/11/2021","S65E","TURBIDITY","NTU",4.3
"01/25/2021","S65E","TURBIDITY","NTU",5.7
"02/08/2021","S65E","TURBIDITY","NTU",3.8
"02/22/2021","S65E","TURBIDITY","NTU",4.6
"03/08/2021","S65E","TURBIDITY","NTU",4.8
"03/22/2021","S65E","TURBIDITY","NTU",4.8
"04/05/2021","S65E","TURBIDITY","NTU",4.8
"04/19/2021","S65E","TURBIDITY","NTU",4.9
"05/03/2021","S65E","TURBIDITY","NTU",4.5
"05/17/2021","S65E","TURBIDITY","NTU",3.9
"06/01/2021","S65E","TURBIDITY","NTU",3.7
"06/14/2021","S65E","TURBIDITY","NTU",3.7
"06/28/2021","S65E","TURBIDITY","NTU",2.8
"07/12/2021","S65E","TURBIDITY","NTU",3.9
"07/26/2021","S65E","TURBIDITY","NTU",3.2
"08/09/2021","S65E","TURBIDITY","NTU",2.5
"08/23/2021","S65E","TURBIDITY","NTU",3.4
"09/07/2021","S65E","TURBIDITY","NTU",3.2
"09/20/2021","S65E","TURBIDITY","NTU",1.9
"10/04/2021","S65E","TURBIDITY","NTU",2
"10/18/2021","S65E","TURBIDITY","NTU",2.6
"11/01/2021","S65E","TURBIDITY","NTU",4.1
"11/15/2021","S65E","TURBIDITY","NTU",5.4
"11/29/2021","S65E","TURBIDITY","NTU",5.4
"12/13/2021","S65E","TURBIDITY","NTU",3.2
"12/27/2021","S65E","TURBIDITY","NTU",4.2
"01/10/2022","S65E","TURBIDITY","NTU",6.3
"01/24/2022","S65E","TURBIDITY","NTU",3.9
"02/07/2022","S65E","TURBIDITY","NTU",5.7
"02/21/2022","S65E","TURBIDITY","NTU",5.4
"03/07/2022","S65E","TURBIDITY","NTU",4
"03/21/2022","S65E","TURBIDITY","NTU",4.9
"04/04/2022","S65E","TURBIDITY","NTU",5.2
"04/18/2022","S65E","TURBIDITY","NTU",4.3
"05/02/2022","S65E","TURBIDITY","NTU",3.6
"05/16/2022","S65E","TURBIDITY","NTU",4
"05/31/2022","S65E","TURBIDITY","NTU",4.6
"06/13/2022","S65E","TURBIDITY","NTU",2.7
"06/27/2022","S65E","TURBIDITY","NTU",4
"07/11/2022","S65E","TURBIDITY","NTU",3.8
"07/25/2022","S65E","TURBIDITY","NTU",1.8
"08/08/2022","S65E","TURBIDITY","NTU",1.4
"08/22/2022","S65E","TURBIDITY","NTU",2
"09/06/2022","S65E","TURBIDITY","NTU",2.7
"09/19/2022","S65E","TURBIDITY","NTU",2.9
"10/03/2022","S65E","TURBIDITY","NTU",9.2
"10/17/2022","S65E","TURBIDITY","NTU",3.5
"10/31/2022","S65E","TURBIDITY","NTU",2.1
"11/14/2022","S65E","TURBIDITY","NTU",2.8
"11/28/2022","S65E","TURBIDITY","NTU",2.2
"12/12/2022","S65E","TURBIDITY","NTU",3.8
"12/27/2022","S65E","TURBIDITY","NTU",2.7
"01/09/2023","S65E","TURBIDITY","NTU",1.7
"01/23/2023","S65E","TURBIDITY","NTU",2.1
"02/06/2023","S65E","TURBIDITY","NTU",1.9
"02/20/2023","S65E","TURBIDITY","NTU",1.9
"03/06/2023","S65E","TURBIDITY","NTU",2
"03/20/2023","S65E","TURBIDITY","NTU",2.7
"04/03/2023","S65E","TURBIDITY","NTU",2.2
"04/17/2023","S65E","TURBIDITY","NTU",3
"05/01/2023","S65E","TURBIDITY","NTU",4
"01/22/1987","S65E","VOLATILE SUSPENDED SOLIDS","mg/L",7
"07/30/1987","S65E","VOLATILE SUSPENDED SOLIDS","mg/L",4
"08/12/1987","S65E","VOLATILE SUSPENDED SOLIDS","mg/L",6
"11/18/1987","S65E","VOLATILE SUSPENDED SOLIDS","mg/L",4
"01/06/1988","S65E","VOLATILE SUSPENDED SOLIDS","mg/L",6
"01/21/1988","S65E","VOLATILE SUSPENDED SOLIDS","mg/L",2
"12/10/1973","S65E","ZINC, DISSOLVED","ug/L",80
"12/11/1973","S65E","ZINC, DISSOLVED","ug/L",80
"07/25/1978","S65E","ZINC, DISSOLVED","ug/L",3
"02/20/1979","S65E","ZINC, DISSOLVED","ug/L",-38
"07/09/1979","S65E","ZINC, DISSOLVED","ug/L",101
"07/17/1979","S65E","ZINC, DISSOLVED","ug/L",26.5
"08/06/1979","S65E","ZINC, DISSOLVED","ug/L",122
"09/05/1979","S65E","ZINC, DISSOLVED","ug/L",159
"02/19/1980","S65E","ZINC, DISSOLVED","ug/L",28
"08/04/1980","S65E","ZINC, DISSOLVED","ug/L",37
"08/20/1980","S65E","ZINC, DISSOLVED","ug/L",40
"02/11/1981","S65E","ZINC, DISSOLVED","ug/L",12
"07/28/1981","S65E","ZINC, DISSOLVED","ug/L",11
"08/31/1981","S65E","ZINC, DISSOLVED","ug/L",15
"02/16/1982","S65E","ZINC, DISSOLVED","ug/L",9
"05/14/1979","S65E","ZINC, TOTAL","ug/L",-19
"06/11/1979","S65E","ZINC, TOTAL","ug/L",39
"05/13/1980","S65E","ZINC, TOTAL","ug/L",780
"06/09/1980","S65E","ZINC, TOTAL","ug/L",378
"07/08/1980","S65E","ZINC, TOTAL","ug/L",75
"08/04/1980","S65E","ZINC, TOTAL","ug/L",-21
"09/03/1980","S65E","ZINC, TOTAL","ug/L",162
"02/23/1984","S65E","ZINC, TOTAL","ug/L",0.007
"08/13/1984","S65E","ZINC, TOTAL","ug/L",20
"08/22/1984","S65E","ZINC, TOTAL","ug/L",11
"02/20/1985","S65E","ZINC, TOTAL","ug/L",-40
"02/26/1985","S65E","ZINC, TOTAL","ug/L",-40
"09/19/1985","S65E","ZINC, TOTAL","ug/L",22.7
"09/24/1985","S65E","ZINC, TOTAL","ug/L",-11
"02/12/1986","S65E","ZINC, TOTAL","ug/L",-10
"02/18/1986","S65E","ZINC, TOTAL","ug/L",25.2
"08/14/1986","S65E","ZINC, TOTAL","ug/L",23.4
"09/23/1986","S65E","ZINC, TOTAL","ug/L",-20
"02/18/1987","S65E","ZINC, TOTAL","ug/L",-20
"02/19/1987","S65E","ZINC, TOTAL","ug/L",-20
"07/30/1987","S65E","ZINC, TOTAL","ug/L",-20
"08/18/1987","S65E","ZINC, TOTAL","ug/L",26.5
"02/04/1988","S65E","ZINC, TOTAL","ug/L",-20
"02/16/1988","S65E","ZINC, TOTAL","ug/L",-20
"05/24/1988","S65E","ZINC, TOTAL","ug/L",-20
"08/15/1988","S65E","ZINC, TOTAL","ug/L",-20
"11/22/1988","S65E","ZINC, TOTAL","ug/L",54
"02/13/1989","S65E","ZINC, TOTAL","ug/L",-20
"02/28/1989","S65E","ZINC, TOTAL","ug/L",-20
"05/24/1989","S65E","ZINC, TOTAL","ug/L",-20
"08/28/1989","S65E","ZINC, TOTAL","ug/L",-20
"08/29/1989","S65E","ZINC, TOTAL","ug/L",-20
"11/20/1989","S65E","ZINC, TOTAL","ug/L",-20
"02/20/1990","S65E","ZINC, TOTAL","ug/L",21
"02/28/1990","S65E","ZINC, TOTAL","ug/L",-20
"08/27/1990","S65E","ZINC, TOTAL","ug/L",-20
"11/20/1990","S65E","ZINC, TOTAL","ug/L",-20
"02/26/1991","S65E","ZINC, TOTAL","ug/L",22
"08/12/1991","S65E","ZINC, TOTAL","ug/L",-20
"08/28/1991","S65E","ZINC, TOTAL","ug/L",-20
"11/20/1991","S65E","ZINC, TOTAL","ug/L",-20
"02/11/1992","S65E","ZINC, TOTAL","ug/L",-20
"05/19/1992","S65E","ZINC, TOTAL","ug/L",-20
"07/08/1992","S65E","ZINC, TOTAL","ug/L",-20
"08/26/1992","S65E","ZINC, TOTAL","ug/L",-20
"11/18/1992","S65E","ZINC, TOTAL","ug/L",-20
"02/23/1993","S65E","ZINC, TOTAL","ug/L",-20
"05/20/1993","S65E","ZINC, TOTAL","ug/L",-20
"10/05/1993","S65E","ZINC, TOTAL","ug/L",-20
"11/16/1993","S65E","ZINC, TOTAL","ug/L",-20
"02/08/1994","S65E","ZINC, TOTAL","ug/L",-20
"02/15/1994","S65E","ZINC, TOTAL","ug/L",23
"05/17/1994","S65E","ZINC, TOTAL","ug/L",-20
"08/23/1994","S65E","ZINC, TOTAL","ug/L",-20
"02/21/1995","S65E","ZINC, TOTAL","ug/L",-20
"08/08/1995","S65E","ZINC, TOTAL","ug/L",7.1
"02/06/1996","S65E","ZINC, TOTAL","ug/L",-1.47
"05/20/1996","S65E","ZINC, TOTAL","ug/L",-4
"09/17/1996","S65E","ZINC, TOTAL","ug/L",-4
"11/04/1996","S65E","ZINC, TOTAL","ug/L",-4
"02/24/1997","S65E","ZINC, TOTAL","ug/L",-4
"03/18/1997","S65E","ZINC, TOTAL","ug/L",-4
"05/19/1997","S65E","ZINC, TOTAL","ug/L",-4
"08/28/1997","S65E","ZINC, TOTAL","ug/L",-4
"09/16/1997","S65E","ZINC, TOTAL","ug/L",-4
"11/17/1997","S65E","ZINC, TOTAL","ug/L",30.5
"12/23/1997","S65E","ZINC, TOTAL","ug/L",4.44
"02/18/1998","S65E","ZINC, TOTAL","ug/L",-4
"03/17/1998","S65E","ZINC, TOTAL","ug/L",-4
"05/18/1998","S65E","ZINC, TOTAL","ug/L",14.1
"06/23/1998","S65E","ZINC, TOTAL","ug/L",-4
"08/24/1998","S65E","ZINC, TOTAL","ug/L",-4
"09/15/1998","S65E","ZINC, TOTAL","ug/L",5.46
"09/29/1998","S65E","ZINC, TOTAL","ug/L",4.23
"12/08/1998","S65E","ZINC, TOTAL","ug/L",-4
"01/25/1999","S65E","ZINC, TOTAL","ug/L",-4
"03/30/1999","S65E","ZINC, TOTAL","ug/L",-4
"04/19/1999","S65E","ZINC, TOTAL","ug/L",4.54
"07/26/1999","S65E","ZINC, TOTAL","ug/L",-4
"10/18/1999","S65E","ZINC, TOTAL","ug/L",6.937
"01/24/2000","S65E","ZINC, TOTAL","ug/L",-4
"04/17/2000","S65E","ZINC, TOTAL","ug/L",-4
"07/25/2000","S65E","ZINC, TOTAL","ug/L",-4
"10/16/2000","S65E","ZINC, TOTAL","ug/L",-4
