"","date","S71_STG_ft NGVD29"
"1",2000-04-05,14.73
"2",2000-04-06,14.75
"3",2000-04-07,14.69
"4",2000-04-08,14.48
"5",2000-04-09,14.56
"6",2000-04-10,14.67
"7",2000-04-11,14.7
"8",2000-04-12,14.56
"9",2000-04-13,14.65
"10",2000-04-14,14.88
"11",2000-04-15,14.92
"12",2000-04-16,14.98
"13",2000-04-17,14.82
"14",2000-04-18,14.63
"15",2000-04-19,14.94
"16",2000-04-20,14.95
"17",2000-04-21,14.75
"18",2000-04-22,14.66
"19",2000-04-23,14.81
"20",2000-04-24,14.78
"21",2000-04-25,14.56
"22",2000-04-26,14.65
"23",2000-04-27,14.59
"24",2000-04-28,14.47
"25",2000-04-29,14.39
"26",2000-04-30,14.51
"27",2000-05-01,14.53
"28",2000-05-02,14.47
"29",2000-05-03,14.42
"30",2000-05-04,14.39
"31",2000-05-05,14.26
"32",2000-05-06,14.14
"33",2000-05-07,14.06
"34",2000-05-08,13.92
"35",2000-05-09,13.84
"36",2000-05-10,13.67
"37",2000-05-11,13.6
"38",2000-05-12,13.49
"39",2000-05-13,13.49
"40",2000-05-14,13.3
"41",2000-05-15,13.29
"42",2000-05-16,13.4
"43",2000-05-17,13.42
"44",2000-05-18,13.37
"45",2000-05-19,13.15
"46",2000-05-20,13.03
"47",2000-05-21,12.94
"48",2000-05-22,12.71
"49",2000-05-23,12.62
"50",2000-05-24,12.55
"51",2000-05-25,12.64
"52",2000-05-26,12.6
"53",2000-05-27,12.61
"54",2000-05-28,12.46
"55",2000-05-29,12.27
"56",2000-05-30,12.63
"57",2000-05-31,12.64
"58",2000-06-01,12.52
"59",2000-06-02,12.4
"60",2000-06-03,12.25
"61",2000-06-04,12.16
"62",2000-06-05,12.09
"63",2000-06-06,12.07
"64",2000-06-07,12.1
"65",2000-06-08,12.37
"66",2000-06-09,12.42
"67",2000-06-10,12.29
"68",2000-06-11,12.23
"69",2000-06-12,12.19
"70",2000-06-13,12.18
"71",2000-06-14,12.23
"72",2000-06-15,12.22
"73",2000-06-16,12.22
"74",2000-06-17,12.23
"75",2000-06-18,12.11
"76",2000-06-19,12
"77",2000-06-20,11.84
"78",2000-06-21,11.86
"79",2000-06-22,11.75
"80",2000-06-23,11.64
"81",2000-06-24,11.7
"82",2000-06-25,11.85
"83",2000-06-26,11.95
"84",2000-06-27,11.91
"85",2000-06-28,11.81
"86",2000-06-29,11.79
"87",2000-06-30,11.71
"88",2000-07-01,11.73
"89",2000-07-02,11.99
"90",2000-07-03,12.03
"91",2000-07-04,11.96
"92",2000-07-05,11.96
"93",2000-07-06,11.91
"94",2000-07-07,11.73
"95",2000-07-08,11.86
"96",2000-07-09,12.03
"97",2000-07-10,12.03
"98",2000-07-11,11.89
"99",2000-07-12,11.8
"100",2000-07-13,11.76
"101",2000-07-14,11.67
"102",2000-07-15,11.62
"103",2000-07-16,11.62
"104",2000-07-17,11.55
"105",2000-07-18,11.62
"106",2000-07-19,11.73
"107",2000-07-20,11.74
"108",2000-07-21,11.75
"109",2000-07-22,11.76
"110",2000-07-23,11.79
"111",2000-07-24,11.8
"112",2000-07-25,11.89
"113",2000-07-26,11.87
"114",2000-07-27,11.89
"115",2000-07-28,11.86
"116",2000-07-29,11.83
"117",2000-07-30,11.85
"118",2000-07-31,12.03
"119",2000-08-01,11.94
"120",2000-08-02,11.9
"121",2000-08-03,11.99
"122",2000-08-04,11.96
"123",2000-08-05,11.91
"124",2000-08-06,11.99
"125",2000-08-07,12.08
"126",2000-08-08,12.08
"127",2000-08-09,11.92
"128",2000-08-10,11.8
"129",2000-08-11,11.69
"130",2000-08-12,11.5
"131",2000-08-13,11.61
"132",2000-08-14,11.75
"133",2000-08-15,11.81
"134",2000-08-16,11.89
"135",2000-08-17,11.86
"136",2000-08-18,11.77
"137",2000-08-19,11.73
"138",2000-08-20,11.72
"139",2000-08-21,11.75
"140",2000-08-22,11.77
"141",2000-08-23,11.78
"142",2000-08-24,11.76
"143",2000-08-25,11.75
"144",2000-08-26,11.73
"145",2000-08-27,11.73
"146",2000-08-28,11.66
"147",2000-08-29,11.45
"148",2000-08-30,11.57
"149",2000-08-31,11.57
"150",2000-09-01,11.66
"151",2000-09-02,11.67
"152",2000-09-03,11.67
"153",2000-09-04,11.64
"154",2000-09-05,11.69
"155",2000-09-06,11.8
"156",2000-09-07,11.75
"157",2000-09-08,11.73
"158",2000-09-09,11.76
"159",2000-09-10,12.02
"160",2000-09-11,11.92
"161",2000-09-12,11.76
"162",2000-09-13,11.74
"163",2000-09-14,11.68
"164",2000-09-15,11.54
"165",2000-09-16,11.61
"166",2000-09-17,12.2
"167",2000-09-18,11.88
"168",2000-09-19,12.07
"169",2000-09-20,12.18
"170",2000-09-21,12.05
"171",2000-09-22,12.1
"172",2000-09-23,12.08
"173",2000-09-24,12.03
"174",2000-09-25,12.01
"175",2000-09-26,11.94
"176",2000-09-27,12.06
"177",2000-09-28,12.17
"178",2000-09-29,12.1
"179",2000-09-30,12.06
"180",2000-10-01,11.94
"181",2000-10-02,12.14
"182",2000-10-03,12.28
"183",2000-10-04,12.02
"184",2000-10-05,12.1
"185",2000-10-06,12.13
"186",2000-10-07,12.22
"187",2000-10-08,12.23
"188",2000-10-09,12.1
"189",2000-10-10,12.25
"190",2000-10-11,12.23
"191",2000-10-12,12.26
"192",2000-10-13,12.22
"193",2000-10-14,12.14
"194",2000-10-15,12.11
"195",2000-10-16,12.09
"196",2000-10-17,12.07
"197",2000-10-18,12.06
"198",2000-10-19,12.13
"199",2000-10-20,12.1
"200",2000-10-21,12.19
"201",2000-10-22,12.23
"202",2000-10-23,12.18
"203",2000-10-24,12.16
"204",2000-10-25,12.05
"205",2000-10-26,11.99
"206",2000-10-27,11.9
"207",2000-10-28,11.98
"208",2000-10-29,12
"209",2000-10-30,11.98
"210",2000-10-31,12.06
"211",2000-11-01,12
"212",2000-11-02,11.98
"213",2000-11-03,11.89
"214",2000-11-04,11.88
"215",2000-11-05,11.86
"216",2000-11-06,11.93
"217",2000-11-07,12
"218",2000-11-08,12.02
"219",2000-11-09,11.86
"220",2000-11-10,11.64
"221",2000-11-11,11.67
"222",2000-11-12,11.77
"223",2000-11-13,11.81
"224",2000-11-14,11.6
"225",2000-11-15,11.6
"226",2000-11-16,11.67
"227",2000-11-17,11.52
"228",2000-11-18,11.64
"229",2000-11-19,11.53
"230",2000-11-20,11.43
"231",2000-11-21,11.27
"232",2000-11-22,11.36
"233",2000-11-23,11.46
"234",2000-11-24,11.55
"235",2000-11-25,11.44
"236",2000-11-26,11.4
"237",2000-11-27,11.34
"238",2000-11-28,11.4
"239",2000-11-29,11.42
"240",2000-11-30,11.38
"241",2000-12-01,11.38
"242",2000-12-02,11.37
"243",2000-12-03,11.26
"244",2000-12-04,11.2
"245",2000-12-05,11.23
"246",2000-12-06,11.25
"247",2000-12-07,11.28
"248",2000-12-08,11.27
"249",2000-12-09,11.31
"250",2000-12-10,11.31
"251",2000-12-11,11.36
"252",2000-12-12,11.28
"253",2000-12-13,11.39
"254",2000-12-14,11.36
"255",2000-12-15,11.42
"256",2000-12-16,11.42
"257",2000-12-17,10.94
"258",2000-12-18,11.07
"259",2000-12-19,10.86
"260",2000-12-20,10.95
"261",2000-12-21,11.04
"262",2000-12-22,11.04
"263",2000-12-23,11.08
"264",2000-12-24,11.06
"265",2000-12-25,11.09
"266",2000-12-26,11.15
"267",2000-12-27,11.08
"268",2000-12-28,10.85
"269",2000-12-29,10.73
"270",2000-12-30,10.58
"271",2000-12-31,10.81
"272",2001-01-01,10.89
"273",2001-01-02,10.94
"274",2001-01-03,10.86
"275",2001-01-04,10.65
"276",2001-01-05,10.72
"277",2001-01-06,10.75
"278",2001-01-07,10.82
"279",2001-01-08,10.73
"280",2001-01-09,10.5
"281",2001-01-10,10.69
"282",2001-01-11,10.82
"283",2001-01-12,10.69
"284",2001-01-13,10.64
"285",2001-01-14,10.77
"286",2001-01-15,10.81
"287",2001-01-16,10.82
"288",2001-01-17,10.82
"289",2001-01-18,10.81
"290",2001-01-19,10.85
"291",2001-01-20,10.48
"292",2001-01-21,10.61
"293",2001-01-22,10.4
"294",2001-01-23,10.2
"295",2001-01-24,10.59
"296",2001-01-25,10.54
"297",2001-01-26,10.7
"298",2001-01-27,10.72
"299",2001-01-28,10.77
"300",2001-01-29,10.84
"301",2001-01-30,10.73
"302",2001-01-31,10.74
"303",2001-02-01,10.75
"304",2001-02-02,10.75
"305",2001-02-03,10.74
"306",2001-02-04,10.66
"307",2001-02-05,10.57
"308",2001-02-06,10.68
"309",2001-02-07,10.73
"310",2001-02-08,10.85
"311",2001-02-09,10.81
"312",2001-02-10,10.7
"313",2001-02-11,10.72
"314",2001-02-12,10.76
"315",2001-02-13,10.77
"316",2001-02-14,10.77
"317",2001-02-15,10.68
"318",2001-02-16,10.67
"319",2001-02-17,10.36
"320",2001-02-18,10.67
"321",2001-02-19,10.84
"322",2001-02-20,10.79
"323",2001-02-21,10.62
"324",2001-02-22,10.51
"325",2001-02-23,10.51
"326",2001-02-24,10.71
"327",2001-02-25,10.71
"328",2001-02-26,10.49
"329",2001-02-27,10.48
"330",2001-02-28,10.2
"331",2001-03-01,10.22
"332",2001-03-02,10.24
"333",2001-03-03,10.19
"334",2001-03-04,10.17
"335",2001-03-05,10.02
"336",2001-03-06,10.01
"337",2001-03-07,10.01
"338",2001-03-08,10.07
"339",2001-03-09,10.06
"340",2001-03-10,10.17
"341",2001-03-11,10.1
"342",2001-03-12,10.24
"343",2001-03-13,10.08
"344",2001-03-14,10.07
"345",2001-03-15,10.05
"346",2001-03-16,10.02
"347",2001-03-17,10.06
"348",2001-03-18,10.29
"349",2001-03-19,10.55
"350",2001-03-20,10.11
"351",2001-03-21,10.01
"352",2001-03-22,10.01
"353",2001-03-23,10.08
"354",2001-03-24,10.1
"355",2001-03-25,10.01
"356",2001-03-26,10.04
"357",2001-03-27,10.13
"358",2001-03-28,10.26
"359",2001-03-29,10.27
"360",2001-03-30,10.31
"361",2001-03-31,10.06
"362",2001-04-01,10.04
"363",2001-04-02,10.29
"364",2001-04-03,10.37
"365",2001-04-04,10.17
"366",2001-04-05,10.32
"367",2001-04-06,10.47
"368",2001-04-07,10.33
"369",2001-04-08,10.19
"370",2001-04-09,10.11
"371",2001-04-10,10.13
"372",2001-04-11,10.12
"373",2001-04-12,10.16
"374",2001-04-13,9.9
"375",2001-04-14,9.79
"376",2001-04-15,9.84
"377",2001-04-16,9.43
"378",2001-04-17,9.38
"379",2001-04-18,9.61
"380",2001-04-19,9.74
"381",2001-04-20,9.88
"382",2001-04-21,10.05
"383",2001-04-22,10.1
"384",2001-04-23,10.14
"385",2001-04-24,9.96
"386",2001-04-25,9.76
"387",2001-04-26,9.7
"388",2001-04-27,9.71
"389",2001-04-28,9.86
"390",2001-04-29,9.95
"391",2001-04-30,10.07
"392",2001-05-01,9.86
"393",2001-05-02,9.87
"394",2001-05-03,9.85
"395",2001-05-04,9.89
"396",2001-05-05,9.82
"397",2001-05-06,9.8
"398",2001-05-07,9.56
"399",2001-05-08,9.85
"400",2001-05-09,9.8
"401",2001-05-10,9.65
"402",2001-05-11,9.5
"403",2001-05-12,9.47
"404",2001-05-13,9.6
"405",2001-05-14,9.62
"406",2001-05-15,9.69
"407",2001-05-16,9.61
"408",2001-05-17,9.25
"409",2001-05-18,9.1
"410",2001-05-19,9.25
"411",2001-05-20,9.4
"412",2001-05-21,9.47
"413",2001-05-22,9.53
"414",2001-05-23,9.72
"415",2001-05-24,9.45
"416",2001-05-25,9.23
"417",2001-05-26,9.18
"418",2001-05-27,9.37
"419",2001-05-28,9.51
"420",2001-05-29,9.57
"421",2001-05-30,9.59
"422",2001-05-31,9.59
"423",2001-06-01,9.61
"424",2001-06-02,9.63
"425",2001-06-03,9.62
"426",2001-06-04,9.73
"427",2001-06-05,9.69
"428",2001-06-06,9.77
"429",2001-06-07,9.71
"430",2001-06-08,9.77
"431",2001-06-09,9.88
"432",2001-06-10,9.85
"433",2001-06-11,9.74
"434",2001-06-12,9.74
"435",2001-06-13,9.74
"436",2001-06-14,9.74
"437",2001-06-15,9.73
"438",2001-06-16,9.74
"439",2001-06-17,9.74
"440",2001-06-18,9.79
"441",2001-06-19,9.84
"442",2001-06-20,9.86
"443",2001-06-21,10.06
"444",2001-06-22,10.1
"445",2001-06-23,10.04
"446",2001-06-24,10.11
"447",2001-06-25,10.13
"448",2001-06-26,10.12
"449",2001-06-27,10.01
"450",2001-06-28,10.13
"451",2001-06-29,9.92
"452",2001-06-30,9.89
"453",2001-07-01,9.89
"454",2001-07-02,9.88
"455",2001-07-03,9.87
"456",2001-07-04,9.86
"457",2001-07-05,9.96
"458",2001-07-06,10.09
"459",2001-07-07,10.28
"460",2001-07-08,10.15
"461",2001-07-09,10.16
"462",2001-07-10,10.31
"463",2001-07-11,11.12
"464",2001-07-12,11.05
"465",2001-07-13,10.82
"466",2001-07-14,10.99
"467",2001-07-15,11.09
"468",2001-07-16,10.83
"469",2001-07-17,11.04
"470",2001-07-18,10.98
"471",2001-07-19,11.05
"472",2001-07-20,10.78
"473",2001-07-21,10.99
"474",2001-07-22,11.37
"475",2001-07-23,11.59
"476",2001-07-24,11.79
"477",2001-07-25,11.64
"478",2001-07-26,11.54
"479",2001-07-27,11.47
"480",2001-07-28,11.68
"481",2001-07-29,11.74
"482",2001-07-30,11.74
"483",2001-07-31,11.65
"484",2001-08-01,11.81
"485",2001-08-02,12.08
"486",2001-08-03,12.02
"487",2001-08-04,11.83
"488",2001-08-05,11.75
"489",2001-08-06,11.76
"490",2001-08-07,11.84
"491",2001-08-08,11.75
"492",2001-08-09,11.7
"493",2001-08-10,11.75
"494",2001-08-11,11.86
"495",2001-08-12,11.83
"496",2001-08-13,11.8
"497",2001-08-14,11.8
"498",2001-08-15,11.78
"499",2001-08-16,11.86
"500",2001-08-17,11.99
"501",2001-08-18,11.91
"502",2001-08-19,11.91
"503",2001-08-20,11.86
"504",2001-08-21,11.92
"505",2001-08-22,12.07
"506",2001-08-23,12.14
"507",2001-08-24,12.1
"508",2001-08-25,12.09
"509",2001-08-26,12.08
"510",2001-08-27,12.22
"511",2001-08-28,12.14
"512",2001-08-29,12.1
"513",2001-08-30,12.08
"514",2001-08-31,12.06
"515",2001-09-01,12.04
"516",2001-09-02,12.07
"517",2001-09-03,12.05
"518",2001-09-04,12.07
"519",2001-09-05,12.03
"520",2001-09-06,12.01
"521",2001-09-07,12.05
"522",2001-09-08,12.22
"523",2001-09-09,12.52
"524",2001-09-10,12.71
"525",2001-09-11,12.78
"526",2001-09-12,12.99
"527",2001-09-13,13.19
"528",2001-09-14,13.85
"529",2001-09-15,13.34
"530",2001-09-16,13.53
"531",2001-09-17,13.6
"532",2001-09-18,13.62
"533",2001-09-19,NA
"534",2001-09-20,NA
"535",2001-09-21,NA
"536",2001-09-22,NA
"537",2001-09-23,NA
"538",2001-09-24,NA
"539",2001-09-25,NA
"540",2001-09-26,NA
"541",2001-09-27,NA
"542",2001-09-28,NA
"543",2001-09-29,NA
"544",2001-09-30,NA
"545",2001-10-01,NA
"546",2001-10-02,14.26
"547",2001-10-03,14.19
"548",2001-10-04,14.26
"549",2001-10-05,14.26
"550",2001-10-06,14.22
"551",2001-10-07,14.28
"552",2001-10-08,14.45
"553",2001-10-09,14.77
"554",2001-10-10,14.54
"555",2001-10-11,14.51
"556",2001-10-12,14.41
"557",2001-10-13,14.39
"558",2001-10-14,14.33
"559",2001-10-15,14.32
"560",2001-10-16,14.33
"561",2001-10-17,14.28
"562",2001-10-18,14.35
"563",2001-10-19,14.32
"564",2001-10-20,14.33
"565",2001-10-21,14.35
"566",2001-10-22,14.46
"567",2001-10-23,14.42
"568",2001-10-24,14.5
"569",2001-10-25,14.58
"570",2001-10-26,14.64
"571",2001-10-27,14.54
"572",2001-10-28,14.64
"573",2001-10-29,14.71
"574",2001-10-30,14.7
"575",2001-10-31,14.73
"576",2001-11-01,14.8
"577",2001-11-02,14.84
"578",2001-11-03,14.86
"579",2001-11-04,14.88
"580",2001-11-05,14.85
"581",2001-11-06,14.82
"582",2001-11-07,14.9
"583",2001-11-08,14.91
"584",2001-11-09,14.89
"585",2001-11-10,14.88
"586",2001-11-11,14.92
"587",2001-11-12,14.9
"588",2001-11-13,14.87
"589",2001-11-14,14.82
"590",2001-11-15,14.67
"591",2001-11-16,14.77
"592",2001-11-17,14.86
"593",2001-11-18,14.9
"594",2001-11-19,14.9
"595",2001-11-20,14.86
"596",2001-11-21,14.87
"597",2001-11-22,14.91
"598",2001-11-23,14.93
"599",2001-11-24,14.94
"600",2001-11-25,14.95
"601",2001-11-26,14.94
"602",2001-11-27,15
"603",2001-11-28,15.04
"604",2001-11-29,14.97
"605",2001-11-30,14.92
"606",2001-12-01,14.89
"607",2001-12-02,14.86
"608",2001-12-03,14.83
"609",2001-12-04,14.86
"610",2001-12-05,14.91
"611",2001-12-06,14.91
"612",2001-12-07,14.94
"613",2001-12-08,14.9
"614",2001-12-09,14.89
"615",2001-12-10,14.92
"616",2001-12-11,14.89
"617",2001-12-12,14.94
"618",2001-12-13,14.92
"619",2001-12-14,14.93
"620",2001-12-15,14.84
"621",2001-12-16,14.87
"622",2001-12-17,14.76
"623",2001-12-18,14.64
"624",2001-12-19,14.62
"625",2001-12-20,14.62
"626",2001-12-21,14.63
"627",2001-12-22,14.67
"628",2001-12-23,14.71
"629",2001-12-24,14.59
"630",2001-12-25,14.52
"631",2001-12-26,14.38
"632",2001-12-27,14.59
"633",2001-12-28,14.58
"634",2001-12-29,14.54
"635",2001-12-30,14.56
"636",2001-12-31,14.54
"637",2002-01-01,14.55
"638",2002-01-02,14.58
"639",2002-01-03,14.41
"640",2002-01-04,14.4
"641",2002-01-05,14.49
"642",2002-01-06,14.49
"643",2002-01-07,14.36
"644",2002-01-08,14.4
"645",2002-01-09,14.44
"646",2002-01-10,14.47
"647",2002-01-11,14.46
"648",2002-01-12,14.46
"649",2002-01-13,14.46
"650",2002-01-14,14.48
"651",2002-01-15,14.51
"652",2002-01-16,14.54
"653",2002-01-17,14.55
"654",2002-01-18,14.53
"655",2002-01-19,14.56
"656",2002-01-20,14.56
"657",2002-01-21,14.55
"658",2002-01-22,14.58
"659",2002-01-23,14.63
"660",2002-01-24,14.61
"661",2002-01-25,14.53
"662",2002-01-26,14.55
"663",2002-01-27,14.56
"664",2002-01-28,14.56
"665",2002-01-29,14.56
"666",2002-01-30,14.61
"667",2002-01-31,14.63
"668",2002-02-01,14.51
"669",2002-02-02,14.5
"670",2002-02-03,14.41
"671",2002-02-04,14.3
"672",2002-02-05,14.48
"673",2002-02-06,14.55
"674",2002-02-07,14.27
"675",2002-02-08,14.31
"676",2002-02-09,14.36
"677",2002-02-10,14.36
"678",2002-02-11,14.37
"679",2002-02-12,14.38
"680",2002-02-13,14.38
"681",2002-02-14,14.37
"682",2002-02-15,14.39
"683",2002-02-16,14.38
"684",2002-02-17,14.28
"685",2002-02-18,14.41
"686",2002-02-19,14.49
"687",2002-02-20,14.41
"688",2002-02-21,14.37
"689",2002-02-22,14.33
"690",2002-02-23,14.26
"691",2002-02-24,14.23
"692",2002-02-25,14.39
"693",2002-02-26,14.34
"694",2002-02-27,14.12
"695",2002-02-28,14.27
"696",2002-03-01,14.43
"697",2002-03-02,14.45
"698",2002-03-03,14.28
"699",2002-03-04,14.08
"700",2002-03-05,14.17
"701",2002-03-06,14.27
"702",2002-03-07,14.2
"703",2002-03-08,14.22
"704",2002-03-09,14.21
"705",2002-03-10,14.21
"706",2002-03-11,14.23
"707",2002-03-12,14.18
"708",2002-03-13,13.99
"709",2002-03-14,14.14
"710",2002-03-15,14.18
"711",2002-03-16,14.18
"712",2002-03-17,14.18
"713",2002-03-18,14.17
"714",2002-03-19,14.17
"715",2002-03-20,14.15
"716",2002-03-21,13.92
"717",2002-03-22,13.99
"718",2002-03-23,14.01
"719",2002-03-24,14.07
"720",2002-03-25,13.99
"721",2002-03-26,13.91
"722",2002-03-27,13.79
"723",2002-03-28,13.84
"724",2002-03-29,13.91
"725",2002-03-30,13.92
"726",2002-03-31,13.83
"727",2002-04-01,13.7
"728",2002-04-02,13.73
"729",2002-04-03,13.65
"730",2002-04-04,13.65
"731",2002-04-05,13.59
"732",2002-04-06,13.64
"733",2002-04-07,13.95
"734",2002-04-08,13.95
"735",2002-04-09,13.72
"736",2002-04-10,13.57
"737",2002-04-11,13.55
"738",2002-04-12,13.58
"739",2002-04-13,13.51
"740",2002-04-14,13.45
"741",2002-04-15,13.46
"742",2002-04-16,13.48
"743",2002-04-17,13.46
"744",2002-04-18,13.52
"745",2002-04-19,13.48
"746",2002-04-20,13.38
"747",2002-04-21,13.31
"748",2002-04-22,13.27
"749",2002-04-23,13.25
"750",2002-04-24,13.34
"751",2002-04-25,13.29
"752",2002-04-26,13.15
"753",2002-04-27,13.16
"754",2002-04-28,13.1
"755",2002-04-29,12.89
"756",2002-04-30,12.88
"757",2002-05-01,12.8
"758",2002-05-02,12.81
"759",2002-05-03,12.85
"760",2002-05-04,12.8
"761",2002-05-05,12.77
"762",2002-05-06,12.84
"763",2002-05-07,12.8
"764",2002-05-08,12.73
"765",2002-05-09,12.66
"766",2002-05-10,12.66
"767",2002-05-11,12.72
"768",2002-05-12,12.69
"769",2002-05-13,12.33
"770",2002-05-14,12.2
"771",2002-05-15,12.41
"772",2002-05-16,12.44
"773",2002-05-17,12.23
"774",2002-05-18,12.05
"775",2002-05-19,12.08
"776",2002-05-20,12.22
"777",2002-05-21,12.15
"778",2002-05-22,12.18
"779",2002-05-23,12.33
"780",2002-05-24,12.41
"781",2002-05-25,12.25
"782",2002-05-26,12.21
"783",2002-05-27,12.31
"784",2002-05-28,12.15
"785",2002-05-29,11.95
"786",2002-05-30,11.93
"787",2002-05-31,11.98
"788",2002-06-01,11.89
"789",2002-06-02,11.76
"790",2002-06-03,11.74
"791",2002-06-04,11.81
"792",2002-06-05,11.81
"793",2002-06-06,11.7
"794",2002-06-07,11.54
"795",2002-06-08,11.69
"796",2002-06-09,11.72
"797",2002-06-10,11.75
"798",2002-06-11,11.67
"799",2002-06-12,11.58
"800",2002-06-13,11.61
"801",2002-06-14,11.34
"802",2002-06-15,11.45
"803",2002-06-16,11.57
"804",2002-06-17,11.79
"805",2002-06-18,11.92
"806",2002-06-19,11.97
"807",2002-06-20,12.15
"808",2002-06-21,12.29
"809",2002-06-22,12.22
"810",2002-06-23,12.28
"811",2002-06-24,12.35
"812",2002-06-25,12.57
"813",2002-06-26,12.64
"814",2002-06-27,12.63
"815",2002-06-28,12.64
"816",2002-06-29,12.77
"817",2002-06-30,12.81
"818",2002-07-01,12.95
"819",2002-07-02,12.95
"820",2002-07-03,13.04
"821",2002-07-04,13.04
"822",2002-07-05,13.13
"823",2002-07-06,13.26
"824",2002-07-07,13.42
"825",2002-07-08,13.63
"826",2002-07-09,13.64
"827",2002-07-10,13.7
"828",2002-07-11,13.73
"829",2002-07-12,13.88
"830",2002-07-13,13.86
"831",2002-07-14,13.85
"832",2002-07-15,13.98
"833",2002-07-16,14.03
"834",2002-07-17,13.99
"835",2002-07-18,14.05
"836",2002-07-19,14.02
"837",2002-07-20,14.04
"838",2002-07-21,14.18
"839",2002-07-22,14.27
"840",2002-07-23,14.32
"841",2002-07-24,14.32
"842",2002-07-25,14.37
"843",2002-07-26,14.43
"844",2002-07-27,14.48
"845",2002-07-28,14.44
"846",2002-07-29,14.45
"847",2002-07-30,14.47
"848",2002-07-31,14.44
"849",2002-08-01,14.38
"850",2002-08-02,14.43
"851",2002-08-03,14.49
"852",2002-08-04,14.48
"853",2002-08-05,14.48
"854",2002-08-06,14.39
"855",2002-08-07,14.37
"856",2002-08-08,14.49
"857",2002-08-09,14.54
"858",2002-08-10,14.52
"859",2002-08-11,14.47
"860",2002-08-12,14.48
"861",2002-08-13,14.56
"862",2002-08-14,14.62
"863",2002-08-15,14.72
"864",2002-08-16,14.73
"865",2002-08-17,14.62
"866",2002-08-18,14.64
"867",2002-08-19,14.67
"868",2002-08-20,14.67
"869",2002-08-21,14.75
"870",2002-08-22,14.79
"871",2002-08-23,14.8
"872",2002-08-24,14.83
"873",2002-08-25,14.81
"874",2002-08-26,14.79
"875",2002-08-27,14.84
"876",2002-08-28,14.89
"877",2002-08-29,14.96
"878",2002-08-30,15.09
"879",2002-08-31,15.18
"880",2002-09-01,15.18
"881",2002-09-02,15.15
"882",2002-09-03,15.21
"883",2002-09-04,15.25
"884",2002-09-05,15.38
"885",2002-09-06,15.51
"886",2002-09-07,15.55
"887",2002-09-08,15.51
"888",2002-09-09,15.51
"889",2002-09-10,15.46
"890",2002-09-11,15.47
"891",2002-09-12,15.63
"892",2002-09-13,15.66
"893",2002-09-14,15.66
"894",2002-09-15,15.6
"895",2002-09-16,15.61
"896",2002-09-17,15.61
"897",2002-09-18,15.63
"898",2002-09-19,15.69
"899",2002-09-20,15.73
"900",2002-09-21,15.71
"901",2002-09-22,15.73
"902",2002-09-23,15.69
"903",2002-09-24,15.75
"904",2002-09-25,15.9
"905",2002-09-26,15.83
"906",2002-09-27,15.7
"907",2002-09-28,15.74
"908",2002-09-29,15.77
"909",2002-09-30,15.81
"910",2002-10-01,15.84
"911",2002-10-02,15.79
"912",2002-10-03,15.73
"913",2002-10-04,15.69
"914",2002-10-05,15.67
"915",2002-10-06,15.63
"916",2002-10-07,15.58
"917",2002-10-08,15.56
"918",2002-10-09,15.51
"919",2002-10-10,15.43
"920",2002-10-11,15.45
"921",2002-10-12,15.45
"922",2002-10-13,15.42
"923",2002-10-14,15.44
"924",2002-10-15,15.39
"925",2002-10-16,15.36
"926",2002-10-17,15.35
"927",2002-10-18,15.41
"928",2002-10-19,15.4
"929",2002-10-20,15.36
"930",2002-10-21,15.33
"931",2002-10-22,15.35
"932",2002-10-23,15.37
"933",2002-10-24,15.32
"934",2002-10-25,15.34
"935",2002-10-26,15.33
"936",2002-10-27,15.36
"937",2002-10-28,15.33
"938",2002-10-29,15.27
"939",2002-10-30,15.17
"940",2002-10-31,15.23
"941",2002-11-01,15.19
"942",2002-11-02,15.15
"943",2002-11-03,15.17
"944",2002-11-04,15.17
"945",2002-11-05,15.14
"946",2002-11-06,14.95
"947",2002-11-07,14.96
"948",2002-11-08,15.06
"949",2002-11-09,15.07
"950",2002-11-10,15.04
"951",2002-11-11,15.03
"952",2002-11-12,14.97
"953",2002-11-13,14.85
"954",2002-11-14,14.9
"955",2002-11-15,14.98
"956",2002-11-16,15.01
"957",2002-11-17,14.76
"958",2002-11-18,15.04
"959",2002-11-19,15.04
"960",2002-11-20,15.1
"961",2002-11-21,15.09
"962",2002-11-22,15.03
"963",2002-11-23,15.04
"964",2002-11-24,15.11
"965",2002-11-25,15.11
"966",2002-11-26,15.06
"967",2002-11-27,15.08
"968",2002-11-28,15.02
"969",2002-11-29,14.98
"970",2002-11-30,15.02
"971",2002-12-01,15.05
"972",2002-12-02,15.05
"973",2002-12-03,15.06
"974",2002-12-04,15.09
"975",2002-12-05,15.06
"976",2002-12-06,15.02
"977",2002-12-07,15.01
"978",2002-12-08,15.08
"979",2002-12-09,15.16
"980",2002-12-10,15.31
"981",2002-12-11,15.34
"982",2002-12-12,15.38
"983",2002-12-13,15.39
"984",2002-12-14,15.3
"985",2002-12-15,15.4
"986",2002-12-16,15.41
"987",2002-12-17,15.48
"988",2002-12-18,15.52
"989",2002-12-19,15.56
"990",2002-12-20,15.49
"991",2002-12-21,15.57
"992",2002-12-22,15.61
"993",2002-12-23,15.67
"994",2002-12-24,15.67
"995",2002-12-25,15.4
"996",2002-12-26,15.63
"997",2002-12-27,15.61
"998",2002-12-28,15.59
"999",2002-12-29,15.67
"1000",2002-12-30,15.7
"1001",2002-12-31,15.79
"1002",2003-01-01,15.83
"1003",2003-01-02,15.92
"1004",2003-01-03,15.74
"1005",2003-01-04,15.89
"1006",2003-01-05,15.95
"1007",2003-01-06,15.93
"1008",2003-01-07,15.92
"1009",2003-01-08,15.96
"1010",2003-01-09,16.03
"1011",2003-01-10,16.08
"1012",2003-01-11,16.16
"1013",2003-01-12,16.14
"1014",2003-01-13,16.17
"1015",2003-01-14,16.13
"1016",2003-01-15,16.15
"1017",2003-01-16,16.16
"1018",2003-01-17,15.99
"1019",2003-01-18,16
"1020",2003-01-19,16.11
"1021",2003-01-20,16.1
"1022",2003-01-21,16.12
"1023",2003-01-22,16.1
"1024",2003-01-23,15.92
"1025",2003-01-24,15.82
"1026",2003-01-25,15.97
"1027",2003-01-26,15.93
"1028",2003-01-27,15.9
"1029",2003-01-28,15.89
"1030",2003-01-29,15.9
"1031",2003-01-30,15.9
"1032",2003-01-31,15.88
"1033",2003-02-01,15.73
"1034",2003-02-02,15.77
"1035",2003-02-03,15.77
"1036",2003-02-04,15.72
"1037",2003-02-05,15.7
"1038",2003-02-06,15.67
"1039",2003-02-07,15.61
"1040",2003-02-08,15.62
"1041",2003-02-09,15.58
"1042",2003-02-10,15.53
"1043",2003-02-11,15.52
"1044",2003-02-12,15.48
"1045",2003-02-13,15.49
"1046",2003-02-14,15.48
"1047",2003-02-15,15.46
"1048",2003-02-16,15.4
"1049",2003-02-17,15.34
"1050",2003-02-18,15.39
"1051",2003-02-19,15.4
"1052",2003-02-20,15.41
"1053",2003-02-21,15.43
"1054",2003-02-22,15.4
"1055",2003-02-23,15.26
"1056",2003-02-24,15.51
"1057",2003-02-25,15.44
"1058",2003-02-26,15.43
"1059",2003-02-27,15.34
"1060",2003-02-28,15.36
"1061",2003-03-01,15.38
"1062",2003-03-02,15.29
"1063",2003-03-03,15.43
"1064",2003-03-04,15.31
"1065",2003-03-05,15.36
"1066",2003-03-06,15.31
"1067",2003-03-07,15.24
"1068",2003-03-08,15.27
"1069",2003-03-09,15.19
"1070",2003-03-10,15.25
"1071",2003-03-11,15.35
"1072",2003-03-12,15.3
"1073",2003-03-13,15.16
"1074",2003-03-14,15.19
"1075",2003-03-15,15.15
"1076",2003-03-16,15.21
"1077",2003-03-17,15.18
"1078",2003-03-18,15.25
"1079",2003-03-19,15.36
"1080",2003-03-20,15.33
"1081",2003-03-21,15.25
"1082",2003-03-22,15.27
"1083",2003-03-23,15.28
"1084",2003-03-24,15.26
"1085",2003-03-25,15.37
"1086",2003-03-26,15.38
"1087",2003-03-27,15.42
"1088",2003-03-28,15.41
"1089",2003-03-29,15.39
"1090",2003-03-30,15.15
"1091",2003-03-31,15.18
"1092",2003-04-01,15.37
"1093",2003-04-02,15.39
"1094",2003-04-03,15.4
"1095",2003-04-04,15.41
"1096",2003-04-05,15.39
"1097",2003-04-06,15.43
"1098",2003-04-07,15.48
"1099",2003-04-08,15.45
"1100",2003-04-09,15.21
"1101",2003-04-10,14.83
"1102",2003-04-11,14.99
"1103",2003-04-12,15.19
"1104",2003-04-13,15.19
"1105",2003-04-14,15.23
"1106",2003-04-15,15.26
"1107",2003-04-16,15.2
"1108",2003-04-17,15.17
"1109",2003-04-18,15.18
"1110",2003-04-19,15.18
"1111",2003-04-20,15.16
"1112",2003-04-21,15.09
"1113",2003-04-22,14.91
"1114",2003-04-23,14.97
"1115",2003-04-24,15.05
"1116",2003-04-25,14.97
"1117",2003-04-26,15.09
"1118",2003-04-27,15.07
"1119",2003-04-28,15.17
"1120",2003-04-29,15.16
"1121",2003-04-30,15.2
"1122",2003-05-01,15.08
"1123",2003-05-02,15.06
"1124",2003-05-03,15.12
"1125",2003-05-04,15.13
"1126",2003-05-05,15.19
"1127",2003-05-06,15.2
"1128",2003-05-07,15.15
"1129",2003-05-08,15.08
"1130",2003-05-09,15.01
"1131",2003-05-10,14.96
"1132",2003-05-11,14.86
"1133",2003-05-12,14.78
"1134",2003-05-13,14.84
"1135",2003-05-14,14.8
"1136",2003-05-15,14.73
"1137",2003-05-16,14.7
"1138",2003-05-17,14.72
"1139",2003-05-18,14.71
"1140",2003-05-19,14.66
"1141",2003-05-20,14.62
"1142",2003-05-21,14.66
"1143",2003-05-22,14.68
"1144",2003-05-23,14.54
"1145",2003-05-24,14.53
"1146",2003-05-25,14.57
"1147",2003-05-26,14.54
"1148",2003-05-27,14.65
"1149",2003-05-28,14.79
"1150",2003-05-29,14.78
"1151",2003-05-30,14.73
"1152",2003-05-31,14.76
"1153",2003-06-01,14.75
"1154",2003-06-02,14.82
"1155",2003-06-03,14.88
"1156",2003-06-04,14.95
"1157",2003-06-05,14.89
"1158",2003-06-06,14.94
"1159",2003-06-07,14.95
"1160",2003-06-08,14.89
"1161",2003-06-09,14.9
"1162",2003-06-10,14.94
"1163",2003-06-11,14.97
"1164",2003-06-12,14.97
"1165",2003-06-13,15.02
"1166",2003-06-14,14.98
"1167",2003-06-15,14.94
"1168",2003-06-16,14.98
"1169",2003-06-17,14.96
"1170",2003-06-18,14.9
"1171",2003-06-19,14.83
"1172",2003-06-20,14.93
"1173",2003-06-21,14.95
"1174",2003-06-22,15.05
"1175",2003-06-23,15.12
"1176",2003-06-24,15.24
"1177",2003-06-25,15.27
"1178",2003-06-26,15.24
"1179",2003-06-27,15.24
"1180",2003-06-28,15.28
"1181",2003-06-29,15.39
"1182",2003-06-30,15.39
"1183",2003-07-01,15.26
"1184",2003-07-02,15.22
"1185",2003-07-03,15.26
"1186",2003-07-04,15.33
"1187",2003-07-05,15.44
"1188",2003-07-06,15.45
"1189",2003-07-07,15.41
"1190",2003-07-08,15.33
"1191",2003-07-09,15.28
"1192",2003-07-10,15.28
"1193",2003-07-11,15.2
"1194",2003-07-12,15.18
"1195",2003-07-13,15.22
"1196",2003-07-14,15.16
"1197",2003-07-15,15.18
"1198",2003-07-16,15.13
"1199",2003-07-17,15.14
"1200",2003-07-18,15.17
"1201",2003-07-19,15.12
"1202",2003-07-20,15.09
"1203",2003-07-21,15.09
"1204",2003-07-22,15.12
"1205",2003-07-23,15.15
"1206",2003-07-24,15.23
"1207",2003-07-25,15.28
"1208",2003-07-26,15.34
"1209",2003-07-27,15.35
"1210",2003-07-28,15.31
"1211",2003-07-29,15.3
"1212",2003-07-30,15.27
"1213",2003-07-31,15.3
"1214",2003-08-01,15.31
"1215",2003-08-02,15.36
"1216",2003-08-03,15.36
"1217",2003-08-04,15.34
"1218",2003-08-05,15.31
"1219",2003-08-06,15.35
"1220",2003-08-07,15.35
"1221",2003-08-08,15.39
"1222",2003-08-09,15.42
"1223",2003-08-10,15.51
"1224",2003-08-11,15.57
"1225",2003-08-12,15.71
"1226",2003-08-13,15.77
"1227",2003-08-14,15.94
"1228",2003-08-15,15.86
"1229",2003-08-16,15.81
"1230",2003-08-17,15.83
"1231",2003-08-18,15.87
"1232",2003-08-19,15.93
"1233",2003-08-20,16.09
"1234",2003-08-21,16.05
"1235",2003-08-22,16.08
"1236",2003-08-23,16.11
"1237",2003-08-24,16.19
"1238",2003-08-25,16.27
"1239",2003-08-26,16.33
"1240",2003-08-27,16.39
"1241",2003-08-28,16.48
"1242",2003-08-29,16.47
"1243",2003-08-30,16.55
"1244",2003-08-31,16.61
"1245",2003-09-01,16.59
"1246",2003-09-02,16.6
"1247",2003-09-03,16.56
"1248",2003-09-04,16.59
"1249",2003-09-05,16.71
"1250",2003-09-06,16.71
"1251",2003-09-07,16.75
"1252",2003-09-08,16.83
"1253",2003-09-09,16.89
"1254",2003-09-10,16.92
"1255",2003-09-11,16.92
"1256",2003-09-12,16.92
"1257",2003-09-13,16.95
"1258",2003-09-14,16.93
"1259",2003-09-15,16.87
"1260",2003-09-16,16.8
"1261",2003-09-17,16.8
"1262",2003-09-18,16.78
"1263",2003-09-19,16.79
"1264",2003-09-20,16.8
"1265",2003-09-21,16.84
"1266",2003-09-22,16.74
"1267",2003-09-23,16.63
"1268",2003-09-24,16.64
"1269",2003-09-25,16.68
"1270",2003-09-26,16.68
"1271",2003-09-27,16.68
"1272",2003-09-28,16.78
"1273",2003-09-29,16.95
"1274",2003-09-30,16.98
"1275",2003-10-01,16.97
"1276",2003-10-02,16.97
"1277",2003-10-03,17.03
"1278",2003-10-04,17.05
"1279",2003-10-05,17.08
"1280",2003-10-06,17.07
"1281",2003-10-07,17.04
"1282",2003-10-08,16.99
"1283",2003-10-09,16.93
"1284",2003-10-10,16.92
"1285",2003-10-11,16.92
"1286",2003-10-12,16.88
"1287",2003-10-13,16.85
"1288",2003-10-14,16.75
"1289",2003-10-15,16.78
"1290",2003-10-16,16.82
"1291",2003-10-17,16.73
"1292",2003-10-18,16.67
"1293",2003-10-19,16.65
"1294",2003-10-20,16.7
"1295",2003-10-21,16.63
"1296",2003-10-22,16.49
"1297",2003-10-23,16.51
"1298",2003-10-24,16.56
"1299",2003-10-25,16.62
"1300",2003-10-26,16.54
"1301",2003-10-27,16.42
"1302",2003-10-28,16.38
"1303",2003-10-29,16.31
"1304",2003-10-30,16.4
"1305",2003-10-31,16.37
"1306",2003-11-01,16.3
"1307",2003-11-02,16.23
"1308",2003-11-03,16.39
"1309",2003-11-04,16.34
"1310",2003-11-05,16.3
"1311",2003-11-06,16.28
"1312",2003-11-07,16.26
"1313",2003-11-08,16.28
"1314",2003-11-09,16.19
"1315",2003-11-10,16.33
"1316",2003-11-11,16.32
"1317",2003-11-12,16.27
"1318",2003-11-13,16.16
"1319",2003-11-14,16.16
"1320",2003-11-15,16.2
"1321",2003-11-16,16.22
"1322",2003-11-17,16.17
"1323",2003-11-18,16.17
"1324",2003-11-19,16
"1325",2003-11-20,15.95
"1326",2003-11-21,16.03
"1327",2003-11-22,16.04
"1328",2003-11-23,16.06
"1329",2003-11-24,16.02
"1330",2003-11-25,15.99
"1331",2003-11-26,15.98
"1332",2003-11-27,16.01
"1333",2003-11-28,15.88
"1334",2003-11-29,15.72
"1335",2003-11-30,15.81
"1336",2003-12-01,15.81
"1337",2003-12-02,15.8
"1338",2003-12-03,15.84
"1339",2003-12-04,15.79
"1340",2003-12-05,15.75
"1341",2003-12-06,15.59
"1342",2003-12-07,15.62
"1343",2003-12-08,15.74
"1344",2003-12-09,15.77
"1345",2003-12-10,15.72
"1346",2003-12-11,15.57
"1347",2003-12-12,15.69
"1348",2003-12-13,15.7
"1349",2003-12-14,15.71
"1350",2003-12-15,15.76
"1351",2003-12-16,15.82
"1352",2003-12-17,15.56
"1353",2003-12-18,15.72
"1354",2003-12-19,15.68
"1355",2003-12-20,15.66
"1356",2003-12-21,15.67
"1357",2003-12-22,15.71
"1358",2003-12-23,15.73
"1359",2003-12-24,15.68
"1360",2003-12-25,15.68
"1361",2003-12-26,15.71
"1362",2003-12-27,15.7
"1363",2003-12-28,15.7
"1364",2003-12-29,15.67
"1365",2003-12-30,15.65
"1366",2003-12-31,15.63
"1367",2004-01-01,15.63
"1368",2004-01-02,15.62
"1369",2004-01-03,15.64
"1370",2004-01-04,15.63
"1371",2004-01-05,15.61
"1372",2004-01-06,15.6
"1373",2004-01-07,15.51
"1374",2004-01-08,15.57
"1375",2004-01-09,15.55
"1376",2004-01-10,15.33
"1377",2004-01-11,15.33
"1378",2004-01-12,15.42
"1379",2004-01-13,15.4
"1380",2004-01-14,15.34
"1381",2004-01-15,15.27
"1382",2004-01-16,15.34
"1383",2004-01-17,15.38
"1384",2004-01-18,15.38
"1385",2004-01-19,15.39
"1386",2004-01-20,15.35
"1387",2004-01-21,15.37
"1388",2004-01-22,15.34
"1389",2004-01-23,15.25
"1390",2004-01-24,15.3
"1391",2004-01-25,15.34
"1392",2004-01-26,15.32
"1393",2004-01-27,15.2
"1394",2004-01-28,15.18
"1395",2004-01-29,15.24
"1396",2004-01-30,15.26
"1397",2004-01-31,15.34
"1398",2004-02-01,15.38
"1399",2004-02-02,15.37
"1400",2004-02-03,15.4
"1401",2004-02-04,15.43
"1402",2004-02-05,15.48
"1403",2004-02-06,15.43
"1404",2004-02-07,15.22
"1405",2004-02-08,15.32
"1406",2004-02-09,15.36
"1407",2004-02-10,15.33
"1408",2004-02-11,15.32
"1409",2004-02-12,15.26
"1410",2004-02-13,15.28
"1411",2004-02-14,15.29
"1412",2004-02-15,15.16
"1413",2004-02-16,15.24
"1414",2004-02-17,15.15
"1415",2004-02-18,15.02
"1416",2004-02-19,15.18
"1417",2004-02-20,15.2
"1418",2004-02-21,15.17
"1419",2004-02-22,15.16
"1420",2004-02-23,15.17
"1421",2004-02-24,15.14
"1422",2004-02-25,15.32
"1423",2004-02-26,15.18
"1424",2004-02-27,15.14
"1425",2004-02-28,15.21
"1426",2004-02-29,15.32
"1427",2004-03-01,15.34
"1428",2004-03-02,15.33
"1429",2004-03-03,15.34
"1430",2004-03-04,15.38
"1431",2004-03-05,15.39
"1432",2004-03-06,15.25
"1433",2004-03-07,15.17
"1434",2004-03-08,15.1
"1435",2004-03-09,15.08
"1436",2004-03-10,15.08
"1437",2004-03-11,15.14
"1438",2004-03-12,15.17
"1439",2004-03-13,15.15
"1440",2004-03-14,15.16
"1441",2004-03-15,15.12
"1442",2004-03-16,15.02
"1443",2004-03-17,14.99
"1444",2004-03-18,15.1
"1445",2004-03-19,15.06
"1446",2004-03-20,15.13
"1447",2004-03-21,14.94
"1448",2004-03-22,14.88
"1449",2004-03-23,14.96
"1450",2004-03-24,15.08
"1451",2004-03-25,14.99
"1452",2004-03-26,14.96
"1453",2004-03-27,14.89
"1454",2004-03-28,14.76
"1455",2004-03-29,14.7
"1456",2004-03-30,14.62
"1457",2004-03-31,14.44
"1458",2004-04-01,14.29
"1459",2004-04-02,14.28
"1460",2004-04-03,14.24
"1461",2004-04-04,14.24
"1462",2004-04-05,14.34
"1463",2004-04-06,14.4
"1464",2004-04-07,14.33
"1465",2004-04-08,14.18
"1466",2004-04-09,14.2
"1467",2004-04-10,14.23
"1468",2004-04-11,14.22
"1469",2004-04-12,14.26
"1470",2004-04-13,14.16
"1471",2004-04-14,13.79
"1472",2004-04-15,14.21
"1473",2004-04-16,14.28
"1474",2004-04-17,14.31
"1475",2004-04-18,14.31
"1476",2004-04-19,14.25
"1477",2004-04-20,14.18
"1478",2004-04-21,14.17
"1479",2004-04-22,14.15
"1480",2004-04-23,14.15
"1481",2004-04-24,14.13
"1482",2004-04-25,14.11
"1483",2004-04-26,14
"1484",2004-04-27,13.83
"1485",2004-04-28,14.12
"1486",2004-04-29,14.25
"1487",2004-04-30,14.09
"1488",2004-05-01,14.07
"1489",2004-05-02,13.95
"1490",2004-05-03,13.85
"1491",2004-05-04,13.92
"1492",2004-05-05,13.9
"1493",2004-05-06,13.92
"1494",2004-05-07,13.93
"1495",2004-05-08,13.9
"1496",2004-05-09,13.97
"1497",2004-05-10,13.9
"1498",2004-05-11,13.82
"1499",2004-05-12,13.85
"1500",2004-05-13,13.89
"1501",2004-05-14,13.81
"1502",2004-05-15,13.77
"1503",2004-05-16,13.73
"1504",2004-05-17,13.7
"1505",2004-05-18,13.6
"1506",2004-05-19,13.46
"1507",2004-05-20,13.46
"1508",2004-05-21,13.41
"1509",2004-05-22,13.29
"1510",2004-05-23,13.25
"1511",2004-05-24,13.19
"1512",2004-05-25,13.1
"1513",2004-05-26,13
"1514",2004-05-27,12.84
"1515",2004-05-28,12.77
"1516",2004-05-29,12.73
"1517",2004-05-30,12.7
"1518",2004-05-31,12.61
"1519",2004-06-01,12.61
"1520",2004-06-02,12.65
"1521",2004-06-03,12.64
"1522",2004-06-04,12.64
"1523",2004-06-05,12.56
"1524",2004-06-06,12.61
"1525",2004-06-07,12.69
"1526",2004-06-08,12.72
"1527",2004-06-09,12.69
"1528",2004-06-10,12.7
"1529",2004-06-11,12.7
"1530",2004-06-12,12.74
"1531",2004-06-13,12.75
"1532",2004-06-14,12.75
"1533",2004-06-15,12.84
"1534",2004-06-16,12.91
"1535",2004-06-17,13
"1536",2004-06-18,12.85
"1537",2004-06-19,12.67
"1538",2004-06-20,12.68
"1539",2004-06-21,12.76
"1540",2004-06-22,12.77
"1541",2004-06-23,12.82
"1542",2004-06-24,12.81
"1543",2004-06-25,12.82
"1544",2004-06-26,12.74
"1545",2004-06-27,12.75
"1546",2004-06-28,12.67
"1547",2004-06-29,12.68
"1548",2004-06-30,12.73
"1549",2004-07-01,12.67
"1550",2004-07-02,12.57
"1551",2004-07-03,12.55
"1552",2004-07-04,12.52
"1553",2004-07-05,12.51
"1554",2004-07-06,12.41
"1555",2004-07-07,12.38
"1556",2004-07-08,12.47
"1557",2004-07-09,12.45
"1558",2004-07-10,12.4
"1559",2004-07-11,12.31
"1560",2004-07-12,12.32
"1561",2004-07-13,12.23
"1562",2004-07-14,12.13
"1563",2004-07-15,12.14
"1564",2004-07-16,12.12
"1565",2004-07-17,12.12
"1566",2004-07-18,12.13
"1567",2004-07-19,12.15
"1568",2004-07-20,12.23
"1569",2004-07-21,12.29
"1570",2004-07-22,12.39
"1571",2004-07-23,12.36
"1572",2004-07-24,12.4
"1573",2004-07-25,12.33
"1574",2004-07-26,12.25
"1575",2004-07-27,12.3
"1576",2004-07-28,12.38
"1577",2004-07-29,12.51
"1578",2004-07-30,12.47
"1579",2004-07-31,12.29
"1580",2004-08-01,12.25
"1581",2004-08-02,12.27
"1582",2004-08-03,12.25
"1583",2004-08-04,12.34
"1584",2004-08-05,12.43
"1585",2004-08-06,12.52
"1586",2004-08-07,12.6
"1587",2004-08-08,12.64
"1588",2004-08-09,12.68
"1589",2004-08-10,12.73
"1590",2004-08-11,12.82
"1591",2004-08-12,12.78
"1592",2004-08-13,13.1
"1593",2004-08-14,13.03
"1594",2004-08-15,13.19
"1595",2004-08-16,13.18
"1596",2004-08-17,13.17
"1597",2004-08-18,13.17
"1598",2004-08-19,13.26
"1599",2004-08-20,13.29
"1600",2004-08-21,13.27
"1601",2004-08-22,13.31
"1602",2004-08-23,13.28
"1603",2004-08-24,13.37
"1604",2004-08-25,13.46
"1605",2004-08-26,13.52
"1606",2004-08-27,13.49
"1607",2004-08-28,13.52
"1608",2004-08-29,13.54
"1609",2004-08-30,13.63
"1610",2004-08-31,13.67
"1611",2004-09-01,13.7
"1612",2004-09-02,13.83
"1613",2004-09-03,13.76
"1614",2004-09-04,13
"1615",2004-09-05,12.63
"1616",2004-09-06,14.62
"1617",2004-09-07,14.58
"1618",2004-09-08,14.73
"1619",2004-09-09,14.86
"1620",2004-09-10,15.01
"1621",2004-09-11,15.1
"1622",2004-09-12,15.22
"1623",2004-09-13,15.3
"1624",2004-09-14,15.46
"1625",2004-09-15,15.45
"1626",2004-09-16,15.33
"1627",2004-09-17,15.28
"1628",2004-09-18,15.33
"1629",2004-09-19,15.45
"1630",2004-09-20,15.38
"1631",2004-09-21,15.9
"1632",2004-09-22,15.89
"1633",2004-09-23,15.87
"1634",2004-09-24,15.87
"1635",2004-09-25,15.26
"1636",2004-09-26,15.36
"1637",2004-09-27,16.9
"1638",2004-09-28,17.07
"1639",2004-09-29,17.26
"1640",2004-09-30,17.41
"1641",2004-10-01,17.58
"1642",2004-10-02,17.72
"1643",2004-10-03,17.78
"1644",2004-10-04,17.83
"1645",2004-10-05,17.89
"1646",2004-10-06,17.98
"1647",2004-10-07,18.14
"1648",2004-10-08,18.03
"1649",2004-10-09,18
"1650",2004-10-10,17.97
"1651",2004-10-11,17.99
"1652",2004-10-12,17.97
"1653",2004-10-13,17.81
"1654",2004-10-14,17.82
"1655",2004-10-15,17.7
"1656",2004-10-16,17.73
"1657",2004-10-17,17.74
"1658",2004-10-18,17.7
"1659",2004-10-19,17.6
"1660",2004-10-20,17.55
"1661",2004-10-21,17.54
"1662",2004-10-22,17.5
"1663",2004-10-23,17.48
"1664",2004-10-24,17.4
"1665",2004-10-25,17.34
"1666",2004-10-26,17.29
"1667",2004-10-27,17.26
"1668",2004-10-28,17.18
"1669",2004-10-29,17.13
"1670",2004-10-30,17.11
"1671",2004-10-31,17.09
"1672",2004-11-01,17.09
"1673",2004-11-02,17.03
"1674",2004-11-03,16.94
"1675",2004-11-04,16.85
"1676",2004-11-05,16.74
"1677",2004-11-06,16.69
"1678",2004-11-07,16.65
"1679",2004-11-08,16.58
"1680",2004-11-09,16.53
"1681",2004-11-10,16.67
"1682",2004-11-11,16.58
"1683",2004-11-12,16.45
"1684",2004-11-13,16.38
"1685",2004-11-14,16.48
"1686",2004-11-15,16.49
"1687",2004-11-16,16.35
"1688",2004-11-17,16.3
"1689",2004-11-18,16.3
"1690",2004-11-19,16.31
"1691",2004-11-20,16.29
"1692",2004-11-21,16.27
"1693",2004-11-22,16.24
"1694",2004-11-23,16.24
"1695",2004-11-24,16.24
"1696",2004-11-25,16.05
"1697",2004-11-26,16.1
"1698",2004-11-27,16.14
"1699",2004-11-28,16.1
"1700",2004-11-29,16.14
"1701",2004-11-30,16.15
"1702",2004-12-01,16.09
"1703",2004-12-02,16.03
"1704",2004-12-03,16
"1705",2004-12-04,15.98
"1706",2004-12-05,15.97
"1707",2004-12-06,15.97
"1708",2004-12-07,15.95
"1709",2004-12-08,15.92
"1710",2004-12-09,15.92
"1711",2004-12-10,15.82
"1712",2004-12-11,15.61
"1713",2004-12-12,15.75
"1714",2004-12-13,15.75
"1715",2004-12-14,15.64
"1716",2004-12-15,15.49
"1717",2004-12-16,15.58
"1718",2004-12-17,15.56
"1719",2004-12-18,15.55
"1720",2004-12-19,15.4
"1721",2004-12-20,15.4
"1722",2004-12-21,15.48
"1723",2004-12-22,15.5
"1724",2004-12-23,15.47
"1725",2004-12-24,15.44
"1726",2004-12-25,15.5
"1727",2004-12-26,15.1
"1728",2004-12-27,15.4
"1729",2004-12-28,15.48
"1730",2004-12-29,15.52
"1731",2004-12-30,15.53
"1732",2004-12-31,15.54
"1733",2005-01-01,15.54
"1734",2005-01-02,15.55
"1735",2005-01-03,15.53
"1736",2005-01-04,15.52
"1737",2005-01-05,15.52
"1738",2005-01-06,15.53
"1739",2005-01-07,15.52
"1740",2005-01-08,15.49
"1741",2005-01-09,15.48
"1742",2005-01-10,15.47
"1743",2005-01-11,15.47
"1744",2005-01-12,15.47
"1745",2005-01-13,15.52
"1746",2005-01-14,15.43
"1747",2005-01-15,15.33
"1748",2005-01-16,15.25
"1749",2005-01-17,15.25
"1750",2005-01-18,15.25
"1751",2005-01-19,15.31
"1752",2005-01-20,15.26
"1753",2005-01-21,15.32
"1754",2005-01-22,15.34
"1755",2005-01-23,15.23
"1756",2005-01-24,15.15
"1757",2005-01-25,15.24
"1758",2005-01-26,15.21
"1759",2005-01-27,15.23
"1760",2005-01-28,15.3
"1761",2005-01-29,15.28
"1762",2005-01-30,15.15
"1763",2005-01-31,15.17
"1764",2005-02-01,15.16
"1765",2005-02-02,15.13
"1766",2005-02-03,15.11
"1767",2005-02-04,15.01
"1768",2005-02-05,14.94
"1769",2005-02-06,15.02
"1770",2005-02-07,15.03
"1771",2005-02-08,14.99
"1772",2005-02-09,14.95
"1773",2005-02-10,14.72
"1774",2005-02-11,14.63
"1775",2005-02-12,14.76
"1776",2005-02-13,14.84
"1777",2005-02-14,14.82
"1778",2005-02-15,14.8
"1779",2005-02-16,14.72
"1780",2005-02-17,14.68
"1781",2005-02-18,14.67
"1782",2005-02-19,14.73
"1783",2005-02-20,14.75
"1784",2005-02-21,14.65
"1785",2005-02-22,14.61
"1786",2005-02-23,14.61
"1787",2005-02-24,14.56
"1788",2005-02-25,14.63
"1789",2005-02-26,14.7
"1790",2005-02-27,14.71
"1791",2005-02-28,14.61
"1792",2005-03-01,14.54
"1793",2005-03-02,14.67
"1794",2005-03-03,14.76
"1795",2005-03-04,14.74
"1796",2005-03-05,14.67
"1797",2005-03-06,14.69
"1798",2005-03-07,14.72
"1799",2005-03-08,14.51
"1800",2005-03-09,14.73
"1801",2005-03-10,14.79
"1802",2005-03-11,14.78
"1803",2005-03-12,14.78
"1804",2005-03-13,14.82
"1805",2005-03-14,14.87
"1806",2005-03-15,14.89
"1807",2005-03-16,14.87
"1808",2005-03-17,15.04
"1809",2005-03-18,15.13
"1810",2005-03-19,15.26
"1811",2005-03-20,15.35
"1812",2005-03-21,15.38
"1813",2005-03-22,15.43
"1814",2005-03-23,15.29
"1815",2005-03-24,15.4
"1816",2005-03-25,15.38
"1817",2005-03-26,15.46
"1818",2005-03-27,15.42
"1819",2005-03-28,15.09
"1820",2005-03-29,15.23
"1821",2005-03-30,15.35
"1822",2005-03-31,15.42
"1823",2005-04-01,15.4
"1824",2005-04-02,15.11
"1825",2005-04-03,15.23
"1826",2005-04-04,15.36
"1827",2005-04-05,15.43
"1828",2005-04-06,15.53
"1829",2005-04-07,15.4
"1830",2005-04-08,15.3
"1831",2005-04-09,15.35
"1832",2005-04-10,15.41
"1833",2005-04-11,15.45
"1834",2005-04-12,15.34
"1835",2005-04-13,15.16
"1836",2005-04-14,15.15
"1837",2005-04-15,15.2
"1838",2005-04-16,15.18
"1839",2005-04-17,15.13
"1840",2005-04-18,15.18
"1841",2005-04-19,15.19
"1842",2005-04-20,15.12
"1843",2005-04-21,15.03
"1844",2005-04-22,14.93
"1845",2005-04-23,14.78
"1846",2005-04-24,14.64
"1847",2005-04-25,14.83
"1848",2005-04-26,14.79
"1849",2005-04-27,14.75
"1850",2005-04-28,14.84
"1851",2005-04-29,14.9
"1852",2005-04-30,14.87
"1853",2005-05-01,14.68
"1854",2005-05-02,14.66
"1855",2005-05-03,14.75
"1856",2005-05-04,14.71
"1857",2005-05-05,14.71
"1858",2005-05-06,14.62
"1859",2005-05-07,14.72
"1860",2005-05-08,14.71
"1861",2005-05-09,14.6
"1862",2005-05-10,14.55
"1863",2005-05-11,14.55
"1864",2005-05-12,14.54
"1865",2005-05-13,14.55
"1866",2005-05-14,14.49
"1867",2005-05-15,14.42
"1868",2005-05-16,14.41
"1869",2005-05-17,14.4
"1870",2005-05-18,14.41
"1871",2005-05-19,14.36
"1872",2005-05-20,14.22
"1873",2005-05-21,13.98
"1874",2005-05-22,14.11
"1875",2005-05-23,13.95
"1876",2005-05-24,13.72
"1877",2005-05-25,13.76
"1878",2005-05-26,14
"1879",2005-05-27,13.97
"1880",2005-05-28,13.84
"1881",2005-05-29,13.9
"1882",2005-05-30,13.93
"1883",2005-05-31,14.02
"1884",2005-06-01,14.13
"1885",2005-06-02,14.18
"1886",2005-06-03,14.35
"1887",2005-06-04,14.55
"1888",2005-06-05,14.63
"1889",2005-06-06,14.68
"1890",2005-06-07,14.81
"1891",2005-06-08,14.92
"1892",2005-06-09,15.12
"1893",2005-06-10,15.52
"1894",2005-06-11,15.28
"1895",2005-06-12,15.29
"1896",2005-06-13,15.32
"1897",2005-06-14,15.3
"1898",2005-06-15,15.22
"1899",2005-06-16,15.22
"1900",2005-06-17,15.23
"1901",2005-06-18,15.24
"1902",2005-06-19,15.27
"1903",2005-06-20,15.33
"1904",2005-06-21,15.37
"1905",2005-06-22,15.4
"1906",2005-06-23,15.49
"1907",2005-06-24,15.53
"1908",2005-06-25,15.48
"1909",2005-06-26,15.55
"1910",2005-06-27,15.65
"1911",2005-06-28,15.76
"1912",2005-06-29,15.82
"1913",2005-06-30,15.82
"1914",2005-07-01,15.92
"1915",2005-07-02,15.97
"1916",2005-07-03,16.08
"1917",2005-07-04,16.23
"1918",2005-07-05,16.26
"1919",2005-07-06,16.29
"1920",2005-07-07,16.32
"1921",2005-07-08,16.53
"1922",2005-07-09,16.92
"1923",2005-07-10,16.69
"1924",2005-07-11,16.51
"1925",2005-07-12,16.52
"1926",2005-07-13,16.52
"1927",2005-07-14,16.55
"1928",2005-07-15,16.6
"1929",2005-07-16,16.61
"1930",2005-07-17,16.67
"1931",2005-07-18,16.67
"1932",2005-07-19,16.65
"1933",2005-07-20,16.6
"1934",2005-07-21,16.57
"1935",2005-07-22,16.46
"1936",2005-07-23,16.35
"1937",2005-07-24,16.33
"1938",2005-07-25,16.4
"1939",2005-07-26,16.36
"1940",2005-07-27,16.3
"1941",2005-07-28,16.25
"1942",2005-07-29,16.2
"1943",2005-07-30,16.19
"1944",2005-07-31,16.17
"1945",2005-08-01,16.1
"1946",2005-08-02,16.06
"1947",2005-08-03,16.05
"1948",2005-08-04,16.02
"1949",2005-08-05,16.11
"1950",2005-08-06,16.06
"1951",2005-08-07,16.03
"1952",2005-08-08,16.04
"1953",2005-08-09,16.06
"1954",2005-08-10,16.09
"1955",2005-08-11,16.08
"1956",2005-08-12,16.05
"1957",2005-08-13,16.01
"1958",2005-08-14,15.96
"1959",2005-08-15,15.98
"1960",2005-08-16,15.99
"1961",2005-08-17,15.94
"1962",2005-08-18,15.87
"1963",2005-08-19,15.86
"1964",2005-08-20,15.8
"1965",2005-08-21,15.74
"1966",2005-08-22,15.72
"1967",2005-08-23,15.68
"1968",2005-08-24,15.66
"1969",2005-08-25,15.66
"1970",2005-08-26,16.18
"1971",2005-08-27,15.85
"1972",2005-08-28,15.8
"1973",2005-08-29,15.72
"1974",2005-08-30,15.61
"1975",2005-08-31,15.62
"1976",2005-09-01,15.66
"1977",2005-09-02,15.68
"1978",2005-09-03,15.73
"1979",2005-09-04,15.81
"1980",2005-09-05,15.8
"1981",2005-09-06,15.71
"1982",2005-09-07,15.69
"1983",2005-09-08,15.63
"1984",2005-09-09,15.64
"1985",2005-09-10,15.75
"1986",2005-09-11,15.75
"1987",2005-09-12,15.68
"1988",2005-09-13,15.6
"1989",2005-09-14,15.61
"1990",2005-09-15,15.66
"1991",2005-09-16,15.69
"1992",2005-09-17,15.68
"1993",2005-09-18,15.63
"1994",2005-09-19,15.61
"1995",2005-09-20,15.85
"1996",2005-09-21,15.72
"1997",2005-09-22,15.67
"1998",2005-09-23,15.57
"1999",2005-09-24,15.58
"2000",2005-09-25,15.53
"2001",2005-09-26,15.48
"2002",2005-09-27,15.44
"2003",2005-09-28,15.47
"2004",2005-09-29,15.47
"2005",2005-09-30,15.51
"2006",2005-10-01,15.56
"2007",2005-10-02,15.59
"2008",2005-10-03,15.51
"2009",2005-10-04,15.59
"2010",2005-10-05,15.39
"2011",2005-10-06,15.48
"2012",2005-10-07,15.47
"2013",2005-10-08,15.46
"2014",2005-10-09,15.44
"2015",2005-10-10,15.53
"2016",2005-10-11,15.52
"2017",2005-10-12,15.52
"2018",2005-10-13,15.53
"2019",2005-10-14,15.5
"2020",2005-10-15,15.55
"2021",2005-10-16,15.51
"2022",2005-10-17,15.54
"2023",2005-10-18,15.52
"2024",2005-10-19,15.52
"2025",2005-10-20,15.53
"2026",2005-10-21,15.55
"2027",2005-10-22,15.56
"2028",2005-10-23,15.66
"2029",2005-10-24,15.66
"2030",2005-10-25,16.1
"2031",2005-10-26,16.31
"2032",2005-10-27,16.41
"2033",2005-10-28,16.51
"2034",2005-10-29,16.53
"2035",2005-10-30,16.63
"2036",2005-10-31,16.63
"2037",2005-11-01,16.67
"2038",2005-11-02,16.83
"2039",2005-11-03,16.94
"2040",2005-11-04,17
"2041",2005-11-05,17.04
"2042",2005-11-06,17.04
"2043",2005-11-07,17.05
"2044",2005-11-08,17.05
"2045",2005-11-09,17.04
"2046",2005-11-10,16.98
"2047",2005-11-11,17.01
"2048",2005-11-12,17.06
"2049",2005-11-13,16.99
"2050",2005-11-14,17.01
"2051",2005-11-15,16.95
"2052",2005-11-16,16.88
"2053",2005-11-17,16.8
"2054",2005-11-18,16.73
"2055",2005-11-19,16.89
"2056",2005-11-20,16.89
"2057",2005-11-21,16.73
"2058",2005-11-22,16.55
"2059",2005-11-23,16.72
"2060",2005-11-24,16.72
"2061",2005-11-25,16.75
"2062",2005-11-26,16.74
"2063",2005-11-27,16.72
"2064",2005-11-28,16.72
"2065",2005-11-29,16.68
"2066",2005-11-30,16.59
"2067",2005-12-01,16.5
"2068",2005-12-02,16.5
"2069",2005-12-03,16.52
"2070",2005-12-04,16.49
"2071",2005-12-05,16.45
"2072",2005-12-06,16.41
"2073",2005-12-07,16.47
"2074",2005-12-08,16.42
"2075",2005-12-09,16.31
"2076",2005-12-10,16.25
"2077",2005-12-11,16.17
"2078",2005-12-12,16.11
"2079",2005-12-13,16.08
"2080",2005-12-14,16.07
"2081",2005-12-15,16.05
"2082",2005-12-16,15.98
"2083",2005-12-17,15.96
"2084",2005-12-18,15.93
"2085",2005-12-19,15.84
"2086",2005-12-20,15.8
"2087",2005-12-21,15.69
"2088",2005-12-22,15.66
"2089",2005-12-23,15.71
"2090",2005-12-24,15.74
"2091",2005-12-25,15.63
"2092",2005-12-26,15.52
"2093",2005-12-27,15.62
"2094",2005-12-28,15.6
"2095",2005-12-29,15.56
"2096",2005-12-30,15.63
"2097",2005-12-31,15.61
"2098",2006-01-01,15.62
"2099",2006-01-02,15.61
"2100",2006-01-03,15.48
"2101",2006-01-04,15.48
"2102",2006-01-05,15.44
"2103",2006-01-06,15.13
"2104",2006-01-07,15.28
"2105",2006-01-08,15.38
"2106",2006-01-09,15.4
"2107",2006-01-10,15.38
"2108",2006-01-11,15.36
"2109",2006-01-12,15.35
"2110",2006-01-13,15.31
"2111",2006-01-14,14.54
"2112",2006-01-15,15.17
"2113",2006-01-16,15.3
"2114",2006-01-17,15.35
"2115",2006-01-18,15.16
"2116",2006-01-19,15.23
"2117",2006-01-20,15.27
"2118",2006-01-21,15.27
"2119",2006-01-22,15.3
"2120",2006-01-23,15.29
"2121",2006-01-24,15.21
"2122",2006-01-25,15.12
"2123",2006-01-26,15.17
"2124",2006-01-27,15.25
"2125",2006-01-28,15.25
"2126",2006-01-29,15.17
"2127",2006-01-30,15.1
"2128",2006-01-31,15.06
"2129",2006-02-01,15.13
"2130",2006-02-02,15.19
"2131",2006-02-03,15.26
"2132",2006-02-04,15.23
"2133",2006-02-05,15.31
"2134",2006-02-06,15.45
"2135",2006-02-07,15.41
"2136",2006-02-08,15.33
"2137",2006-02-09,15.3
"2138",2006-02-10,15.44
"2139",2006-02-11,15.42
"2140",2006-02-12,15.18
"2141",2006-02-13,15.27
"2142",2006-02-14,15.39
"2143",2006-02-15,15.42
"2144",2006-02-16,15.43
"2145",2006-02-17,15.42
"2146",2006-02-18,15.37
"2147",2006-02-19,15.36
"2148",2006-02-20,15.33
"2149",2006-02-21,15.34
"2150",2006-02-22,15.3
"2151",2006-02-23,15.24
"2152",2006-02-24,15.37
"2153",2006-02-25,15.38
"2154",2006-02-26,15.15
"2155",2006-02-27,15.29
"2156",2006-02-28,15.33
"2157",2006-03-01,15.24
"2158",2006-03-02,15.21
"2159",2006-03-03,15.11
"2160",2006-03-04,15.18
"2161",2006-03-05,15.15
"2162",2006-03-06,15
"2163",2006-03-07,15
"2164",2006-03-08,15.12
"2165",2006-03-09,15.13
"2166",2006-03-10,15.06
"2167",2006-03-11,15.06
"2168",2006-03-12,15.07
"2169",2006-03-13,15.03
"2170",2006-03-14,14.82
"2171",2006-03-15,14.93
"2172",2006-03-16,14.91
"2173",2006-03-17,14.69
"2174",2006-03-18,14.71
"2175",2006-03-19,14.84
"2176",2006-03-20,14.79
"2177",2006-03-21,14.56
"2178",2006-03-22,14.61
"2179",2006-03-23,14.76
"2180",2006-03-24,14.35
"2181",2006-03-25,14.41
"2182",2006-03-26,14.45
"2183",2006-03-27,14.6
"2184",2006-03-28,14.64
"2185",2006-03-29,14.56
"2186",2006-03-30,14.59
"2187",2006-03-31,14.63
"2188",2006-04-01,14.51
"2189",2006-04-02,14.4
"2190",2006-04-03,14.33
"2191",2006-04-04,14.24
"2192",2006-04-05,14.21
"2193",2006-04-06,14.33
"2194",2006-04-07,14.27
"2195",2006-04-08,14.18
"2196",2006-04-09,14.24
"2197",2006-04-10,14.39
"2198",2006-04-11,14.38
"2199",2006-04-12,14.36
"2200",2006-04-13,14.17
"2201",2006-04-14,14.06
"2202",2006-04-15,13.97
"2203",2006-04-16,13.85
"2204",2006-04-17,13.72
"2205",2006-04-18,13.71
"2206",2006-04-19,13.87
"2207",2006-04-20,13.85
"2208",2006-04-21,13.83
"2209",2006-04-22,13.83
"2210",2006-04-23,13.7
"2211",2006-04-24,13.68
"2212",2006-04-25,13.69
"2213",2006-04-26,13.65
"2214",2006-04-27,13.28
"2215",2006-04-28,13.57
"2216",2006-04-29,13.78
"2217",2006-04-30,13.55
"2218",2006-05-01,13.39
"2219",2006-05-02,13.38
"2220",2006-05-03,13.28
"2221",2006-05-04,13.1
"2222",2006-05-05,13.05
"2223",2006-05-06,13.03
"2224",2006-05-07,13.12
"2225",2006-05-08,13.04
"2226",2006-05-09,12.97
"2227",2006-05-10,13.04
"2228",2006-05-11,12.79
"2229",2006-05-12,12.83
"2230",2006-05-13,12.84
"2231",2006-05-14,12.87
"2232",2006-05-15,12.82
"2233",2006-05-16,12.87
"2234",2006-05-17,12.72
"2235",2006-05-18,12.66
"2236",2006-05-19,12.68
"2237",2006-05-20,12.81
"2238",2006-05-21,12.8
"2239",2006-05-22,12.75
"2240",2006-05-23,12.69
"2241",2006-05-24,12.69
"2242",2006-05-25,12.7
"2243",2006-05-26,12.64
"2244",2006-05-27,12.67
"2245",2006-05-28,12.69
"2246",2006-05-29,12.78
"2247",2006-05-30,12.79
"2248",2006-05-31,12.72
"2249",2006-06-01,12.81
"2250",2006-06-02,12.65
"2251",2006-06-03,12.41
"2252",2006-06-04,12.45
"2253",2006-06-05,12.43
"2254",2006-06-06,12.56
"2255",2006-06-07,12.74
"2256",2006-06-08,12.53
"2257",2006-06-09,12.37
"2258",2006-06-10,12.32
"2259",2006-06-11,12.4
"2260",2006-06-12,12.46
"2261",2006-06-13,12.26
"2262",2006-06-14,12.13
"2263",2006-06-15,12.15
"2264",2006-06-16,12.23
"2265",2006-06-17,12.3
"2266",2006-06-18,12.14
"2267",2006-06-19,12.18
"2268",2006-06-20,12.09
"2269",2006-06-21,12.18
"2270",2006-06-22,12.2
"2271",2006-06-23,11.99
"2272",2006-06-24,11.82
"2273",2006-06-25,11.87
"2274",2006-06-26,11.83
"2275",2006-06-27,12
"2276",2006-06-28,11.92
"2277",2006-06-29,11.96
"2278",2006-06-30,12.09
"2279",2006-07-01,12.18
"2280",2006-07-02,12.15
"2281",2006-07-03,12.11
"2282",2006-07-04,12.17
"2283",2006-07-05,12.02
"2284",2006-07-06,12
"2285",2006-07-07,11.91
"2286",2006-07-08,12.02
"2287",2006-07-09,12.14
"2288",2006-07-10,12.23
"2289",2006-07-11,12.2
"2290",2006-07-12,12.38
"2291",2006-07-13,12.41
"2292",2006-07-14,12.37
"2293",2006-07-15,12.34
"2294",2006-07-16,12.23
"2295",2006-07-17,12.18
"2296",2006-07-18,12.16
"2297",2006-07-19,12.16
"2298",2006-07-20,12.2
"2299",2006-07-21,12.27
"2300",2006-07-22,12.13
"2301",2006-07-23,12.08
"2302",2006-07-24,12.21
"2303",2006-07-25,12.27
"2304",2006-07-26,12.24
"2305",2006-07-27,12.29
"2306",2006-07-28,12.32
"2307",2006-07-29,12.29
"2308",2006-07-30,12.27
"2309",2006-07-31,12.26
"2310",2006-08-01,12.3
"2311",2006-08-02,12.25
"2312",2006-08-03,12.12
"2313",2006-08-04,12.1
"2314",2006-08-05,12.16
"2315",2006-08-06,12.34
"2316",2006-08-07,12.32
"2317",2006-08-08,12.24
"2318",2006-08-09,12.15
"2319",2006-08-10,12.03
"2320",2006-08-11,11.9
"2321",2006-08-12,11.85
"2322",2006-08-13,11.82
"2323",2006-08-14,11.92
"2324",2006-08-15,11.96
"2325",2006-08-16,11.95
"2326",2006-08-17,11.97
"2327",2006-08-18,11.99
"2328",2006-08-19,11.95
"2329",2006-08-20,12.04
"2330",2006-08-21,12
"2331",2006-08-22,11.92
"2332",2006-08-23,11.87
"2333",2006-08-24,11.89
"2334",2006-08-25,11.97
"2335",2006-08-26,12.01
"2336",2006-08-27,12.12
"2337",2006-08-28,12.22
"2338",2006-08-29,12.29
"2339",2006-08-30,12.25
"2340",2006-08-31,12.46
"2341",2006-09-01,12.57
"2342",2006-09-02,12.63
"2343",2006-09-03,12.71
"2344",2006-09-04,12.92
"2345",2006-09-05,13.13
"2346",2006-09-06,13.02
"2347",2006-09-07,13.1
"2348",2006-09-08,13.21
"2349",2006-09-09,13.26
"2350",2006-09-10,13.3
"2351",2006-09-11,13.34
"2352",2006-09-12,13.45
"2353",2006-09-13,13.36
"2354",2006-09-14,13.26
"2355",2006-09-15,13.33
"2356",2006-09-16,13.52
"2357",2006-09-17,13.54
"2358",2006-09-18,13.38
"2359",2006-09-19,13.25
"2360",2006-09-20,13.18
"2361",2006-09-21,13.42
"2362",2006-09-22,13.57
"2363",2006-09-23,13.45
"2364",2006-09-24,13.43
"2365",2006-09-25,13.33
"2366",2006-09-26,13.29
"2367",2006-09-27,13.33
"2368",2006-09-28,13.25
"2369",2006-09-29,13.38
"2370",2006-09-30,13.37
"2371",2006-10-01,13.36
"2372",2006-10-02,13.38
"2373",2006-10-03,13.41
"2374",2006-10-04,13.37
"2375",2006-10-05,13.29
"2376",2006-10-06,13.22
"2377",2006-10-07,13.18
"2378",2006-10-08,13.15
"2379",2006-10-09,13.1
"2380",2006-10-10,13.11
"2381",2006-10-11,12.97
"2382",2006-10-12,12.99
"2383",2006-10-13,12.99
"2384",2006-10-14,13.03
"2385",2006-10-15,13.13
"2386",2006-10-16,13.18
"2387",2006-10-17,13.05
"2388",2006-10-18,12.93
"2389",2006-10-19,12.86
"2390",2006-10-20,12.86
"2391",2006-10-21,12.89
"2392",2006-10-22,12.82
"2393",2006-10-23,12.69
"2394",2006-10-24,12.59
"2395",2006-10-25,12.64
"2396",2006-10-26,12.67
"2397",2006-10-27,12.71
"2398",2006-10-28,12.45
"2399",2006-10-29,12.56
"2400",2006-10-30,12.62
"2401",2006-10-31,12.64
"2402",2006-11-01,12.6
"2403",2006-11-02,12.6
"2404",2006-11-03,12.63
"2405",2006-11-04,12.85
"2406",2006-11-05,12.84
"2407",2006-11-06,12.7
"2408",2006-11-07,12.57
"2409",2006-11-08,12.32
"2410",2006-11-09,12.44
"2411",2006-11-10,12.51
"2412",2006-11-11,12.49
"2413",2006-11-12,12.44
"2414",2006-11-13,12.4
"2415",2006-11-14,12.39
"2416",2006-11-15,12.51
"2417",2006-11-16,12.32
"2418",2006-11-17,12.37
"2419",2006-11-18,12.22
"2420",2006-11-19,12.18
"2421",2006-11-20,12
"2422",2006-11-21,12
"2423",2006-11-22,12
"2424",2006-11-23,12.09
"2425",2006-11-24,12.14
"2426",2006-11-25,12.15
"2427",2006-11-26,12.17
"2428",2006-11-27,12.18
"2429",2006-11-28,12.23
"2430",2006-11-29,12.28
"2431",2006-11-30,12.33
"2432",2006-12-01,12.28
"2433",2006-12-02,12.22
"2434",2006-12-03,12.2
"2435",2006-12-04,12.11
"2436",2006-12-05,12.11
"2437",2006-12-06,12.12
"2438",2006-12-07,12.03
"2439",2006-12-08,11.89
"2440",2006-12-09,12.08
"2441",2006-12-10,12.06
"2442",2006-12-11,12.06
"2443",2006-12-12,12.01
"2444",2006-12-13,12.01
"2445",2006-12-14,12.06
"2446",2006-12-15,12.01
"2447",2006-12-16,12.02
"2448",2006-12-17,12.07
"2449",2006-12-18,12.08
"2450",2006-12-19,12.05
"2451",2006-12-20,12.14
"2452",2006-12-21,12.23
"2453",2006-12-22,12.15
"2454",2006-12-23,11.99
"2455",2006-12-24,12.09
"2456",2006-12-25,12.08
"2457",2006-12-26,11.85
"2458",2006-12-27,12
"2459",2006-12-28,12.05
"2460",2006-12-29,12.06
"2461",2006-12-30,12.15
"2462",2006-12-31,12.18
"2463",2007-01-01,12.09
"2464",2007-01-02,12.07
"2465",2007-01-03,12.08
"2466",2007-01-04,12.14
"2467",2007-01-05,12.16
"2468",2007-01-06,12.1
"2469",2007-01-07,12.15
"2470",2007-01-08,11.9
"2471",2007-01-09,11.76
"2472",2007-01-10,11.82
"2473",2007-01-11,11.98
"2474",2007-01-12,12
"2475",2007-01-13,11.96
"2476",2007-01-14,12
"2477",2007-01-15,11.88
"2478",2007-01-16,11.88
"2479",2007-01-17,11.91
"2480",2007-01-18,11.81
"2481",2007-01-19,11.81
"2482",2007-01-20,11.85
"2483",2007-01-21,11.94
"2484",2007-01-22,11.76
"2485",2007-01-23,11.77
"2486",2007-01-24,11.77
"2487",2007-01-25,11.56
"2488",2007-01-26,11.55
"2489",2007-01-27,11.75
"2490",2007-01-28,11.32
"2491",2007-01-29,11.49
"2492",2007-01-30,11.55
"2493",2007-01-31,11.61
"2494",2007-02-01,11.66
"2495",2007-02-02,11.39
"2496",2007-02-03,11.51
"2497",2007-02-04,11.49
"2498",2007-02-05,11.45
"2499",2007-02-06,11.49
"2500",2007-02-07,11.51
"2501",2007-02-08,11.48
"2502",2007-02-09,11.43
"2503",2007-02-10,11.33
"2504",2007-02-11,11.41
"2505",2007-02-12,11.48
"2506",2007-02-13,11.41
"2507",2007-02-14,11.13
"2508",2007-02-15,11.26
"2509",2007-02-16,10.95
"2510",2007-02-17,11.08
"2511",2007-02-18,10.7
"2512",2007-02-19,11.16
"2513",2007-02-20,11.29
"2514",2007-02-21,11.23
"2515",2007-02-22,11.11
"2516",2007-02-23,11.18
"2517",2007-02-24,11.39
"2518",2007-02-25,11.26
"2519",2007-02-26,11.16
"2520",2007-02-27,11.08
"2521",2007-02-28,11.3
"2522",2007-03-01,11.4
"2523",2007-03-02,11.11
"2524",2007-03-03,11.19
"2525",2007-03-04,11.09
"2526",2007-03-05,10.99
"2527",2007-03-06,11.08
"2528",2007-03-07,11.06
"2529",2007-03-08,11.04
"2530",2007-03-09,11.04
"2531",2007-03-10,11
"2532",2007-03-11,11.03
"2533",2007-03-12,11.06
"2534",2007-03-13,11.09
"2535",2007-03-14,11.18
"2536",2007-03-15,11.04
"2537",2007-03-16,10.55
"2538",2007-03-17,10.41
"2539",2007-03-18,10.78
"2540",2007-03-19,10.78
"2541",2007-03-20,10.81
"2542",2007-03-21,10.88
"2543",2007-03-22,10.79
"2544",2007-03-23,10.9
"2545",2007-03-24,10.83
"2546",2007-03-25,10.83
"2547",2007-03-26,10.87
"2548",2007-03-27,10.77
"2549",2007-03-28,10.61
"2550",2007-03-29,10.69
"2551",2007-03-30,10.73
"2552",2007-03-31,10.87
"2553",2007-04-01,10.67
"2554",2007-04-02,10.42
"2555",2007-04-03,10.32
"2556",2007-04-04,10.19
"2557",2007-04-05,10.07
"2558",2007-04-06,9.89
"2559",2007-04-07,9.61
"2560",2007-04-08,9.99
"2561",2007-04-09,10.1
"2562",2007-04-10,10.03
"2563",2007-04-11,10.01
"2564",2007-04-12,9.89
"2565",2007-04-13,10.1
"2566",2007-04-14,10.38
"2567",2007-04-15,9.76
"2568",2007-04-16,9.35
"2569",2007-04-17,9.55
"2570",2007-04-18,9.58
"2571",2007-04-19,9.66
"2572",2007-04-20,9.87
"2573",2007-04-21,10.05
"2574",2007-04-22,10.13
"2575",2007-04-23,10.08
"2576",2007-04-24,10
"2577",2007-04-25,10.06
"2578",2007-04-26,10.01
"2579",2007-04-27,9.69
"2580",2007-04-28,9.49
"2581",2007-04-29,9.65
"2582",2007-04-30,9.8
"2583",2007-05-01,9.73
"2584",2007-05-02,9.66
"2585",2007-05-03,9.57
"2586",2007-05-04,9.59
"2587",2007-05-05,9.66
"2588",2007-05-06,9.56
"2589",2007-05-07,9.68
"2590",2007-05-08,9.37
"2591",2007-05-09,9.3
"2592",2007-05-10,9.29
"2593",2007-05-11,9.27
"2594",2007-05-12,9.32
"2595",2007-05-13,9.35
"2596",2007-05-14,9.62
"2597",2007-05-15,10.12
"2598",2007-05-16,9.7
"2599",2007-05-17,9.46
"2600",2007-05-18,9.37
"2601",2007-05-19,9.69
"2602",2007-05-20,9.68
"2603",2007-05-21,9.65
"2604",2007-05-22,9.82
"2605",2007-05-23,10.03
"2606",2007-05-24,9.93
"2607",2007-05-25,9.76
"2608",2007-05-26,9.67
"2609",2007-05-27,9.59
"2610",2007-05-28,9.6
"2611",2007-05-29,9.6
"2612",2007-05-30,9.72
"2613",2007-05-31,9.63
"2614",2007-06-01,9.67
"2615",2007-06-02,9.58
"2616",2007-06-03,9.34
"2617",2007-06-04,9.33
"2618",2007-06-05,9.33
"2619",2007-06-06,9.38
"2620",2007-06-07,9.41
"2621",2007-06-08,9.42
"2622",2007-06-09,9.41
"2623",2007-06-10,9.4
"2624",2007-06-11,9.41
"2625",2007-06-12,9.76
"2626",2007-06-13,9.65
"2627",2007-06-14,9.59
"2628",2007-06-15,9.52
"2629",2007-06-16,9.49
"2630",2007-06-17,9.48
"2631",2007-06-18,9.44
"2632",2007-06-19,9.43
"2633",2007-06-20,9.43
"2634",2007-06-21,9.7
"2635",2007-06-22,9.46
"2636",2007-06-23,9.41
"2637",2007-06-24,9.42
"2638",2007-06-25,9.44
"2639",2007-06-26,9.54
"2640",2007-06-27,9.52
"2641",2007-06-28,9.49
"2642",2007-06-29,9.52
"2643",2007-06-30,9.48
"2644",2007-07-01,9.44
"2645",2007-07-02,9.46
"2646",2007-07-03,9.61
"2647",2007-07-04,9.54
"2648",2007-07-05,9.8
"2649",2007-07-06,9.74
"2650",2007-07-07,10.07
"2651",2007-07-08,10
"2652",2007-07-09,9.9
"2653",2007-07-10,9.85
"2654",2007-07-11,9.84
"2655",2007-07-12,9.64
"2656",2007-07-13,9.61
"2657",2007-07-14,9.76
"2658",2007-07-15,9.72
"2659",2007-07-16,9.72
"2660",2007-07-17,9.88
"2661",2007-07-18,9.8
"2662",2007-07-19,9.8
"2663",2007-07-20,9.81
"2664",2007-07-21,9.81
"2665",2007-07-22,9.82
"2666",2007-07-23,9.88
"2667",2007-07-24,9.89
"2668",2007-07-25,9.98
"2669",2007-07-26,9.74
"2670",2007-07-27,9.84
"2671",2007-07-28,9.92
"2672",2007-07-29,10.04
"2673",2007-07-30,10.13
"2674",2007-07-31,10.18
"2675",2007-08-01,10.07
"2676",2007-08-02,10.16
"2677",2007-08-03,10.26
"2678",2007-08-04,10.35
"2679",2007-08-05,10.25
"2680",2007-08-06,10.13
"2681",2007-08-07,10.04
"2682",2007-08-08,9.99
"2683",2007-08-09,9.95
"2684",2007-08-10,9.89
"2685",2007-08-11,9.85
"2686",2007-08-12,9.85
"2687",2007-08-13,9.82
"2688",2007-08-14,9.85
"2689",2007-08-15,10.02
"2690",2007-08-16,10.01
"2691",2007-08-17,10.03
"2692",2007-08-18,10.04
"2693",2007-08-19,10.07
"2694",2007-08-20,10.14
"2695",2007-08-21,10.09
"2696",2007-08-22,9.99
"2697",2007-08-23,9.82
"2698",2007-08-24,9.84
"2699",2007-08-25,9.97
"2700",2007-08-26,9.79
"2701",2007-08-27,9.83
"2702",2007-08-28,9.88
"2703",2007-08-29,9.8
"2704",2007-08-30,9.75
"2705",2007-08-31,9.71
"2706",2007-09-01,9.7
"2707",2007-09-02,9.68
"2708",2007-09-03,9.88
"2709",2007-09-04,10.01
"2710",2007-09-05,9.97
"2711",2007-09-06,9.9
"2712",2007-09-07,9.86
"2713",2007-09-08,9.84
"2714",2007-09-09,9.9
"2715",2007-09-10,9.83
"2716",2007-09-11,9.9
"2717",2007-09-12,9.79
"2718",2007-09-13,9.79
"2719",2007-09-14,9.81
"2720",2007-09-15,9.79
"2721",2007-09-16,9.83
"2722",2007-09-17,9.96
"2723",2007-09-18,9.99
"2724",2007-09-19,9.87
"2725",2007-09-20,9.81
"2726",2007-09-21,9.76
"2727",2007-09-22,9.83
"2728",2007-09-23,9.89
"2729",2007-09-24,9.99
"2730",2007-09-25,10.14
"2731",2007-09-26,10.05
"2732",2007-09-27,9.86
"2733",2007-09-28,9.92
"2734",2007-09-29,10.02
"2735",2007-09-30,10.27
"2736",2007-10-01,10.11
"2737",2007-10-02,10.1
"2738",2007-10-03,10.08
"2739",2007-10-04,10.09
"2740",2007-10-05,10.3
"2741",2007-10-06,10.59
"2742",2007-10-07,10.48
"2743",2007-10-08,10.52
"2744",2007-10-09,10.3
"2745",2007-10-10,10.21
"2746",2007-10-11,10.17
"2747",2007-10-12,10.22
"2748",2007-10-13,10.4
"2749",2007-10-14,10.34
"2750",2007-10-15,10.35
"2751",2007-10-16,10.32
"2752",2007-10-17,10.06
"2753",2007-10-18,10.05
"2754",2007-10-19,10.12
"2755",2007-10-20,10.14
"2756",2007-10-21,10.32
"2757",2007-10-22,10.36
"2758",2007-10-23,10.31
"2759",2007-10-24,10.14
"2760",2007-10-25,10.07
"2761",2007-10-26,10.2
"2762",2007-10-27,10.3
"2763",2007-10-28,10.3
"2764",2007-10-29,10.5
"2765",2007-10-30,10.76
"2766",2007-10-31,10.76
"2767",2007-11-01,10.4
"2768",2007-11-02,10.14
"2769",2007-11-03,10.2
"2770",2007-11-04,10.3
"2771",2007-11-05,10.32
"2772",2007-11-06,10.27
"2773",2007-11-07,10.2
"2774",2007-11-08,10.17
"2775",2007-11-09,10.2
"2776",2007-11-10,10.22
"2777",2007-11-11,10.32
"2778",2007-11-12,10.35
"2779",2007-11-13,10.32
"2780",2007-11-14,10.34
"2781",2007-11-15,10.17
"2782",2007-11-16,10.07
"2783",2007-11-17,10.25
"2784",2007-11-18,10.31
"2785",2007-11-19,10.34
"2786",2007-11-20,10.35
"2787",2007-11-21,10.4
"2788",2007-11-22,10.27
"2789",2007-11-23,10.2
"2790",2007-11-24,10.29
"2791",2007-11-25,10.34
"2792",2007-11-26,10.31
"2793",2007-11-27,10.26
"2794",2007-11-28,10.31
"2795",2007-11-29,10.29
"2796",2007-11-30,10.25
"2797",2007-12-01,10.25
"2798",2007-12-02,10.24
"2799",2007-12-03,10.02
"2800",2007-12-04,10.03
"2801",2007-12-05,9.88
"2802",2007-12-06,10.18
"2803",2007-12-07,10.24
"2804",2007-12-08,10.21
"2805",2007-12-09,10.26
"2806",2007-12-10,10.23
"2807",2007-12-11,10.26
"2808",2007-12-12,10.21
"2809",2007-12-13,10.21
"2810",2007-12-14,10.27
"2811",2007-12-15,10.39
"2812",2007-12-16,10
"2813",2007-12-17,10.01
"2814",2007-12-18,10.18
"2815",2007-12-19,10.22
"2816",2007-12-20,10.32
"2817",2007-12-21,10.12
"2818",2007-12-22,10.1
"2819",2007-12-23,10.18
"2820",2007-12-24,10.23
"2821",2007-12-25,10.2
"2822",2007-12-26,10.2
"2823",2007-12-27,10.27
"2824",2007-12-28,10.3
"2825",2007-12-29,10.28
"2826",2007-12-30,10.24
"2827",2007-12-31,10.23
"2828",2008-01-01,10.05
"2829",2008-01-02,9.46
"2830",2008-01-03,9.67
"2831",2008-01-04,9.95
"2832",2008-01-05,10.07
"2833",2008-01-06,10.12
"2834",2008-01-07,10.13
"2835",2008-01-08,10.15
"2836",2008-01-09,10.08
"2837",2008-01-10,10.14
"2838",2008-01-11,10.08
"2839",2008-01-12,10.07
"2840",2008-01-13,10.02
"2841",2008-01-14,9.91
"2842",2008-01-15,9.94
"2843",2008-01-16,10.17
"2844",2008-01-17,10.15
"2845",2008-01-18,10.01
"2846",2008-01-19,10
"2847",2008-01-20,9.85
"2848",2008-01-21,10.24
"2849",2008-01-22,10.19
"2850",2008-01-23,10.04
"2851",2008-01-24,9.98
"2852",2008-01-25,10.14
"2853",2008-01-26,10.07
"2854",2008-01-27,9.97
"2855",2008-01-28,9.96
"2856",2008-01-29,10.03
"2857",2008-01-30,9.98
"2858",2008-01-31,10.11
"2859",2008-02-01,9.96
"2860",2008-02-02,10.02
"2861",2008-02-03,10.04
"2862",2008-02-04,10.08
"2863",2008-02-05,10.2
"2864",2008-02-06,9.98
"2865",2008-02-07,9.84
"2866",2008-02-08,9.83
"2867",2008-02-09,9.94
"2868",2008-02-10,10.05
"2869",2008-02-11,10.13
"2870",2008-02-12,10.16
"2871",2008-02-13,9.97
"2872",2008-02-14,10.07
"2873",2008-02-15,10.15
"2874",2008-02-16,10.19
"2875",2008-02-17,10.29
"2876",2008-02-18,9.98
"2877",2008-02-19,10.03
"2878",2008-02-20,10.21
"2879",2008-02-21,10.25
"2880",2008-02-22,10.06
"2881",2008-02-23,9.89
"2882",2008-02-24,9.9
"2883",2008-02-25,9.97
"2884",2008-02-26,9.87
"2885",2008-02-27,9.65
"2886",2008-02-28,9.9
"2887",2008-02-29,10.12
"2888",2008-03-01,10.1
"2889",2008-03-02,10.19
"2890",2008-03-03,10.24
"2891",2008-03-04,10.1
"2892",2008-03-05,9.89
"2893",2008-03-06,10.13
"2894",2008-03-07,10.58
"2895",2008-03-08,10.01
"2896",2008-03-09,10.13
"2897",2008-03-10,10.25
"2898",2008-03-11,10.19
"2899",2008-03-12,10.25
"2900",2008-03-13,9.97
"2901",2008-03-14,10.05
"2902",2008-03-15,10.02
"2903",2008-03-16,10.05
"2904",2008-03-17,10.71
"2905",2008-03-18,10.8
"2906",2008-03-19,10.42
"2907",2008-03-20,10.09
"2908",2008-03-21,10.37
"2909",2008-03-22,10.23
"2910",2008-03-23,10.32
"2911",2008-03-24,10.15
"2912",2008-03-25,10.26
"2913",2008-03-26,10.3
"2914",2008-03-27,10.33
"2915",2008-03-28,10.38
"2916",2008-03-29,10.32
"2917",2008-03-30,10.32
"2918",2008-03-31,10.56
"2919",2008-04-01,10.44
"2920",2008-04-02,10.38
"2921",2008-04-03,10.54
"2922",2008-04-04,10.6
"2923",2008-04-05,10.38
"2924",2008-04-06,10.38
"2925",2008-04-07,10.83
"2926",2008-04-08,10.7
"2927",2008-04-09,10.71
"2928",2008-04-10,10.69
"2929",2008-04-11,10.68
"2930",2008-04-12,10.47
"2931",2008-04-13,10.34
"2932",2008-04-14,10.13
"2933",2008-04-15,10.11
"2934",2008-04-16,10.25
"2935",2008-04-17,10.4
"2936",2008-04-18,10.51
"2937",2008-04-19,10.48
"2938",2008-04-20,10.3
"2939",2008-04-21,10.21
"2940",2008-04-22,10.31
"2941",2008-04-23,10.29
"2942",2008-04-24,10.48
"2943",2008-04-25,10.54
"2944",2008-04-26,10.51
"2945",2008-04-27,10.52
"2946",2008-04-28,10.23
"2947",2008-04-29,10.23
"2948",2008-04-30,10.33
"2949",2008-05-01,10.54
"2950",2008-05-02,10.53
"2951",2008-05-03,10.31
"2952",2008-05-04,10.15
"2953",2008-05-05,9.93
"2954",2008-05-06,9.97
"2955",2008-05-07,10.15
"2956",2008-05-08,10.07
"2957",2008-05-09,9.83
"2958",2008-05-10,9.83
"2959",2008-05-11,9.68
"2960",2008-05-12,9.5
"2961",2008-05-13,9.91
"2962",2008-05-14,10.27
"2963",2008-05-15,10.18
"2964",2008-05-16,9.83
"2965",2008-05-17,9.55
"2966",2008-05-18,9.5
"2967",2008-05-19,9.5
"2968",2008-05-20,9.51
"2969",2008-05-21,9.44
"2970",2008-05-22,9.56
"2971",2008-05-23,9.74
"2972",2008-05-24,9.63
"2973",2008-05-25,10.02
"2974",2008-05-26,10.25
"2975",2008-05-27,10.02
"2976",2008-05-28,10.01
"2977",2008-05-29,9.87
"2978",2008-05-30,10.02
"2979",2008-05-31,9.86
"2980",2008-06-01,9.74
"2981",2008-06-02,9.59
"2982",2008-06-03,9.56
"2983",2008-06-04,9.65
"2984",2008-06-05,9.85
"2985",2008-06-06,9.9
"2986",2008-06-07,9.83
"2987",2008-06-08,9.73
"2988",2008-06-09,9.6
"2989",2008-06-10,9.54
"2990",2008-06-11,9.55
"2991",2008-06-12,9.57
"2992",2008-06-13,9.59
"2993",2008-06-14,9.57
"2994",2008-06-15,9.53
"2995",2008-06-16,9.49
"2996",2008-06-17,9.47
"2997",2008-06-18,9.49
"2998",2008-06-19,9.53
"2999",2008-06-20,9.57
"3000",2008-06-21,9.7
"3001",2008-06-22,9.69
"3002",2008-06-23,9.97
"3003",2008-06-24,9.75
"3004",2008-06-25,9.79
"3005",2008-06-26,9.98
"3006",2008-06-27,10.26
"3007",2008-06-28,10.14
"3008",2008-06-29,10.17
"3009",2008-06-30,10.27
"3010",2008-07-01,10.25
"3011",2008-07-02,10.24
"3012",2008-07-03,10.56
"3013",2008-07-04,10.57
"3014",2008-07-05,10.34
"3015",2008-07-06,10.32
"3016",2008-07-07,10.56
"3017",2008-07-08,10.83
"3018",2008-07-09,10.7
"3019",2008-07-10,10.55
"3020",2008-07-11,10.36
"3021",2008-07-12,10.22
"3022",2008-07-13,11.05
"3023",2008-07-14,10.99
"3024",2008-07-15,10.9
"3025",2008-07-16,11.49
"3026",2008-07-17,11.9
"3027",2008-07-18,11.58
"3028",2008-07-19,11.28
"3029",2008-07-20,11.3
"3030",2008-07-21,11.24
"3031",2008-07-22,11.39
"3032",2008-07-23,12.1
"3033",2008-07-24,12.22
"3034",2008-07-25,12.14
"3035",2008-07-26,11.97
"3036",2008-07-27,11.85
"3037",2008-07-28,12.02
"3038",2008-07-29,11.84
"3039",2008-07-30,11.9
"3040",2008-07-31,11.5
"3041",2008-08-01,11.44
"3042",2008-08-02,11.4
"3043",2008-08-03,11.57
"3044",2008-08-04,11.55
"3045",2008-08-05,11.56
"3046",2008-08-06,11.56
"3047",2008-08-07,11.53
"3048",2008-08-08,11.67
"3049",2008-08-09,11.61
"3050",2008-08-10,11.48
"3051",2008-08-11,11.52
"3052",2008-08-12,11.27
"3053",2008-08-13,11.24
"3054",2008-08-14,11.24
"3055",2008-08-15,11.37
"3056",2008-08-16,11.34
"3057",2008-08-17,11.44
"3058",2008-08-18,11.73
"3059",2008-08-19,14.21
"3060",2008-08-20,14.65
"3061",2008-08-21,14.53
"3062",2008-08-22,14.64
"3063",2008-08-23,14.83
"3064",2008-08-24,14.82
"3065",2008-08-25,14.82
"3066",2008-08-26,14.81
"3067",2008-08-27,14.42
"3068",2008-08-28,14.8
"3069",2008-08-29,14.93
"3070",2008-08-30,15.09
"3071",2008-08-31,15.25
"3072",2008-09-01,15.01
"3073",2008-09-02,14.93
"3074",2008-09-03,14.91
"3075",2008-09-04,14.85
"3076",2008-09-05,14.73
"3077",2008-09-06,15.18
"3078",2008-09-07,15.2
"3079",2008-09-08,15.35
"3080",2008-09-09,15.53
"3081",2008-09-10,15.39
"3082",2008-09-11,15.27
"3083",2008-09-12,15.2
"3084",2008-09-13,15.16
"3085",2008-09-14,15.14
"3086",2008-09-15,15.11
"3087",2008-09-16,15.1
"3088",2008-09-17,15.11
"3089",2008-09-18,15.11
"3090",2008-09-19,15.09
"3091",2008-09-20,15.02
"3092",2008-09-21,15.01
"3093",2008-09-22,14.97
"3094",2008-09-23,14.97
"3095",2008-09-24,14.95
"3096",2008-09-25,14.88
"3097",2008-09-26,14.88
"3098",2008-09-27,14.85
"3099",2008-09-28,14.87
"3100",2008-09-29,14.86
"3101",2008-09-30,14.9
"3102",2008-10-01,14.89
"3103",2008-10-02,14.94
"3104",2008-10-03,15.04
"3105",2008-10-04,15.14
"3106",2008-10-05,14.96
"3107",2008-10-06,14.97
"3108",2008-10-07,15.1
"3109",2008-10-08,14.96
"3110",2008-10-09,14.94
"3111",2008-10-10,15.2
"3112",2008-10-11,15.17
"3113",2008-10-12,15.18
"3114",2008-10-13,15.21
"3115",2008-10-14,15.24
"3116",2008-10-15,15.07
"3117",2008-10-16,14.97
"3118",2008-10-17,14.91
"3119",2008-10-18,14.85
"3120",2008-10-19,14.87
"3121",2008-10-20,14.9
"3122",2008-10-21,14.89
"3123",2008-10-22,14.9
"3124",2008-10-23,15.06
"3125",2008-10-24,14.92
"3126",2008-10-25,14.78
"3127",2008-10-26,14.81
"3128",2008-10-27,14.73
"3129",2008-10-28,14.51
"3130",2008-10-29,14.64
"3131",2008-10-30,14.68
"3132",2008-10-31,14.7
"3133",2008-11-01,14.7
"3134",2008-11-02,14.69
"3135",2008-11-03,14.66
"3136",2008-11-04,14.56
"3137",2008-11-05,14.55
"3138",2008-11-06,14.61
"3139",2008-11-07,14.61
"3140",2008-11-08,14.58
"3141",2008-11-09,14.53
"3142",2008-11-10,14.52
"3143",2008-11-11,14.55
"3144",2008-11-12,14.57
"3145",2008-11-13,14.59
"3146",2008-11-14,14.57
"3147",2008-11-15,14.44
"3148",2008-11-16,14.26
"3149",2008-11-17,14.31
"3150",2008-11-18,14.3
"3151",2008-11-19,14.26
"3152",2008-11-20,14.3
"3153",2008-11-21,14.31
"3154",2008-11-22,14.29
"3155",2008-11-23,14.28
"3156",2008-11-24,14.27
"3157",2008-11-25,14.23
"3158",2008-11-26,14.19
"3159",2008-11-27,14.2
"3160",2008-11-28,14.19
"3161",2008-11-29,14.18
"3162",2008-11-30,14.18
"3163",2008-12-01,14.17
"3164",2008-12-02,14.08
"3165",2008-12-03,14.14
"3166",2008-12-04,14.16
"3167",2008-12-05,14.13
"3168",2008-12-06,14.07
"3169",2008-12-07,14.05
"3170",2008-12-08,14.09
"3171",2008-12-09,14.11
"3172",2008-12-10,14.1
"3173",2008-12-11,14.07
"3174",2008-12-12,13.94
"3175",2008-12-13,14.02
"3176",2008-12-14,14.16
"3177",2008-12-15,14.1
"3178",2008-12-16,14.11
"3179",2008-12-17,14.09
"3180",2008-12-18,14.09
"3181",2008-12-19,14.08
"3182",2008-12-20,14.05
"3183",2008-12-21,14
"3184",2008-12-22,14.01
"3185",2008-12-23,14.1
"3186",2008-12-24,14.06
"3187",2008-12-25,14.04
"3188",2008-12-26,14.06
"3189",2008-12-27,14.11
"3190",2008-12-28,14.03
"3191",2008-12-29,13.94
"3192",2008-12-30,13.92
"3193",2008-12-31,13.85
"3194",2009-01-01,14.05
"3195",2009-01-02,14
"3196",2009-01-03,13.89
"3197",2009-01-04,13.88
"3198",2009-01-05,13.87
"3199",2009-01-06,13.86
"3200",2009-01-07,13.69
"3201",2009-01-08,13.71
"3202",2009-01-09,13.77
"3203",2009-01-10,13.78
"3204",2009-01-11,13.69
"3205",2009-01-12,13.73
"3206",2009-01-13,13.58
"3207",2009-01-14,13.59
"3208",2009-01-15,13.54
"3209",2009-01-16,13.49
"3210",2009-01-17,13.51
"3211",2009-01-18,13.51
"3212",2009-01-19,13.41
"3213",2009-01-20,13.12
"3214",2009-01-21,13.3
"3215",2009-01-22,13.39
"3216",2009-01-23,13.4
"3217",2009-01-24,13.39
"3218",2009-01-25,13.39
"3219",2009-01-26,13.39
"3220",2009-01-27,13.41
"3221",2009-01-28,13.38
"3222",2009-01-29,13.32
"3223",2009-01-30,13.22
"3224",2009-01-31,13.19
"3225",2009-02-01,13.28
"3226",2009-02-02,13.29
"3227",2009-02-03,12.98
"3228",2009-02-04,12.83
"3229",2009-02-05,13
"3230",2009-02-06,13.09
"3231",2009-02-07,13.14
"3232",2009-02-08,13.13
"3233",2009-02-09,13.15
"3234",2009-02-10,13.17
"3235",2009-02-11,13.15
"3236",2009-02-12,13.07
"3237",2009-02-13,13.07
"3238",2009-02-14,13
"3239",2009-02-15,13.05
"3240",2009-02-16,13
"3241",2009-02-17,13.07
"3242",2009-02-18,13.02
"3243",2009-02-19,12.77
"3244",2009-02-20,12.78
"3245",2009-02-21,12.96
"3246",2009-02-22,12.87
"3247",2009-02-23,12.85
"3248",2009-02-24,12.87
"3249",2009-02-25,12.94
"3250",2009-02-26,12.85
"3251",2009-02-27,12.81
"3252",2009-02-28,12.71
"3253",2009-03-01,12.33
"3254",2009-03-02,12.25
"3255",2009-03-03,12.51
"3256",2009-03-04,12.59
"3257",2009-03-05,12.62
"3258",2009-03-06,12.58
"3259",2009-03-07,12.56
"3260",2009-03-08,12.53
"3261",2009-03-09,12.47
"3262",2009-03-10,12.47
"3263",2009-03-11,12.45
"3264",2009-03-12,12.47
"3265",2009-03-13,12.45
"3266",2009-03-14,12.43
"3267",2009-03-15,12.42
"3268",2009-03-16,12.37
"3269",2009-03-17,12.3
"3270",2009-03-18,12.49
"3271",2009-03-19,12.39
"3272",2009-03-20,12.39
"3273",2009-03-21,12.46
"3274",2009-03-22,12.44
"3275",2009-03-23,12.44
"3276",2009-03-24,12.48
"3277",2009-03-25,12.54
"3278",2009-03-26,12.45
"3279",2009-03-27,12.33
"3280",2009-03-28,12.25
"3281",2009-03-29,12.01
"3282",2009-03-30,12.1
"3283",2009-03-31,12.18
"3284",2009-04-01,12.12
"3285",2009-04-02,12.06
"3286",2009-04-03,11.87
"3287",2009-04-04,12.05
"3288",2009-04-05,12.01
"3289",2009-04-06,11.51
"3290",2009-04-07,11.32
"3291",2009-04-08,11.76
"3292",2009-04-09,11.86
"3293",2009-04-10,11.86
"3294",2009-04-11,11.66
"3295",2009-04-12,11.82
"3296",2009-04-13,11.97
"3297",2009-04-14,11.31
"3298",2009-04-15,11.47
"3299",2009-04-16,11.63
"3300",2009-04-17,11.75
"3301",2009-04-18,11.73
"3302",2009-04-19,11.63
"3303",2009-04-20,11.4
"3304",2009-04-21,11.21
"3305",2009-04-22,11.29
"3306",2009-04-23,11.43
"3307",2009-04-24,11.46
"3308",2009-04-25,11.74
"3309",2009-04-26,11.76
"3310",2009-04-27,11.64
"3311",2009-04-28,11.55
"3312",2009-04-29,11.42
"3313",2009-04-30,11.37
"3314",2009-05-01,11.19
"3315",2009-05-02,11.03
"3316",2009-05-03,11.09
"3317",2009-05-04,11.03
"3318",2009-05-05,10.95
"3319",2009-05-06,10.89
"3320",2009-05-07,10.83
"3321",2009-05-08,10.76
"3322",2009-05-09,10.74
"3323",2009-05-10,10.65
"3324",2009-05-11,10.65
"3325",2009-05-12,10.61
"3326",2009-05-13,10.72
"3327",2009-05-14,10.81
"3328",2009-05-15,10.87
"3329",2009-05-16,10.85
"3330",2009-05-17,10.78
"3331",2009-05-18,10.58
"3332",2009-05-19,10.64
"3333",2009-05-20,10.8
"3334",2009-05-21,11.19
"3335",2009-05-22,11
"3336",2009-05-23,10.97
"3337",2009-05-24,10.8
"3338",2009-05-25,10.81
"3339",2009-05-26,10.96
"3340",2009-05-27,11.1
"3341",2009-05-28,11.19
"3342",2009-05-29,11.19
"3343",2009-05-30,11.12
"3344",2009-05-31,11.24
"3345",2009-06-01,11.28
"3346",2009-06-02,11.32
"3347",2009-06-03,11.39
"3348",2009-06-04,11.52
"3349",2009-06-05,11.52
"3350",2009-06-06,11.56
"3351",2009-06-07,11.61
"3352",2009-06-08,11.67
"3353",2009-06-09,11.71
"3354",2009-06-10,11.76
"3355",2009-06-11,11.75
"3356",2009-06-12,11.7
"3357",2009-06-13,11.71
"3358",2009-06-14,11.74
"3359",2009-06-15,11.72
"3360",2009-06-16,11.74
"3361",2009-06-17,11.89
"3362",2009-06-18,11.92
"3363",2009-06-19,11.97
"3364",2009-06-20,11.94
"3365",2009-06-21,11.74
"3366",2009-06-22,11.6
"3367",2009-06-23,11.84
"3368",2009-06-24,12.03
"3369",2009-06-25,12.04
"3370",2009-06-26,12.07
"3371",2009-06-27,12.09
"3372",2009-06-28,12.04
"3373",2009-06-29,12.12
"3374",2009-06-30,12.3
"3375",2009-07-01,12.55
"3376",2009-07-02,12.79
"3377",2009-07-03,13.15
"3378",2009-07-04,12.99
"3379",2009-07-05,13.03
"3380",2009-07-06,13
"3381",2009-07-07,12.93
"3382",2009-07-08,13.05
"3383",2009-07-09,13.04
"3384",2009-07-10,13.14
"3385",2009-07-11,13.17
"3386",2009-07-12,13.42
"3387",2009-07-13,13.36
"3388",2009-07-14,13.32
"3389",2009-07-15,13.33
"3390",2009-07-16,13.29
"3391",2009-07-17,13.25
"3392",2009-07-18,13.26
"3393",2009-07-19,13.3
"3394",2009-07-20,13.31
"3395",2009-07-21,13.43
"3396",2009-07-22,13.43
"3397",2009-07-23,13.39
"3398",2009-07-24,13.37
"3399",2009-07-25,13.42
"3400",2009-07-26,13.38
"3401",2009-07-27,13.57
"3402",2009-07-28,13.57
"3403",2009-07-29,13.57
"3404",2009-07-30,13.54
"3405",2009-07-31,13.56
"3406",2009-08-01,13.61
"3407",2009-08-02,13.59
"3408",2009-08-03,13.57
"3409",2009-08-04,13.72
"3410",2009-08-05,13.71
"3411",2009-08-06,13.64
"3412",2009-08-07,13.74
"3413",2009-08-08,13.82
"3414",2009-08-09,13.83
"3415",2009-08-10,13.82
"3416",2009-08-11,13.83
"3417",2009-08-12,13.83
"3418",2009-08-13,13.81
"3419",2009-08-14,13.94
"3420",2009-08-15,14.06
"3421",2009-08-16,14.04
"3422",2009-08-17,14.08
"3423",2009-08-18,14.05
"3424",2009-08-19,14.05
"3425",2009-08-20,13.94
"3426",2009-08-21,13.9
"3427",2009-08-22,13.92
"3428",2009-08-23,13.95
"3429",2009-08-24,13.95
"3430",2009-08-25,14.06
"3431",2009-08-26,14.08
"3432",2009-08-27,14.08
"3433",2009-08-28,13.92
"3434",2009-08-29,13.95
"3435",2009-08-30,14.01
"3436",2009-08-31,14.13
"3437",2009-09-01,14.17
"3438",2009-09-02,14.15
"3439",2009-09-03,14.19
"3440",2009-09-04,14.21
"3441",2009-09-05,14.25
"3442",2009-09-06,14.3
"3443",2009-09-07,14.3
"3444",2009-09-08,14.32
"3445",2009-09-09,14.39
"3446",2009-09-10,14.41
"3447",2009-09-11,14.34
"3448",2009-09-12,14.33
"3449",2009-09-13,14.33
"3450",2009-09-14,14.45
"3451",2009-09-15,14.49
"3452",2009-09-16,14.5
"3453",2009-09-17,14.53
"3454",2009-09-18,14.52
"3455",2009-09-19,14.54
"3456",2009-09-20,14.52
"3457",2009-09-21,14.55
"3458",2009-09-22,14.54
"3459",2009-09-23,14.58
"3460",2009-09-24,14.55
"3461",2009-09-25,14.55
"3462",2009-09-26,14.52
"3463",2009-09-27,14.42
"3464",2009-09-28,14.43
"3465",2009-09-29,14.4
"3466",2009-09-30,14.4
"3467",2009-10-01,14.45
"3468",2009-10-02,14.41
"3469",2009-10-03,14.41
"3470",2009-10-04,14.48
"3471",2009-10-05,14.4
"3472",2009-10-06,14.39
"3473",2009-10-07,14.41
"3474",2009-10-08,14.45
"3475",2009-10-09,14.45
"3476",2009-10-10,14.41
"3477",2009-10-11,14.42
"3478",2009-10-12,14.43
"3479",2009-10-13,14.39
"3480",2009-10-14,14.31
"3481",2009-10-15,14.22
"3482",2009-10-16,14.17
"3483",2009-10-17,14.1
"3484",2009-10-18,13.98
"3485",2009-10-19,14.03
"3486",2009-10-20,14.14
"3487",2009-10-21,14.18
"3488",2009-10-22,14.17
"3489",2009-10-23,14.13
"3490",2009-10-24,14.09
"3491",2009-10-25,14
"3492",2009-10-26,14.11
"3493",2009-10-27,14.12
"3494",2009-10-28,14.09
"3495",2009-10-29,14.08
"3496",2009-10-30,14.11
"3497",2009-10-31,14.06
"3498",2009-11-01,13.99
"3499",2009-11-02,13.98
"3500",2009-11-03,13.96
"3501",2009-11-04,13.95
"3502",2009-11-05,13.87
"3503",2009-11-06,13.93
"3504",2009-11-07,14.04
"3505",2009-11-08,14.06
"3506",2009-11-09,14.08
"3507",2009-11-10,13.86
"3508",2009-11-11,13.7
"3509",2009-11-12,13.55
"3510",2009-11-13,13.48
"3511",2009-11-14,13.59
"3512",2009-11-15,13.62
"3513",2009-11-16,13.59
"3514",2009-11-17,13.59
"3515",2009-11-18,13.59
"3516",2009-11-19,13.55
"3517",2009-11-20,13.55
"3518",2009-11-21,13.58
"3519",2009-11-22,13.55
"3520",2009-11-23,13.55
"3521",2009-11-24,13.56
"3522",2009-11-25,13.53
"3523",2009-11-26,13.45
"3524",2009-11-27,13.34
"3525",2009-11-28,13.43
"3526",2009-11-29,13.46
"3527",2009-11-30,13.46
"3528",2009-12-01,13.49
"3529",2009-12-02,13.54
"3530",2009-12-03,13.45
"3531",2009-12-04,13.44
"3532",2009-12-05,13.51
"3533",2009-12-06,13.54
"3534",2009-12-07,13.58
"3535",2009-12-08,13.61
"3536",2009-12-09,13.58
"3537",2009-12-10,13.56
"3538",2009-12-11,13.6
"3539",2009-12-12,13.69
"3540",2009-12-13,13.6
"3541",2009-12-14,13.6
"3542",2009-12-15,13.59
"3543",2009-12-16,13.58
"3544",2009-12-17,13.68
"3545",2009-12-18,13.64
"3546",2009-12-19,13.2
"3547",2009-12-20,13.41
"3548",2009-12-21,13.47
"3549",2009-12-22,13.52
"3550",2009-12-23,13.6
"3551",2009-12-24,13.63
"3552",2009-12-25,13.55
"3553",2009-12-26,13.52
"3554",2009-12-27,13.52
"3555",2009-12-28,13.36
"3556",2009-12-29,13.42
"3557",2009-12-30,13.47
"3558",2009-12-31,13.48
"3559",2010-01-01,13.41
"3560",2010-01-02,13.34
"3561",2010-01-03,13.31
"3562",2010-01-04,13.26
"3563",2010-01-05,13.19
"3564",2010-01-06,13.21
"3565",2010-01-07,13.36
"3566",2010-01-08,13.36
"3567",2010-01-09,13.17
"3568",2010-01-10,12.99
"3569",2010-01-11,13.18
"3570",2010-01-12,13.25
"3571",2010-01-13,13.28
"3572",2010-01-14,13.33
"3573",2010-01-15,13.4
"3574",2010-01-16,13.44
"3575",2010-01-17,13.31
"3576",2010-01-18,13.3
"3577",2010-01-19,13.34
"3578",2010-01-20,13.39
"3579",2010-01-21,13.41
"3580",2010-01-22,13.31
"3581",2010-01-23,13.45
"3582",2010-01-24,13.53
"3583",2010-01-25,13.32
"3584",2010-01-26,13.28
"3585",2010-01-27,13.38
"3586",2010-01-28,13.44
"3587",2010-01-29,13.42
"3588",2010-01-30,13.4
"3589",2010-01-31,13.4
"3590",2010-02-01,13.42
"3591",2010-02-02,13.42
"3592",2010-02-03,13.42
"3593",2010-02-04,13.47
"3594",2010-02-05,13.46
"3595",2010-02-06,13.08
"3596",2010-02-07,13.33
"3597",2010-02-08,13.41
"3598",2010-02-09,13.46
"3599",2010-02-10,13.07
"3600",2010-02-11,13.3
"3601",2010-02-12,13.41
"3602",2010-02-13,12.97
"3603",2010-02-14,13.37
"3604",2010-02-15,13.43
"3605",2010-02-16,13.22
"3606",2010-02-17,13.22
"3607",2010-02-18,13.31
"3608",2010-02-19,13.38
"3609",2010-02-20,13.43
"3610",2010-02-21,13.45
"3611",2010-02-22,13.51
"3612",2010-02-23,13.48
"3613",2010-02-24,13.39
"3614",2010-02-25,13.11
"3615",2010-02-26,13.38
"3616",2010-02-27,13.42
"3617",2010-02-28,13.3
"3618",2010-03-01,13.48
"3619",2010-03-02,13.33
"3620",2010-03-03,13.02
"3621",2010-03-04,13.2
"3622",2010-03-05,13.36
"3623",2010-03-06,13.43
"3624",2010-03-07,13.44
"3625",2010-03-08,13.47
"3626",2010-03-09,13.49
"3627",2010-03-10,13.54
"3628",2010-03-11,13.58
"3629",2010-03-12,14.01
"3630",2010-03-13,13.84
"3631",2010-03-14,13.8
"3632",2010-03-15,13.69
"3633",2010-03-16,13.94
"3634",2010-03-17,13.96
"3635",2010-03-18,13.78
"3636",2010-03-19,14.01
"3637",2010-03-20,14.13
"3638",2010-03-21,14.16
"3639",2010-03-22,14.02
"3640",2010-03-23,14.07
"3641",2010-03-24,14.23
"3642",2010-03-25,14.25
"3643",2010-03-26,14.15
"3644",2010-03-27,14.33
"3645",2010-03-28,14.57
"3646",2010-03-29,15.01
"3647",2010-03-30,14.81
"3648",2010-03-31,14.63
"3649",2010-04-01,14.65
"3650",2010-04-02,14.71
"3651",2010-04-03,14.76
"3652",2010-04-04,14.78
"3653",2010-04-05,14.78
"3654",2010-04-06,14.82
"3655",2010-04-07,14.8
"3656",2010-04-08,14.74
"3657",2010-04-09,14.66
"3658",2010-04-10,14.84
"3659",2010-04-11,14.84
"3660",2010-04-12,14.82
"3661",2010-04-13,14.85
"3662",2010-04-14,15.01
"3663",2010-04-15,14.83
"3664",2010-04-16,14.8
"3665",2010-04-17,14.72
"3666",2010-04-18,14.78
"3667",2010-04-19,14.77
"3668",2010-04-20,14.78
"3669",2010-04-21,14.66
"3670",2010-04-22,14.72
"3671",2010-04-23,14.8
"3672",2010-04-24,14.87
"3673",2010-04-25,14.72
"3674",2010-04-26,14.84
"3675",2010-04-27,14.9
"3676",2010-04-28,14.98
"3677",2010-04-29,15.08
"3678",2010-04-30,15.21
"3679",2010-05-01,15.19
"3680",2010-05-02,15.21
"3681",2010-05-03,15.21
"3682",2010-05-04,15.05
"3683",2010-05-05,14.98
"3684",2010-05-06,15
"3685",2010-05-07,14.99
"3686",2010-05-08,14.88
"3687",2010-05-09,14.94
"3688",2010-05-10,15.07
"3689",2010-05-11,15.07
"3690",2010-05-12,15.03
"3691",2010-05-13,14.89
"3692",2010-05-14,14.87
"3693",2010-05-15,14.76
"3694",2010-05-16,14.68
"3695",2010-05-17,14.58
"3696",2010-05-18,14.55
"3697",2010-05-19,14.5
"3698",2010-05-20,14.57
"3699",2010-05-21,14.59
"3700",2010-05-22,14.59
"3701",2010-05-23,14.52
"3702",2010-05-24,14.46
"3703",2010-05-25,14.4
"3704",2010-05-26,14.34
"3705",2010-05-27,14.32
"3706",2010-05-28,14.31
"3707",2010-05-29,14.4
"3708",2010-05-30,14.42
"3709",2010-05-31,14.45
"3710",2010-06-01,14.58
"3711",2010-06-02,14.56
"3712",2010-06-03,14.56
"3713",2010-06-04,14.49
"3714",2010-06-05,14.52
"3715",2010-06-06,14.55
"3716",2010-06-07,14.51
"3717",2010-06-08,14.62
"3718",2010-06-09,14.63
"3719",2010-06-10,14.51
"3720",2010-06-11,14.51
"3721",2010-06-12,14.49
"3722",2010-06-13,14.41
"3723",2010-06-14,14.3
"3724",2010-06-15,14.27
"3725",2010-06-16,14.25
"3726",2010-06-17,14.17
"3727",2010-06-18,14.13
"3728",2010-06-19,14.17
"3729",2010-06-20,14.19
"3730",2010-06-21,14.25
"3731",2010-06-22,14.29
"3732",2010-06-23,14.26
"3733",2010-06-24,14.17
"3734",2010-06-25,14.09
"3735",2010-06-26,13.99
"3736",2010-06-27,13.92
"3737",2010-06-28,13.97
"3738",2010-06-29,13.9
"3739",2010-06-30,13.82
"3740",2010-07-01,13.81
"3741",2010-07-02,13.87
"3742",2010-07-03,14.01
"3743",2010-07-04,14.05
"3744",2010-07-05,14.22
"3745",2010-07-06,14.48
"3746",2010-07-07,14.45
"3747",2010-07-08,14.33
"3748",2010-07-09,14.28
"3749",2010-07-10,14.27
"3750",2010-07-11,14.2
"3751",2010-07-12,14.24
"3752",2010-07-13,14.28
"3753",2010-07-14,14.3
"3754",2010-07-15,14.27
"3755",2010-07-16,14.32
"3756",2010-07-17,14.3
"3757",2010-07-18,14.29
"3758",2010-07-19,14.26
"3759",2010-07-20,14.26
"3760",2010-07-21,14.18
"3761",2010-07-22,14.05
"3762",2010-07-23,14.11
"3763",2010-07-24,14.06
"3764",2010-07-25,13.95
"3765",2010-07-26,13.91
"3766",2010-07-27,13.85
"3767",2010-07-28,13.78
"3768",2010-07-29,13.76
"3769",2010-07-30,13.68
"3770",2010-07-31,13.67
"3771",2010-08-01,13.68
"3772",2010-08-02,13.68
"3773",2010-08-03,13.68
"3774",2010-08-04,13.67
"3775",2010-08-05,13.65
